10.1257615800428
12.513356715303
7.94698316728093
10.5600625302599
11.9269131219751
11.9804598942751
9.57328863748465
11.3282565319645
10.6865458043309
12.0417768848313
10.6049235445105
7.57554092888313
10.4917723805429
11.325296609785
10.3802499242587
10.0614757847292
9.80551790375881
10.2996040481473
9.80787286559558
8.66626696241968
11.9433453657051
10.0239494404651
10.7973892856851
12.4741583474883
9.87964866748172
10.2364118839372
10.3230775444722
10.7769311867334
9.51280318737913
10.0677798766642
9.66565267732531
8.6500668962979
11.0813265980047
11.8127604443685
13.3168375625285
9.65488844469588
12.549800533075
11.3854327612278
11.6458010919718
10.8498007903053
11.154584526537
12.1457997745283
10.1971360402178
9.99410893613453
12.7535124264041
10.5834357245095
12.932586644432
10.6805560725631
11.1672624220759
12.8407684054422
12.8228066644278
12.2538455383018
11.1906668038143
11.5886482653552
10.014567839325
12.4820403198803
8.77023942143125
11.7439655512103
10.1849627879554
11.9185338083566
10.7404537832631
13.2802783266737
10.642814696376
11.6582532411442
12.3049435291857
10.4755224398782
11.2169364431568
11.9786646563271
11.0456325230052
10.532053488768
6.84367211044699
9.10392053855907
9.25293460989223
8.64576932920798
10.0388564180634
9.21734958223401
9.99181524101524
10.8440306688669
11.0006166700979
11.3423646017751
12.2241217576104
12.9988960083857
10.9286772490179
12.0956768946351
10.8653477503597
8.06618829878705
7.93721789572673
10.6305041757543
9.45104320101256
9.71001263755968
11.1904314403227
10.0183258869487
12.4900144540982
11.3441535757103
10.6493199841251
10.822747460927
12.5757109919575
14.3296706854827
9.95435080426364
12.9494055441416
14.134007523754
13.2989246787448
11.672924343553
12.9623126098542
14.043336776815
13.8643294103345
13.4945779007775
10.9468886604136
10.7824559223266
11.325015997731
10.9328248963789
10.7336384113927
11.344756462473
10.9600898592218
10.9336384113927
11.2234925817565
11.9664152838483
9.63677086815554
13.085743057333
11.9739834354285
13.0542281019258
10.8323053481315
11.5937197488431
11.0780485951774
12.5050998540012
11.0323053481315
10.774873143469
12.3388739662279
13.226382771483
12.0302944670944
13.2227091916754
10.3468364374025
14.3797727465353
12.2212636485413
12.6574808900896
12.6044634583548
13.5442320795856
12.1351991748562
12.8568860856664
12.6680052959973
12.5781542664408
10.2582676624263
14.9476445062062
12.8457910869592
13.3755812027334
14.5894942194257
11.9080672652383
13.7732950952164
10.294284910734
14.6152743797298
11.1944779934638
13.0474312022755
11.9171083008156
11.561055390087
11.9788046005095
10.1359639416209
9.11322643289965
12.1667886818813
11.0402369060703
11.0743524951695
11.9183705145883
9.87794898908418
10.6294262365132
14.3516497675267
13.6055142208304
12.5891877602708
11.2953353621685
11.8232028125622
13.1655486973706
11.9727613904197
9.59167278298886
11.7715912802918
12.9720084933699
10.725838030818
10.3040723654057
10.7112689787678
14.7316606602217
12.6846845749406
11.2905307629602
12.0866570320349
11.7960999422302
10.7437593207774
10.8298530552024
13.2539867067642
14.4362555435176
9.37909188142858
13.0153583270245
14.20999137333
13.5130948922858
12.1932275306962
12.5112855504486
13.5614209620837
13.4402963582016
12.5741827424463
10.0401229449577
9.79135051426435
12.7247445975028
9.94742125544264
9.75754894813356
10.9242529465435
11.0096785778224
9.95754894813356
11.4512922381729
11.895621686934
8.20109913960167
12.421025587006
12.0095301531957
12.8559705238251
10.2619368844122
10.6615240065938
10.8018458113546
11.4017646637449
10.4619368844122
9.8426774012197
11.4066782239786
13.8306426413969
13.0639642486376
14.3592717185476
9.73257425267343
14.8642753494418
12.6712839685791
13.7068003072731
13.2894192445652
13.0291556711604
11.3650824855342
12.9241403043261
12.5974263131403
12.4929083117521
9.69020058221501
14.6775414593793
11.8304373447136
13.2903352480447
14.0939512390255
11.8274032198042
14.7601745995064
9.33969011804985
14.1194885763434
11.2236691147733
12.2773145129536
10.4994997168093
10.790938700765
11.366018308338
9.90556772803736
8.69272291697015
12.2043966730629
10.4259747213412
11.1438713803468
11.9878893997656
9.75444822936453
10.5059254767936
14.4803212905461
13.5574397190908
12.4681004125712
10.4651365004854
11.5319840839363
12.5085488640278
11.570701495925
9.31546999916605
11.9739609099147
12.5488264162154
10.4785130232019
9.58635046083571
9.96772200673514
14.4864974644283
12.2336575155351
10.7597945740418
11.678367621243
12.1451048290607
9.83699360532155
10.6285033369849
13.0450790908831
14.1825942596764
9.54409347016507
12.8044510346793
13.995821159789
13.2989246787448
12.1850300910923
12.2971153369076
13.3130576995379
13.5852276411592
12.3600125289053
10.536631326315
9.78315307466046
12.4540098899108
9.93922381583875
9.74935150852968
11.0453402942432
10.9284365085388
9.94935150852968
11.9478006195302
11.6847143945887
8.63442082074492
12.5789612693406
11.7953599396547
12.7939099385664
10.2098457237985
10.60943284598
10.7936483717507
11.370534482129
10.4098457237985
9.79058624060596
11.3545870633649
13.7685820561382
13.0262815771938
14.1943623204045
9.72437681306955
14.5646298386734
12.4061207406794
13.492630093732
13.2259255969112
12.8050629404673
11.1509122719931
12.8568860856664
12.5661961315243
12.278738098211
10.1427947225355
14.4633712458382
12.0139536957954
13.0761650345036
13.955091363314
11.6132330062631
14.7519771599025
9.309998007871
14.1112911367395
11.344756462473
12.0631442994125
10.9328213979526
10.576768487224
11.4561459042123
10.0778113691189
8.81381026466985
11.9902264595219
10.4177772817373
10.9612076584485
11.8052256778673
9.74625078976064
10.4977280371897
14.4490911089302
13.5001916858596
12.5891877602708
10.6301380892219
11.5237866443324
12.5003514244239
11.5625040563211
9.30727255956216
11.921869749301
12.6035566946229
10.4264218625882
10.0227193417234
10.0888093544348
14.561907584612
12.019487301994
10.6680711386272
11.464197407702
12.0501077678162
10.3335019866789
10.4195957211038
14.0221722069974
15.4318821736487
10.4631946740183
14.063459044877
15.2586097888072
13.9702979464957
13.4478187201105
13.4087181427156
14.9376736070862
13.8540970950692
13.9985630966032
11.3528227179712
11.5360298738223
11.5867764174322
11.2215290796449
11.2883996272791
12.016129730224
11.9640069505864
11.5258199860107
12.5500817647899
12.7335851015225
10.406570079084
14.2035771768889
12.6857829154026
13.6522977380779
11.3870665640179
12.2415472110501
11.8576930803937
12.9951503896773
11.6726343528167
11.422700605676
12.9792029709131
13.3967654868851
12.6544650079408
13.898656555603
11.1004103888982
15.4828842099983
13.3769101766602
14.4634195297128
12.3968557791305
14.3959563623529
12.6899603907426
11.9840811334954
13.5369855675051
13.0514652166934
11.0638434048431
14.7848021672852
12.6867881023304
14.0469544704844
14.5792619041604
12.2371298892472
14.3974656360627
10.7430827295557
14.3974656360627
12.9693723700213
13.7258590879704
12.5574373055008
12.2394832757818
13.1683205333266
11.028719813851
9.93649060701328
12.8785881618554
11.793810857566
11.8336039898139
12.6776220092326
10.6672994720682
11.4187767194972
14.0957249202439
13.1468254971733
13.5003217677844
11.7422773041809
12.4945760803132
13.41621770036
12.4326083713831
10.3913069423534
13.5464856568493
13.8663453236411
11.4047097560908
11.0937857449817
11.5034888898157
15.2110863224401
13.3006672446731
11.8793397414138
12.8155833254015
12.5099547487796
11.1286124197792
11.2147061542042
12.6867040208281
14.528155030927
9.94637456736469
13.10513589809
14.2930007988982
14.0803775782219
11.6259448447601
13.0785682363848
13.8746958224338
13.8048151677634
13.1414654283824
10.6074056308938
10.3586332002005
12.1574619115667
10.5147039413788
10.3248316340697
11.4915356324796
11.3769612637585
10.5248316340697
10.8840095522367
12.4629043728701
8.76838182553778
12.5040350125741
12.5768128391319
12.7580559368146
10.8292195703484
11.2288066925299
11.3691284972907
11.9690473496811
11.0292195703484
10.4099600871558
11.9739609099147
13.7327280543864
12.4966815627015
13.7919890326114
10.2998569386096
14.9561748368512
12.7542933941473
13.139517621337
13.1915046575547
13.3424305315105
11.9323651714703
13.4914229902622
12.9671019953196
13.0601909976882
10.2574832681511
15.2448241453154
12.3977200306497
13.8576179339808
14.4536574965598
12.3946859057403
14.1928919135703
9.90697280398597
14.6867712622795
10.6563864288372
12.8445971988897
11.0667824027454
11.3582213867011
11.4490277339062
10.4728504139735
9.26000560290628
12.771679358999
10.9932574072773
11.7111540662829
12.5551720857017
10.3217309153006
11.0732081627297
14.844840100108
14.1247224050269
12.3701858255606
11.0324191864215
12.0992667698724
13.075831549964
12.1379841818611
9.88275268510216
11.4066782239786
12.8621012765655
11.045795709138
10.1536331467718
10.5350046926713
14.3885828774178
12.8009402014712
11.3270772599779
12.2456503071792
12.5014361797412
10.4042762912577
11.195786022921
14.9814757167054
16.5257631758345
10.9754770942272
15.018698511376
16.2240240423193
14.9357122000079
14.4358809533856
14.5902301335787
15.7731166394391
14.5536988745079
14.8855531457867
12.2662210996155
12.5599252725167
11.7702678036046
12.1925778564338
12.2594484040681
12.7054665066183
12.9191530295107
12.4865284580236
13.1381821122899
13.7300292056998
11.5012623661828
15.474390675539
13.8307821292878
14.8527095481968
12.5705758566312
13.5668695961048
12.8656243962619
14.1945053290005
12.8937193493148
12.7715711549807
14.2051491148952
14.5871667933118
13.3809793151205
14.3033801680663
12.1122270415833
16.6093939616468
14.3842684155517
15.4759833391483
12.6658451717974
15.4983849257257
13.6866571723183
12.4508482061891
14.7718442653365
14.0481619982691
12.2612631660978
15.7388373964612
13.9571414670053
14.9994642278872
14.8875043628488
13.2338266708229
14.7902518960164
11.4452618604567
14.7902518960164
13.6689928227961
14.7563177456643
13.6271502143541
13.2814113517164
14.497840577937
11.8358994970544
10.6434020063369
14.0401550210283
12.8286227171187
12.9788388521035
13.8228568715222
11.7316757641883
12.4831530116174
14.6930149924709
13.7775823817947
13.8547664925891
12.3634529394334
13.4781974993045
14.0626197365484
13.4134969015409
11.390718002314
14.7724318008313
14.8169032337874
12.7390926171669
12.2084941833299
12.2237311652643
15.6101776691676
14.4441134172585
13.2682615568831
13.8876524706678
13.4243986576564
12.008926582987
12.3945153099382
14.3280576607384
15.4546749595091
10.0605961565517
13.9300837189585
15.2211852433093
13.9328734009979
13.4193682920884
13.3896662335427
14.8242432626614
13.8942148048958
13.837005043024
11.4146021123809
11.3860866996839
11.3004453538009
11.3459004423086
11.3455169880559
11.7699240059656
11.856917989489
11.5455169880559
12.6141884904131
12.6154686528466
10.4195673579447
14.4606556115388
12.5997599299949
13.6329225822053
11.6931861189633
12.4546005196749
11.7232987661198
13.159337418318
11.8931861189633
11.6357539143008
13.1997547370597
13.4361960900508
12.2845588641753
13.3865498732907
10.9504672147598
15.5437582209942
13.2944580265581
14.4997143636473
12.1936177847847
14.37690445318
12.8118230134759
12.0296867466987
13.7366763546539
13.2047789698013
11.0768406837037
14.3537273747522
12.4829876897209
13.9966254288772
14.2715629858281
12.3904436423551
14.1750612934798
10.5707645124133
14.1750612934798
12.7231666457629
13.6374311653536
12.6792021209768
12.151055353165
13.3217176270804
10.6025076513675
9.57503787422369
12.7925651764477
11.6438676834276
11.715487541138
12.5595055605567
10.5173562979298
11.2688335453588
14.1410647351759
13.1501302664515
13.2588483119485
11.5456675486987
12.4661256522911
13.3853623351288
12.404157943361
10.2369229539312
13.7670374229958
13.7749671776076
11.6177630647156
11.1294135321803
11.1420361570261
14.7802124383338
13.2110299445512
12.0923930500386
12.7543908088135
12.4766695172873
11.2460546752494
11.5955854899068
13.0445723162321
14.8150405662979
9.91903666025915
13.4346970534824
14.3330285072341
13.5627259221618
12.5372533833405
13.107842555495
14.0301554700607
13.8206430602388
13.4107915985285
10.7085572218977
10.8534806591326
12.1617629093732
9.84169161674776
10.463402079308
10.909225716576
11.1781736526897
10.663402079308
11.2740472184444
12.148994287769
9.0284751351645
13.2917508872767
12.2596398328349
13.6934125438695
10.5470530712436
11.6206067649244
10.9830532791328
12.403598272782
10.7470530712436
10.9095439094512
12.0536216893401
13.9574417934853
13.2151413145409
14.0383441918424
10.3436173318987
14.4381766217599
12.2700061630122
13.365405577906
12.9917510515072
13.7811760284164
11.8588369598096
12.5590676254364
12.4300815538571
12.151513582385
10.6070746157158
14.9216316752032
12.8197782559563
12.9400504568364
14.4229578810203
10.6923743933531
14.557372354457
9.17794870449306
14.2411616129227
12.0437910884482
13.087698410437
11.6499191684753
11.632080126893
12.5506040542081
10.2979738051455
9.03397270069645
12.2103888955484
11.1112616428763
11.1813700944751
12.0253881138939
9.96641322578724
10.7178904732163
14.3231693414295
13.3694573663314
12.1703742980332
11.101958433115
11.4026880114683
12.0965539069894
11.7494458967069
9.52743499558876
12.6209043752762
12.9545190340289
10.4738849473325
10.1841558357978
11.0264111727274
15.0297741023183
12.8017073783484
11.3636167731805
12.347634514619
12.3226707296887
10.5276742165675
10.6024729519421
12.4251161709461
14.8110867401111
10.8801745553294
13.4286819538813
14.327013407633
14.5218025438177
11.8720561103939
13.7690860022548
13.7669745617684
14.2722488051825
13.7760944231648
11.6696951169679
10.8534806591326
11.9714015908069
9.84169161674776
10.463402079308
12.0437910884482
12.0474361999256
10.663402079308
10.8637898843458
13.2835596596412
9.02847513516451
12.81636768875
13.3942052047071
13.2016427477249
11.0164211701692
11.6206067649244
12.117618651005
12.7689010974183
11.2164211701692
10.9095439094512
12.0536216893401
14.2364485738445
13.0247799959746
13.8703523358925
10.8129854308243
15.0973587951054
12.9270664200137
13.365405577906
13.2600221341371
13.5179951201241
11.8588369598096
13.5032716787423
13.3670399219725
13.2860789542572
11.741639987588
15.5808138485488
13.2171034334261
14.0746158287086
14.6127066300883
11.8269397652253
14.4023756428791
9.17794870449306
14.8717437418046
10.909225716576
13.087698410437
11.6499191684753
11.632080126893
12.0772821290957
11.4325391770177
10.1685380725687
13.3449542674207
11.5806297418018
12.3159354663474
13.1599534857661
11.1009785976595
11.8524558450885
15.0870309404514
14.3408953937551
11.9745451240121
11.5713265320405
12.5372533833405
12.5659220059149
12.7105837917772
10.662000367461
11.486339003404
13.1628924609049
11.6084503192047
11.31872120767
11.495779271653
14.7123453118323
13.2710754772739
11.8329848721061
12.8170026135446
13.0257459528004
11.4888121116377
11.5636108470124
