0
0
0
0
0
0
0
0
0
0
0
0
0
0
0
0
0
0
0
0
0
0
0
0
0
0
0
0
0
0
0
0
0
0
0
0
0
0
0
0
0
0
0
0
0
0
0
0
0
0
0
0
0
0
0
0
0
0
0
0
0
0
0
0
0
0
0
0
0
0
0
0
0
0
0
0
0
0
0
5.09514354139203
3.36104420601647
2.49196763133884
4.03795139915698
4.42945970121388
5.15478735840157
6.08568428360559
4.72860277630089
4.97242322730768
6.72563302001429
5.5215989292022
2.87544968948104
2.99324339796247
3.03625897426189
3.7219130797539
5.33899945726865
6.01349285566165
5.07435622183063
3.46772290125789
4.96909711282076
6.20205443343282
2.93444104040898
6.5819386769318
4.17497148559229
3.00219746331539
6.04417175615585
4.14399567349609
3.25425704559896
2.46227986347939
6.48419768873795
6.90022783803266
6.32789616469932
2.06821021466006
3.80245417758904
2.89924052821579
4.30071341417943
2.34875408219959
3.05136946832251
4.06249440552533
5.55563215356005
2.15288838446835
3.06224707990205
6.06631445145874
2.26571252238712
2.78852125161217
2.13296480061345
4.01350860053515
2.74408831590154
4.63165752396403
2.58999144268414
2.46943057177542
2.84962234379769
3.18460859028426
3.93507156614918
4.28543218359746
4.49903471281798
5.3830037153622
5.65336574459492
6.76880372967747
4.83789575579893
1.86229204070921
5.66922099342964
3.81670586740967
2.21763983603297
4.15113761872777
5.42420804520488
2.25730076605215
3.66542483127124
4.85321536115515
3.78014040043414
4.92890502943285
4.57517160268975
4.26597763923709
3.47601882747238
3.30653519395545
4.91992001634395
4.38466586204493
6.12239828243789
4.18082523501033
4.15471010021589
6.83219691334947
7.2470121699895
3.74341779137447
3.27361707335843
3.08368963553936
3.82297947141879
4.25110580011656
6.432892110987
5.15687476993328
2.98253475216358
5.60897852058051
5.75684887437963
3.47448581884885
6.40734613165329
5.61327186785109
1.58335268241687
4.82309666002341
3.67935243065697
3.79345165146138
4.39614520636748
6.41684277227968
7.22789674559189
4.07106944303021
3.44276726532531
6.15851017406016
5.02145218432671
4.13806634509857
1.92000145828032
3.0030096220989
2.49117242201462
4.20916751417918
2.51124793174517
2.21386835636165
5.36604253577617
1.61721581516229
2.50821567357569
3.58735243505942
3.35944023723135
3.32446865381784
2.97508924279515
2.42463184143102
3.61690806227664
3.74902111478945
4.91464246933838
3.50547595897044
4.11365284209347
2.49984265844412
5.24303516399068
5.186767378951
7.09647263723672
2.85869841643108
3.62821001438357
7.13107316004472
4.26949045345373
3.09611021264746
5.49152015911231
3.7607225334871
4.09279720239716
2.53990020059026
2.84423255745988
2.86990229700241
6.19911654337728
4.56663490576614
2.77281579638257
3.77768687906673
1.90200063976684
5.60273814338926
5.2716223245502
6.62955911599408
5.17513342244677
4.66471522519967
5.50208959355423
6.17021830544938
3.88324465255156
4.0296697829022
4.19271598206811
3.54281870801649
4.49988451671663
6.46341761491727
5.85369771423037
3.2355312483791
5.07800582887084
5.86492479897116
3.30788028787715
4.97782563906848
4.42257734868637
2.5933612527618
5.79485070041994
2.39956030459398
3.35782303402528
2.80337680020263
4.39760894690102
4.67042448482823
5.10418168967283
2.76352966105978
5.13201138976333
3.98614828055737
2.07999965544413
3.22405465139212
4.08916160283474
3.47382541225696
5.71721739021978
3.1768128332513
3.64629114204252
4.95576481246461
3.08329228484016
3.71045074855165
4.03459273206151
3.24116128793455
2.58953375370767
2.99848447218291
3.86845818675778
3.60625477401783
3.79217077817315
2.58156880193966
4.46251094886987
3.46109481872186
4.42352459189546
4.74011206799437
4.70198383097373
5.32611254766915
4.85043400058733
4.09936372580874
6.05048678219848
1.51488715778812
3.11937787838633
4.39268227613061
5.34813796147019
3.76169941289595
1.01498880449292
3.91113849673396
2.888275076662
3.7684819003688
5.18150205320375
4.24683927326046
3.24834361672185
2.81957415652137
5.40599753709024
4.67590976317332
6.49338138269508
5.4849787616839
3.75432687846012
5.94371141543865
5.89234679803556
2.62444872754961
3.75179827548839
2.3224664294709
4.89552798965458
5.18952559220482
5.87500720045445
5.18890382448242
3.86183749714098
6.00536872156767
6.20836202062335
2.71946987341434
5.80001707235617
4.00589866123211
2.85272359825156
4.76536286421149
3.93865609976266
4.14809939484064
2.07499187674794
5.6796227452984
6.20952027999692
5.38421598815845
1.02707779236552
5.01278413822697
3.78006378143112
3.20371528321532
1.30952392850201
2.65725487243943
3.55166451605056
5.25907853328673
1.01609725516101
2.30369220237613
6.46042904734182
2.33142029161373
2.49196763133884
2.37871871424115
4.26825456396262
2.99883427932902
4.18293729497052
1.64631126614329
2.52879141193218
4.18550520563197
4.56309208414769
2.79828043684184
3.68875269159838
4.10492011693491
5.75446497238136
5.44607104805669
6.07809617164175
4.3388634604888
2.61279963623745
5.56803011663963
3.05398295295681
3.42024651824162
3.3864595814701
5.03009344932179
2.90617828745462
3.63552674769289
4.70374149609132
4.08850715568791
5.38170750953226
4.89503316252064
2.35250854797635
4.08130443727638
4.13037657092544
4.85360148381132
5.49815078057485
6.53889450877772
5.71256668612622
6.73954905067799
7.79618270652124
7.71824843604247
4.90151634711903
4.20467570452107
5.09192352484702
3.18558777386431
5.25465394682099
7.1848228595666
4.35387963426999
4.6034505158405
4.87705067968578
7.14158912028883
4.22641656742844
7.46889290043482
6.00440057028507
3.54253328492592
7.85234652766812
3.89057027354392
2.47425833788751
5.10035310027359
6.46541761910358
7.0768531989789
4.51055114735843
5.26180784746806
4.41242565951648
4.61401241705874
4.59392491880476
4.68571620187848
3.84472354370539
3.32562800322727
6.30918412176126
3.99505655562403
4.91688288423304
5.28369212676704
4.16463217187117
5.09165808001118
4.34041040427567
1.95173892281625
2.83641206962211
3.30635210341442
4.72942425088007
4.95331274565276
3.78286968772898
3.78362945835038
5.45975929944495
5.77176102107573
4.81346662926281
4.83899790016893
5.53423010138602
7.30769048012366
5.68443683615876
2.47813329764026
7.31817753473508
4.11844690684075
4.61255234461335
6.3727704396814
5.61281488692525
4.48369675937166
3.02963052857703
5.07650023690782
2.01548597112978
5.10492731298262
4.26451923590928
3.93955441839255
3.19537203430786
3.90876220462482
4.41525398128432
4.3069645327595
5.61773224737827
3.67128771360388
4.60272010099894
6.87577545841972
6.74234613492987
3.663705463636
2.76895103829879
3.36438024212829
3.39117990335056
3.64887878944717
6.15023431936944
4.75956910916122
2.47299723075714
5.17717895251228
5.4762020812151
3.19182802723128
6.45092467672355
5.28251614526628
0.981125671747499
5.42532367069278
3.20006876626987
3.36165208339315
3.92222285493214
6.50041249141989
6.74861308120479
4.60765760103491
3.36305493758685
5.77829140683284
4.69502896348218
4.24554947866185
2.29644870820022
3.08657934123911
2.57474214115484
4.29273723331939
2.88769518166509
2.81609536703102
4.95747993775448
1.70078553430249
2.5917853927159
3.2629993765017
2.75721322656199
2.72224164314846
3.00099832525399
2.96121999943572
3.08031990427194
3.30509227474624
4.48284290127014
3.99059610150908
3.51142583142409
2.58341237758433
4.89713471248878
4.71538012145353
6.61718897284961
3.46092542710046
3.24799124715625
6.72915065203114
3.79020678906663
2.58657269124102
4.9549320011076
3.84429225262731
3.70849727443001
1.93767318992088
2.24200554679048
2.36036477559598
5.76731697530904
4.28240384632361
3.50306956670115
3.81823369948076
3.82157804987515
4.3565360934943
4.41754742169967
5.74692739217343
5.36312556230532
5.73552831468427
7.85636925849752
6.65326337163286
4.48790501633299
3.7507227881643
4.76037034020737
4.04686796619148
5.97243940013709
6.09547706136795
5.26405767739887
3.0038222323109
5.31348009031678
6.44139654691516
3.19293647789939
7.10422867071494
5.24142824740503
2.8006454446121
6.72730317259829
4.38047909356318
3.82036599783474
4.29067588856127
6.13645094625488
7.18360650424217
6.11300974748038
4.52577819694243
3.8942921953142
3.63688913239554
4.33169315104144
4.0014177524289
4.1059008451556
3.30339145556649
5.65343154458225
3.15955861157119
4.31390560217658
5.57662679838697
3.52030530716711
4.41115872570307
3.43317221695359
3.72269736445966
3.82025834006941
3.66693662615204
3.93674779748955
4.47296650978132
2.59733708559066
3.46791828119879
5.21922119407729
4.77577916490544
4.23272051716044
5.3289067201882
6.0241389214053
7.41444378538693
5.3430345921613
1.95497304169383
6.30384156312137
4.28106592077361
3.06153198412519
5.79241216723373
5.707350700349
4.00335052350022
3.31169600378117
4.21083403842461
2.30842064274971
4.78921613583103
4.4154739898168
3.52310418698534
3.54981024576989
2.36182300487653
4.79884981244692
4.48451015335409
6.37656237242254
4.69853489759084
4.87782669720329
5.57453045888926
6.27948295137777
3.88324465255156
3.37694236790919
3.83045459256817
3.11982012350015
3.69599618577429
6.21042087134572
5.16414651864402
2.448419077183
4.61818346376115
6.29962705380614
3.30788028787716
4.72482889549692
4.63367782223697
1.8062490815657
5.86729156575498
2.7268501106804
2.66827183843893
3.49107579860917
4.60443456843916
5.52997752135937
4.30230435718352
3.08896726996637
4.99762663356023
4.21402491385421
2.40543726435071
2.43879467737583
3.5339951634515
3.57138638786672
5.25739502511009
2.5240854182583
2.85917897084642
4.26621361687826
2.62346991973046
2.92519077453537
2.92204295195883
2.58953375370768
2.22727236420774
2.34575705718991
2.7559084066551
3.24399338451789
3.79217077817315
2.8094454352365
3.61084762934917
3.78653242762845
4.09623478580904
3.83866276144227
4.24216146586404
5.39855341300419
4.4881726110874
2.98681394570605
6.15080207914507
2.62743693789081
2.65955551327664
4.7181198850372
5.19697704552085
3.76169941289595
1.11254978010268
3.10725016579162
1.87328627216907
4.09391950927539
