8.98900505077796
8.76347373367012
7.8849658374232
8.55321063204337
8.78618110186748
8.47512973690499
7.83449705906467
8.79625001058823
7.17733641033298
7.45272034659387
8.13541015580169
7.7023513003726
8.85336800681231
8.00814014039864
7.06713731729921
7.70314765560501
7.18242591539418
7.95922894856341
7.12884040696011
8.34137558955885
8.58100815742805
8.03595854106537
8.41382216822821
7.47886300508658
8.77927506433543
8.11863269707425
8.53009980890909
8.2144601262248
8.78436456939663
8.78106498210524
8.89663690784587
8.29983376773794
8.46050163913022
8.00139011337448
8.20293729135129
7.01482087181729
7.06923387013631
8.58396822486959
7.06923387013631
8.89967017685896
7.61468841559086
8.47515821344665
9.15525256751578
8.34380880998698
8.64922585848046
8.97393328799918
8.98692262322604
8.39099254645851
8.96799928368567
7.63070107693565
8.46050163913022
8.8328605727695
8.88289271813152
8.70365586616684
5.19095649788453
4.85222976045634
5.51153706883608
4.05540711631654
4.61013237116354
4.27280852281951
5.17213832701838
3.11038352245282
4.11077517559403
5.15319582735119
3.97018407039298
4.719833410356
4.26477273084836
2.72207956247811
4.6235308800583
3.71963207710361
2.21108601386516
4.77922320741067
3.22820784203757
4.28283049184745
3.22060506044748
3.6913605992552
4.19941584637553
1.81674914076594
4.34990675885277
2.03677034130206
3.40480157467133
2.59120601701699
4.89700397929279
5.06628014637455
4.17611272978279
4.95687381804095
3.40366430859226
4.16315553709627
4.27753804414369
4.49542817794168
2.84895108022047
4.98470588454053
4.91213258018165
3.82185269601011
3.9495720878764
3.63302233099513
4.42272804577934
5.8082652946558
4.51305690765193
2.9553691705177
5.50138088972211
4.55134346754534
4.74822298287455
5.69722285733885
3.19691712131297
3.23224417676123
4.55133942882837
2.44670281515486
3.29849818621488
2.57353273109761
4.67690401091061
3.86406432670427
3.9094417778961
3.23109571938841
4.16208523995902
4.70492047614072
3.84876573677352
3.79777078814804
3.5047817140999
4.12951541777696
4.2844910483463
4.10539890104013
3.74388307965181
3.33695196192846
4.17099714977581
3.33818867450863
3.77585394767409
0.713236459679955
3.37529954433997
5.15726491149963
2.42846744624619
5.3646861217306
4.19165307301091
4.39187397933074
4.5741929424148
6.29002716670972
5.400265817899
4.6878208637836
4.13457006549864
4.62337130283006
4.61889193609209
4.28356690537872
5.83508465542975
5.30638360926047
5.6493372367984
3.25951633360741
4.50301436374737
4.7541532689149
5.61845219219196
5.33268359790919
3.00626850104993
6.20099741559446
5.5858158547546
5.99849277464574
4.4623547820881
4.54364149571847
4.28065013549906
5.06692287991634
4.29283195761667
3.75110883819303
3.71403753385955
5.81510460805006
4.06473157769188
4.9622348816132
4.39715812120731
4.70091085507155
5.32592568362993
4.43357100149038
3.71369138965566
3.99475422739765
4.75845995349301
6.16999719105833
5.20251725441031
3.31710106692022
6.02105661741184
5.24495069010123
4.93789606994658
6.54450270658337
3.53264902902665
3.75191990445096
5.4027661538704
3.1921238802689
3.06261748799414
2.7152914869214
5.01263591862429
4.71134417594879
4.24517368560978
3.3728544752122
5.00936508920354
5.118713579589
4.68409007851813
4.13350269586172
4.35620843914193
3.33014989978069
4.15981486367317
4.10539890104013
4.1176948123553
3.94867026740872
4.86460437233169
3.72110838122425
4.57521946567037
1.75050855045299
5.1529427531274
3.88263072294934
4.87917091831338
2.76987886482713
4.61051914741386
4.13157144532429
5.48101517944203
2.59001142379424
3.39792549216438
6.24928765354793
4.5497959281314
6.01372610978367
6.55291379116106
3.13233576279704
4.0165638208701
5.47990191454319
3.97135585130474
4.74360952327757
4.03421068933688
4.61232265239468
3.45555955020187
1.85646871691347
3.30562306547799
4.2431297531682
4.29667424940765
4.29573231978843
3.73318942963211
4.43334419981471
4.14815383547975
3.63144608087339
4.35061256068204
4.68152285412681
3.86197974067797
2.82280431934541
3.3643123154451
4.23212598697063
2.24688628929537
4.48939231848939
3.84024310684289
3.99189011860997
5.20329812878274
3.873719695417
3.49657823862574
4.88467576867834
3.98891066188283
4.21934434072072
4.25383077472513
3.11829095938329
5.04126964544077
4.05273741465661
4.76819350031899
4.68023366379466
5.31419224096287
4.53017622894973
4.52460126001944
5.48730388957292
5.23877986385517
3.1755769315413
5.10407373316951
3.27732156719552
5.03484343439928
5.26709602133723
3.13777909496151
4.38349655725283
4.55145012742087
4.82861095731296
4.34173091273648
5.84060630321776
4.51225962912123
4.00073892676785
3.75890627860169
4.60208150670032
4.43484378766426
3.54506926914287
5.78360355827486
4.32894896666906
4.44260759385687
3.31056460337516
5.24898858426372
3.6349434564642
5.55599979651636
2.51900771708129
3.47291010923872
6.03254428064981
4.81847617927423
6.21472789047592
5.2910896957875
3.42714033142975
3.79982044797198
4.35600885365238
3.97443242996501
5.2842952618256
3.85140026563106
4.9071272210274
3.32070509437938
2.15127328554619
3.12281264177217
3.62190594041066
4.93514368625751
4.4065930684451
4.59147881804036
3.30945113892391
4.68883957402778
4.48973546928164
4.27973318277015
4.84639984563459
3.988901235997
4.17464511795349
4.00278175229497
3.71963207710362
2.24996286795564
2.88130574450825
4.05614207161706
2.16041400898308
5.51867790287571
3.61010122505
4.74347180805135
4.68327414157609
5.50261715621336
5.18427358768165
4.17576957899053
3.02780695478178
4.29576718127526
4.71527641482442
4.48930073911311
5.46114859392519
5.5119931141938
4.72797710218065
3.55937210973874
4.70081523697829
4.47028774259156
4.74915326461998
5.53841743164358
3.34993336926708
5.89518330779801
5.36982362453725
4.79748448635652
4.19860140964283
4.7492510006518
4.85226274143348
4.70123893337173
4.62856386533036
3.15747715393115
2.83063289543057
4.41214857073241
3.51918019011438
4.92415505662338
3.50562569661945
3.52285176001838
4.20981469830569
3.14562489271036
5.98055130300837
3.5041481039542
4.55347956652284
5.22834063689549
5.56248699496152
5.07832046658585
4.11589974024237
2.94974575904719
4.80336307266401
4.52943104909342
4.48930073911311
5.40127875517703
5.6978384799248
4.91382246791166
4.02124550987139
5.20841112836704
4.47028774259156
4.56330789888897
5.53841743164358
3.85752926065582
5.709337942067
5.0261587563201
3.99811896836025
4.19860140964283
4.93509636638281
5.58761154488408
5.1189840869621
5.56171354201188
3.95684267192742
3.81584377915785
4.75581343894957
4.08664592025129
5.16003575484413
3.9273517605712
3.37852931202057
3.71586146619178
4.67553348870491
4.13316338595465
4.62052891901025
3.57012180000661
5.7748199805074
4.25913891293749
2.94765150017503
4.84043383018466
5.41325829932584
5.68771367942918
6.54701600511545
3.45525841602068
3.41627895809702
4.68493065538493
5.10865149825037
4.24187652768771
2.93948139973979
4.53753422481784
4.57277482214701
3.7235214080887
1.62103150195026
5.11507944392541
3.204069207444
4.9422781842055
4.78537064160634
4.73818023181998
2.89281944978478
2.74809272087762
4.16976704385796
3.93410351427706
3.05184250965053
3.48997736985675
3.54618607071656
2.35741785311333
3.10942730258809
6.09337899671857
3.67556094099052
4.35051657613294
4.449131154466
3.90696273159663
3.52982127480536
4.98721514435563
3.23474368756609
3.97277325779274
4.63438084199379
3.78526088773023
4.97421798886991
5.04500578740553
4.69336207226501
3.82194427538641
3.3059381718993
4.28360514602173
3.9461259907188
5.24073280664493
5.1639195755819
2.50727978466155
4.34990675885277
3.9222829088554
3.56483574051076
3.81584402973094
1.83951105594701
4.28478635281933
4.47661869936689
3.2167201787996
3.67343376585674
5.15405656968351
4.54550266530084
4.51374702781462
1.53529719460807
4.54550266530084
2.21123470367063
3.29849818621488
5.67554226375192
3.06106948808231
4.82006539195665
3.41865475811737
2.83079270421118
2.91532982189714
5.64172960464369
3.62040768149038
3.74388307965181
5.35682243033455
4.49069040177468
5.50288125097619
5.19478908310906
3.69597977286046
3.08538770900238
4.36091052505034
4.803974656533
4.37464774909494
4.86682949456514
3.31925742693283
2.6570630803651
2.50524461020371
3.54837959677563
5.17361719093908
1.84403365373522
3.8660376599657
2.44012420417027
4.99698820987814
2.04037978746473
2.51534596117638
3.93287340835922
3.84690159510557
4.37157753815806
1.85806065754382
4.58829882010864
2.97163178820014
3.15632869655833
3.35443530510502
5.02044455032669
3.61041846303026
5.53206344920978
4.24854663284854
3.9193505706634
2.99453947500455
6.05142002244303
5.91912604331248
2.80561753061328
1.20195425662541
2.566228265508
3.42916348687988
2.63607009570742
5.92604606653794
3.73959620634016
4.26757782642546
3.45231505337178
4.14461615894587
2.49493815376334
4.71040710705393
4.37277213138082
3.79099032373436
4.26014737279617
3.46835949542683
3.13951486151383
1.58778846577066
4.20029070375868
5.01151228275377
5.17809212455225
4.28372840022623
4.70117070396741
3.23544677028945
3.6877986479683
5.37292502469981
4.41974941421872
4.42442197222631
3.80408309731335
2.95840349452636
3.50033036344911
4.41695841542363
4.57640067246796
3.15632869655833
5.03146771969898
3.27392802921021
2.90352325363274
4.60455313196392
4.3759862085528
5.4039186499602
5.70754478757334
3.04146531257241
3.18039825987628
3.91765647737956
4.23537166031701
4.52567155715669
3.08124015556358
4.12374112136956
3.7333036046049
3.30972830464042
1.76279025777406
4.2756082263833
3.13488670510699
4.47661869936689
4.37157753815806
3.86490039388663
2.89281944978478
3.68538927335666
3.74421325856518
2.99680696179803
1.87663938439473
2.45270527908371
2.80283380990814
1.83774212542362
2.35184500212161
4.44638025550424
3.3167812944472
3.94868322996941
4.14815383547975
2.6687593569857
2.75329647467167
4.69425068074195
4.34990675885277
3.01438400228942
4.73937872756713
3.54321147787293
4.88543754820877
5.42462522958618
2.96648069549807
3.81488678636477
4.91633576644374
4.0744755791706
3.36533455262494
4.13733041720275
3.63101135070485
3.38656215772748
3.23474368756609
1.92734809482537
5.05583641905695
3.16962328153266
3.74825688808357
2.57353273109761
4.26748913251575
3.66141128941499
3.24484503853877
4.6623724857216
3.68486824788009
2.96887244752013
2.63181231024956
3.85879974274625
3.74538344090588
2.42682961919594
5.43871134741018
3.80435125203637
4.81121107355145
3.93242339985964
3.80800013058063
3.43085867378936
5.44790964177414
2.71803593295974
3.22376139149768
5.20314980364591
4.24595538514875
5.54298695052203
5.00205644357738
3.44556608195694
3.71431268679985
4.60458184267172
3.50530677110849
4.45888169518307
4.46243443173167
5.254754390439
1.71470996108968
3.83319900424641
3.21160200235915
4.00997397655802
4.55748562304606
1.89226713943994
4.37562116767644
3.3059381718993
4.00929000237147
2.88086394228486
4.56846031927588
4.44654006428485
3.99286353719146
2.9395853236602
3.1412145362487
3.61552283272277
2.57914829214807
4.77617234724237
3.42273088763048
3.9908525708975
3.92625064950611
4.09979861740744
3.43085867378936
5.15611115494733
2.81709011335202
3.52403404023963
5.36096930613206
3.0199315652054
5.30508037774527
5.47875007801419
2.96887244752013
3.872132189286
4.79042720840273
3.6911521368395
4.45270894482954
3.98574079729486
4.77806075600219
2.19140359552648
3.35650536980961
2.73490836792235
4.48666761099483
4.46241235301517
3.11829095938329
3.89892753323963
3.4917835376303
3.7296418487
2.93707202512812
3.68886601760524
3.96494416158495
3.1725050345375
2.68179028288005
2.8494160494219
3.42967746699176
2.10245465771127
