2.74759279029584
3.81949781894512
4.60201607486816
2.50087403069483
3.03288409031076
2.04702072858594
4.29070611277361
1.91525849892157
2.84564442790942
3.08385884588702
1.80390773686543
3.64609523889006
2.36351225316444
3.68637692510375
5.17469314912051
1.68830567117136
3.37860095670277
2.52408701775101
3.5801333736884
3.14866147073849
3.41832150216175
2.27916523690952
2.47172062690127
1.74131800353601
4.98918836716004
3.53774936806621
4.73633105962641
2.71860802114412
2.86656799414611
2.04433504636508
5.27899839270907
1.59583521177234
3.93932959501999
2.9559220690914
4.80181729864861
3.99611191106629
4.25163004518719
4.41327208649173
4.48034576044714
3.73037902825857
3.48978234429081
3.83837234875081
3.662042776923
2.12671455998005
3.53802635359729
2.37763222725419
3.27331139981041
2.53110897961767
3.64873063803884
4.44576630550203
4.27724529177248
2.09364086195155
2.23929655854733
2.36351225316444
3.8481887966304
2.1361575016181
3.76490260079381
2.33406817145121
3.56826962443166
4.58692525024695
3.3215776684232
4.36298080724334
2.04923362010796
5.48470922937434
5.36186005738966
2.11932086802281
2.3589930296699
2.63624202823966
3.7870663067457
2.75046229289139
4.80972254454721
4.29070611277361
3.44844132434466
4.30303632445556
3.76579988255468
4.11885936539993
3.66452915073999
3.99974152738157
3.83176174775635
3.84467301274162
3.92641051319757
2.48970784319784
2.40848288942587
3.15798928563659
2.62659739074492
3.7870663067457
3.17939834741113
4.67319958205866
4.11921583423512
2.83633304522324
2.32358034791584
3.45893168211916
3.82899093898933
2.18669477751048
3.76719834414262
3.94902081585585
3.40343297593754
5.02109619718534
4.57507141906487
5.81275968780993
4.59590062609463
5.32753814765546
5.57181503459574
4.39002303573086
5.56013000943354
5.09853635332895
4.69221770472558
4.66972055936113
6.05734651784075
5.22716403353504
4.70467202324366
5.24385954138805
5.15082081890196
5.56690251615822
4.62523863619465
3.17049581467534
6.52384220983242
4.46012087009915
4.8281490440003
5.08869481762173
5.39658142101677
4.81386452724206
5.63853273996112
4.2185397139344
5.33879758246503
4.82500480636715
6.57866582241126
3.66347519311067
4.86571441690677
2.85739185465287
5.40552508310276
4.98534055348949
6.37020916773832
4.34048732977999
5.76605285132062
3.85755304969594
6.28451007941079
5.14693822692705
4.75310805870506
5.87247256076191
4.3853139907821
5.1613787265346
5.34630605358076
6.24156008678501
2.81550392789337
5.19067096088216
5.38806535642161
4.98273256758018
4.68331801209084
5.40850797048763
3.65418491581178
6.08963027067542
4.19736813524034
4.63956137682351
3.96491434111467
4.62523863619465
4.02235355005185
5.0226195121669
5.61761005843436
5.28823567425644
5.31195036547553
6.26769791772625
5.18311382207866
5.45457816223805
4.79053330108038
6.56373158929315
6.23921847165415
4.95281708198634
5.09192481501111
4.85658990809425
3.76335533269899
4.5876477420497
4.03856048067533
5.43915106327487
5.02171497560276
5.15493159204419
5.5385052742943
4.57172390860629
4.37665841073021
5.98867436971271
4.63728077764421
5.9977606193126
5.5528791836482
5.50135159736466
5.44520222685925
4.67551941667483
4.77416340639984
4.02799192384532
3.59876584255992
4.30469893798903
6.34498699798138
5.1344936989409
4.61382765927752
5.44553140319401
5.15137141221444
4.48849141631586
5.53262902102909
4.60396792139756
3.29858659084554
5.1904028570212
4.55805153231143
5.72171379377765
5.27081888088157
4.89226416878656
4.43683759065957
5.44042584285257
5.04247383591781
4.87695455079626
5.41749669063257
4.72121587024305
5.74009396427047
4.82528510025563
3.78741648966353
6.68542599417654
4.36048006969865
5.00043157155292
5.10928344140667
5.56886394856935
5.06385969148036
5.53186607901122
4.83546038892259
5.49065127544166
4.14390536433113
6.65288254003843
3.73027948887055
5.01871883192112
2.32482162148982
4.97592013444386
4.60392837591492
6.4153228538763
4.05941158999407
5.14913217633243
3.17645360765991
6.53514430433312
5.65433010635745
5.37002873369323
5.75260057846739
4.48361525125273
5.33366125408722
5.16161585596352
5.86014790921044
3.43242460288155
4.57375028589398
5.28842455602111
4.74984959887863
4.99637546255888
5.65035782840321
3.42130194711019
6.28967673473639
4.51916741021041
4.48439104480763
3.84504235882014
4.82528510025563
4.27059278519717
4.75073613015014
5.70165383235692
4.98453613336758
4.87962185500164
6.42974523228417
4.8017016445041
5.654624626299
3.8946634375897
6.63707662000723
6.34303941508985
4.85317628158583
4.58801512642998
4.53546818576261
3.27166965946917
4.08373805346856
4.18438410621862
5.20626809457331
4.6793032113434
5.77185226703237
4.92158459930611
3.83305042270898
4.99357908571839
5.75579140101115
4.13337108906308
5.76487765061103
5.3330685064628
5.26846862866308
5.11198282036901
4.40363603465811
4.54128043769829
3.77181474802911
3.51704092944682
4.92161961297723
5.721279037169
4.45339425690489
4.08125742611449
5.06411922561945
5.05173061181394
4.35857373211842
5.64372477765784
4.14484310713731
3.49863305490649
5.57950183492795
4.59344972183552
5.49019660449827
5.00844771678328
5.28618893945194
5.20765211724704
6.02509886209046
5.6928689437031
4.50459133927189
4.96148716716147
6.04880403757986
4.97871509835764
5.3663369858639
3.88757963637091
5.67711227459853
5.58976259265642
4.86172248907324
4.03162439051996
4.58510609877938
5.22828083102056
5.12504834014588
5.00137484993098
6.04928229486019
5.47421781470176
5.5967225680702
4.75129098705676
4.2176306325854
4.09022418995633
6.32642881227565
5.19150858697074
5.55287104343822
5.43066866101413
5.68011812858663
4.65074308764733
6.1826358148083
6.36519390735135
5.52104817925822
6.29869131009724
3.25955553945417
4.72393517678028
6.10021133539129
6.49203597922092
3.83572173319004
5.60049260893865
6.5246603801702
5.439925342927
5.37056988624921
5.89563592509023
3.91769668812894
6.14721739653941
5.05704439265335
5.72770978079677
4.97534366742501
5.43359443429987
4.87172301670832
5.27741487474859
5.4131974459976
5.82544994465737
6.11656503446137
5.65206818040361
5.38690198591683
5.61795912924999
5.57738935495567
6.39226295339682
4.96479543751906
5.9930875810316
5.92793373116794
5.49416044482989
4.49516790890489
5.08143379289427
2.89773090005842
5.29155083899408
5.62122789000798
5.92378916559389
5.44878662608876
5.02336566028632
5.34374440323635
6.07658264284555
4.9225326265027
5.70747350179039
5.87234357174604
5.73695176741706
5.8567075770835
5.17692812134162
5.07357716102176
4.75980450005123
4.81407062645812
4.89924240692821
6.376503332485
6.00056368287682
5.30159632834237
5.89743656570714
6.07536102005016
5.55769003942179
4.77634065757331
4.89880367734904
3.95772654241134
5.1904028570212
4.82104059761528
6.06978911203653
5.27474259566448
5.2642491964138
4.43683759065957
5.53728751709707
4.57145684109055
5.16397055019473
5.58530203847797
5.07995189125917
5.50458546685685
4.82438790934139
3.63888728079055
6.38193270675248
4.09799538536245
5.38120272580963
5.27753449038431
5.4525391119905
5.44463084573707
5.22910013316163
4.68693118004961
5.32840572257339
4.26713288793361
6.68175942427249
3.73027948887055
5.18652417976652
2.11230151621076
5.33465615545997
4.7271558995174
6.45156020808035
3.84689148471499
5.31738322531008
3.29319715465272
6.4481541349347
5.58352181853051
5.40132379410148
5.51709208105376
4.1808493054031
5.26640380565124
4.9261073585499
5.97689145620325
3.63816884184302
4.8765162317436
5.29839122562226
4.56340848960787
5.13285199277248
6.02520365621729
3.42130194711019
5.8655568350965
4.7047113285669
4.3200637106129
3.84504235882014
4.82438790934139
3.86189218512392
4.51522763273652
5.86990488133456
4.5847003017592
5.32111069986722
5.94715501715332
4.63345059552645
5.60466004724188
4.48890795601942
6.80460032741042
6.27505462507941
4.96753903672345
4.8725910119865
4.70371923474026
3.55624554502567
4.31924655088221
4.11712665778265
4.89208798320828
4.60812204812449
5.74006660515218
4.92158459930611
4.30406741753626
4.96179342383821
5.67711978705975
4.13337108906308
5.45164823215135
4.93977243268158
5.03296013124945
4.87647432295539
4.00380020304972
3.85774333759194
3.82088213617199
3.35271359525209
4.60483935512659
5.48577053975539
4.28906692271016
3.39772032600816
5.11318661376234
4.77799601291712
4.59408222953206
5.97158551987625
3.74108356074601
3.56541202284216
5.06845096373064
4.89319483700484
5.96093840296657
5.16950443472379
4.1117263000801
4.51202969019151
5.60565802406008
5.60346499578098
5.00547545191288
5.18619752981267
5.45539913276585
5.27460662422773
4.01468884895415
2.97402604931268
5.94940124412312
4.72139455990487
5.36260660171422
4.72189297463752
5.49335356153692
5.72916494366155
5.42093986601597
4.16043360563768
5.33161468219346
5.00958498650739
6.34418989077845
3.79713736695193
4.20683249782295
3.60303805982125
5.71010339696666
4.78156581918678
6.7227280318733
4.96775766306594
5.45135912847672
4.14626408813342
6.62218036852003
5.66876727926022
5.3803804325341
5.80806930884794
4.58941611942387
5.18415403684511
5.42344487370234
6.17916201674728
3.0896936197742
4.6997815815416
5.40129792517975
4.62612589761528
4.51576548724262
6.39652003773122
3.05482421258457
5.44570667382899
3.33308653411344
4.99134345932968
4.23618027765161
4.08330091908204
3.94013589726214
4.68015638063534
5.23807197704043
5.54145312694676
5.90211678320189
6.52649344941641
4.81920389970829
4.88869730626014
4.9610639396467
6.19353492809412
5.64436254226095
5.12744873494679
5.17291991863009
4.79941263483293
3.6567035167389
4.24866680136738
3.70041715638386
5.48446593785111
5.39249003101173
5.44033213259199
4.9479114303001
3.89745071070574
4.54430716754151
6.03398924428896
4.29829983696189
6.01266957445856
5.78908492061327
4.85488823109077
5.42377641716498
4.89293130363102
5.05740802571394
3.92134010788521
4.29456531133391
3.9513056283847
5.95706249445462
5.48105836775258
5.28542719303456
5.05897217354114
5.42465318835646
4.60967791772711
6.02691881819473
4.56661408855412
2.72537590724284
