14.3765877119321
14.1313800006125
13.5131681009903
13.7260392716179
12.6086079846094
14.1493371669737
14.0277045512339
12.7814625407147
14.3691820249918
12.484214702014
13.115655194887
13.2211788763183
14.1561685832733
13.6661772592656
14.863190073633
14.976721533477
14.4534438263971
15.1395247679994
14.5304825255685
13.7171473509713
12.5236970568557
14.9614946791269
12.8025288371433
12.3930029027304
14.8076767207093
13.6927353408706
13.2919220974643
13.2398693786322
13.809914404638
14.3059284706997
14.6323990599415
13.620088077385
14.6122278433094
13.8642722751786
13.2766375262281
14.4472617237743
14.3000884256305
12.8205438160118
13.4328167701064
13.7068661946434
12.2321787511705
12.9865973621471
14.329995380991
6.46282701298979
8.01874688541751
3.83474968368991
7.61591877972155
5.40987066523826
5.78024795795556
4.81627034056791
5.5661525290039
5.3722726026389
6.59573303587785
5.41396093842435
4.0760115978366
3.47974020686271
6.43448805724936
5.14503174495398
5.0794544044543
7.97432242119247
5.74549986021045
7.39018127457476
5.47580314062793
6.13879345662744
6.73743295690765
6.49588849155213
4.74513573191268
5.97481000385392
6.58093042658616
6.17222389923042
7.30007973762869
3.87730172183423
7.8399611196203
6.22005828062428
5.84630675408547
5.41580396963895
5.23179110300337
5.03791117663838
6.6180335197666
5.59424496608194
4.60396829590488
4.13016958448048
6.99702887706207
5.70757256476669
5.58655685190054
7.63996099519193
5.41113843420992
7.89728372202099
5.51531218381181
6.01824782338319
6.75973344079639
6.51818897544088
4.78464477509656
5.25614285606509
6.653041852266
5.35356319430574
5.59666499528024
6.11463614935131
4.80718190117886
4.68641190847533
6.32488077553673
6.58269904119509
5.09773788494579
5.44835874981004
5.25012580460595
5.27917030483794
5.74203462191824
5.04548457936562
4.60461727623081
5.66134939103982
6.81531783598213
5.10951373780106
7.06233665105643
5.21378715895436
4.59391620420412
2.93447218803557
6.3302986179613
5.18302004702955
5.0441885832921
5.65840182492027
1.80386739175815
3.92726391849941
7.05453053479504
4.0964823201362
6.81564346238286
4.87639183054537
4.32985225200674
4.54152870721995
5.40732630080409
4.0220594740037
5.5069895838563
5.53603408408829
4.31573534611189
3.48159182721301
4.91420569208911
4.09745663888721
4.77871782473603
7.13682937781722
5.51859616202083
7.24110279897052
2.55274587022897
3.15961102015266
4.94170201449321
5.4938704265111
5.22028892473976
4.10379344399758
3.80194391461138
5.53020212077746
6.55253606889231
5.19583572269754
5.4858940406754
6.07725419452302
4.38028548031144
4.43786340356681
6.45565293485024
4.69497096832287
4.3427036801988
4.16610454607577
5.72010998426254
3.72921875978746
5.74016649208404
4.92341743888213
4.83227547205122
6.64503896948998
5.0268057536936
6.90236169631904
3.45068790169631
5.2352564815242
5.91552534420195
6.82225464532479
5.8859834856089
4.8720624932762
3.37977627409777
6.22335257807737
4.29238922086618
5.79018606525254
4.96288737465776
4.05861202798732
6.07161465861473
5.63487061617242
4.4658262847895
4.78390403104417
4.20299341270186
3.62332744799789
4.59806565907175
4.24064198959859
2.90056385489893
4.1770526714263
5.16144889579115
4.90739836308089
5.81726366022771
4.32325721646318
3.50203290942985
3.4138239255498
5.07894098630524
4.31441182393908
4.02921603580224
5.5991017128238
4.2218858945713
5.16662046326837
5.20894193575839
4.98004658000924
5.87745569039144
5.11534414279631
5.25486560541283
4.81812156297051
5.51618382982978
3.72717191623516
5.24763257905346
4.66796661434949
3.54133354426274
3.42389293639668
3.95729596970792
3.3732711139924
4.39551920978606
5.82653700154363
5.0005146070258
5.23151034832549
2.68528385622794
4.4705560403588
4.02220887149623
5.37114393874808
5.04949467464125
4.77246456746347
5.14102453303403
4.28531950878746
6.25301457702956
3.16227593155106
6.89758574196407
4.21426996729717
5.24274466363451
4.2986692943408
4.11315368032434
2.36686671772168
5.73625758714396
4.21460273974778
1.51320979835219
3.54805179934606
3.45239109338979
2.86836623767426
4.29466574163984
6.8943027166581
5.28408572471637
6.29927606343996
4.49848142780701
4.53284918314473
3.77750717436107
4.84063678337393
4.84344769707933
4.33571387922127
5.410863932471
5.23868612425402
4.87894251317891
5.06006929102725
5.25134020384281
3.78683395837393
5.96651325584475
5.70077943511999
3.72134095608265
4.03941870233731
4.71252345605097
3.7736904947454
3.29896876213299
3.80294700667865
2.34423530107612
3.64357970552992
5.06665140477592
5.1253696199004
6.07375840544008
4.48630877532248
4.59781047436432
3.26346087880228
4.80716291669187
4.04263375432571
4.33479004611935
5.04277315900099
4.43985715139081
5.80143281341461
4.54357124118735
6.87886005281362
4.79680576423323
5.31485188797797
6.20541898414726
6.3651402964633
5.36951595455917
5.30301527640433
5.45009317749281
4.41926248363546
6.34908857590639
5.65249837265821
4.68238560454751
5.73911771935654
6.91011532699736
5.03681919318725
6.6527926001683
5.2941419200163
4.42970873212055
3.99936258066705
6.73452145070263
5.7640948185734
4.47082561844586
5.46783388692742
2.65402533214124
4.12252735295674
4.39152506025715
4.10938323099072
6.32875578300294
5.6491344801112
3.37889823940611
4.10622234707739
5.08791985201329
3.14665821025699
5.03740421479056
3.88626945553854
3.46577781700548
3.47924986332965
4.1449673354047
2.85862566033428
3.63973289052121
6.00303440592058
3.08998693225626
6.08007310509205
3.4732761737493
5.60134269830795
3.07770025746145
5.11680866456114
3.85664309912612
2.68755353227196
5.43842797033382
5.89853360829927
4.26191893444165
5.14770687452651
5.77412076490299
5.31483313706977
7.36275906299323
7.22368037261999
2.97503142688583
4.76310179194419
6.35797858352866
5.6268900961792
4.18239281119044
6.02583530201249
5.50499577116516
6.56629820870322
7.55948615410146
5.17661519235178
7.18074840440653
5.83737534209464
5.73498364811535
3.56605361311581
6.8436659900475
5.42885368984454
4.76228438336062
6.71466732500027
5.46817701739249
6.12257673296684
7.18732006542304
3.23874406747927
5.75646259676255
6.51831237828887
4.93315104931692
4.75359626977414
4.96054526952445
4.6479912061241
4.67857380358864
3.88902981442831
4.38945079475078
4.76496609966517
6.72239431149035
5.43293799919496
5.8867854088163
7.47354589058344
5.33703945055136
7.53033303549934
5.07880305249852
6.73448980443171
6.32265443961042
6.22127027744004
4.80909100830837
5.5866011484504
6.20463050180292
6.44274155482147
3.5293660793018
5.57996364238433
3.88437762967938
5.45915455804114
5.81479387511101
6.4944745725732
4.87768422591432
4.47413814104264
4.11637195753799
3.73074678596615
5.25605102375783
5.49971131593944
3.61827750841589
4.67500962322491
6.0846434278211
4.04348005844744
6.00303440592058
4.1205187576189
4.89177338514659
5.09370066152838
5.30882853638984
4.81487401362327
4.27125322854636
5.46319916016698
2.35674929398509
7.3909711728171
6.9620147706085
4.23829150705977
6.11585150830826
4.24182937580875
5.96127021943931
5.42924385056127
3.939605128696
5.59291227366942
5.31924421935048
3.78979945148629
5.35900136019043
5.66302727207282
5.15574474662592
6.35836745674636
6.77763344567677
6.36297873815155
6.48034460427392
6.10565601132249
6.29255219382983
5.19605905783061
6.95807262793817
4.86934109124424
3.4556794196173
6.82614047774675
4.96958674354525
4.8097099361015
3.84589238223131
4.26205959325928
5.6415782985202
5.15030945656554
4.29880502003725
5.46422511498556
3.14980316135127
3.82216073327642
4.478767398555
2.77512441272201
3.53124537145991
5.69916895625672
4.0361201523403
5.31260896886768
5.71355648204325
6.00939737403817
5.79371411150674
5.92923974457468
5.52958863396069
5.16053140146178
4.75984927585639
4.53848191116153
2.54508346967971
5.2561419056118
5.3414023939568
4.07499432936347
4.74085115220247
4.47444972115913
5.77318226923813
5.66568110009268
5.03705192176766
5.31706720571884
4.31344658481378
2.52443467121915
5.10052416371256
4.45258208208507
3.7986562710918
3.73396001548819
4.40277547142102
3.8187506157055
5.0005146070258
5.18747615696571
4.36145376244788
5.82653700154363
3.05371769416812
4.40094874976259
4.12154805455646
5.51492640308528
4.74122409770701
4.23059135642499
5.03675111188073
