8.0208786331451
7.47578581948715
6.25644277757688
6.91007272777718
7.8940326024682
6.70773068575198
7.69419387411783
9.08300252288508
8.2421756081829
9.09251711681109
8.25944170181817
8.06702076774726
7.55137643448015
6.32583967620261
9.09251711681109
8.51260164966928
8.45687448498886
7.05940504632339
7.4439362570967
8.2421756081829
8.2902078183222
6.62664304907234
8.48138413574949
7.99822385648
6.66237602644161
7.47966923446597
8.25944170181817
3.28754052091353
3.39583851683858
1.35976007247985
3.22248810173224
3.93010964233951
1.47487873083074
3.80411893339624
5.05449577507375
4.0327560170387
5.16577815571469
4.23093495400683
4.22457017609541
3.03085084018136
3.23433692368934
2.49459647821926
4.64168095924536
3.6345294461668
2.25924606546597
4.26804113183745
2.14708448102612
1.64539681788261
2.5825404969346
0
1.65950004105101
1.84208199841413
3.10891242033519
3.46965884334459
3.61724598726562
3.89054983011875
4.36409322584378
3.36180633775705
3.4358223660312
3.15263255042304
1.95858872903045
0.789326354549676
2.92214676266157
2.78214955009736
2.00834777774766
2.40596830356258
1.66405824022929
2.88242480369874
4.25770818439956
3.95945047979932
2.58416709909849
3.73367047918885
3.99507865347278
2.50851289213101
2.49537968335138
2.61979527277196
2.0473283665305
2.45038839347795
1.92390281677238
1.91541203602362
2.05257040201438
2.6240374165133
3.9301096423395
2.56675229076003
1.80310279454955
4.39397705538942
3.71122766024954
2.92862998712559
3.8024208041352
2.88766683918262
2.9223978814016
1.65556745948053
1.09626911616511
2.05257040201438
2.6240374165133
3.52142800617002
2.26594891789029
0.983959874691038
3.98529541921993
3.40417989226281
2.48693081834881
3.50161743126547
2.58061907119589
2.49408462286749
1.06599849813564
3.10992133426877
3.2851586578206
3.58974645724902
4.06328985297404
3.02220007203007
3.13501899316146
2.85182917755331
1.95858872903045
0
2.5825404969346
2.45006222065235
1.64286861712969
1.96178440318594
1.06599849813564
2.38990321363644
3.76518659433726
3.46692888973702
2.09164550903619
3.13561073709522
4.35745494893918
2.8708891875974
2.85775597881777
2.98217156823835
2.0473283665305
2.81276468894434
1.09626911616511
2.46839760105502
3.39583851683858
1.35976007247985
2.9216847288625
3.52142800617003
0.655735810972228
3.40882320746941
4.64581413890426
3.62407438086922
4.75709651954521
3.82225331783734
3.81588853992593
2.44128187883647
3.06493004439533
2.44071608799109
4.553361716631
3.48330291170548
2.18527643848251
4.09863425254344
3.21736537911496
1.59151642765443
2.41466971745497
1.07028089808886
1.60561965082284
0.771801100325291
2.7730406049386
4.21829679838037
4.25035745323556
3.15033228919147
3.68678297676346
4.01500704048227
2.7530873964972
0.655735810972232
3.4011577928989
2.48139757271156
1.75576097501632
3.41526101606731
2.05424077277988
3.17590054891167
3.37395179101499
3.40601244587018
1.25892796484408
1.4275369112975
2.14708448102612
2.17315469409423
2.91498187643818
4.23214087400418
3.29148875264877
4.40633054649208
3.40858005293726
3.48330291170548
2.74545544660217
1.99866841031416
2.03072906516936
2.63421134554491
2.14708448102612
0.771801100325291
2.260571518137
3.6345294461668
2.85685749330334
2.25039897170479
3.03104716579125
2.03329667223643
2.18527643848251
1.5023028115872
2.29949372198148
1.49083224814048
3.63791672916658
2.63677895261198
1.26149557191116
3.33319793012959
3.80658452207712
1.47929663203914
2.45006222065235
1.65950004105101
0
2.37742075114812
2.18561795062892
