4.61044476586475
5.19510072247901
9.0432174913274
9.2479195974906
9.47405797644572
5.3618064761389
5.60164233818728
9.26935587028252
9.30735222278584
9.43726862617879
8.6313789430073
9.79698355437757
9.43606162394241
5.33046174065583
4.9668808159782
9.22161877895973
9.57084517542243
5.13883995946181
4.61655642049904
8.63189947532696
4.97359421389641
8.69081156830255
5.43493658452739
8.8580378542821
9.53352879222337
9.36682303856349
9.5715251447267
8.85751732196243
8.9549844902434
4.78326217415892
5.18898906784472
9.08121384383072
9.3190859472407
5.02309803620731
9.53404932454305
9.43658215626206
9.53473579445976
8.46467318934742
4.44373901220487
9.40481939106682
9.89445072265855
9.21113024722365
8.78827873658352
4.63321078204093
9.20992324498727
5.02228331418484
4.78738403680646
8.9954804000046
9.8001630809397
9.89763024922067
5.54542511795817
4.85639228254743
5.55213851587638
5.71738426144177
9.57402470198458
9.36672272307749
7.49209832704886
7.67346213142584
4.02200283750652
5.74008980154436
6.39782100608179
7.95085135015328
6.42217690204404
4.67432109172745
6.30282488531754
6.12436994221049
4.69554326025076
6.86479286999311
4.76931721249171
7.35112063107968
7.00874683844246
5.81483337838299
6.20706166545568
8.87979507918893
8.19502101146783
4.42209219637945
7.89948317604251
5.25286539370741
6.14478768331659
5.07441045060036
3.60582218132834
3.51082606056409
5.22152903200655
5.34786151447167
4.18436648330832
8.47241023019527
6.97053944700687
5.6450936807801
4.65133834721964
6.94373578208604
3.33237111745704
4.49586614862039
4.94807796813524
4.60054713948649
7.21470910832141
5.1265329112423
5.68850089591788
5.46663873767305
4.08937036254407
7.55710938340528
4.11699895827078
6.69315022827943
8.53742128655169
5.16251512416208
5.23628907640302
4.07279404523966
6.43020253646248
6.6663465633586
7.37792429600051
8.35823619914693
4.5839708221821
