4.26888131422224
3.89743185229031
3.06073703616314
3.92226900378223
5.3468297223031
3.22461787241337
4.50923570607818
5.45215433830633
4.94042104031282
3.73522420447657
3.12045818510584
4.87304245130559
4.21061218496799
3.58450227979113
5.33346646183552
3.7359336873341
2.97103948738511
4.73945466587879
3.44043021546949
4.26959079707976
4.37783602983536
3.35725606346519
1.29298389713793
3.56746545996395
3.08608858684722
2.91191503502376
2.7917250283941
2.87806423872108
1.76677116813544
4.69514458237255
3.96543027380722
3.52363334050402
2.93825323192573
1.9047022026182
2.66399374158328
1.93376739661208
4.11694587030942
3.71696776588261
3.56752095995703
3.03878063199944
4.09790865036867
4.02672572485118
3.58138469640975
3.89800189322188
4.86044935710187
1.9047022026182
3.36851004957379
1.9047022026182
4.13352820925835
4.09800912693618
4.14548371675826
3.50796111695654
4.1196794224368
4.38666208610437
3.25802927825658
4.26888131422224
3.21107472478457
3.59220498561145
5.12717070263049
3.79396335829906
4.48488290858274
4.84415709429158
3.62994884572364
4.85930622515523
3.69779205254286
0.871257833186192
1.98525902795933
3.0860737470626
2.62841419166927
3.67334622433924
4.22065840814315
4.81479380091601
5.19356867829124
3.95411694977575
3.03228507929168
4.09790865036867
2.99848975055067
2.49725221638761
3.91902642457139
3.26775208920662
4.51267194557234
4.06341614022584
3.54218424905758
2.24996286795564
2.63048021851507
2.94295626428101
2.46880025951615
4.62690096000137
3.76178415665407
5.95408789851062
2.4087953077198
5.19872822794619
6.18262960945993
7.19717600583504
1.4217742081838
5.78391557383251
5.98150991930983
6.42557593128239
5.01405094802842
5.58646615755682
6.90649370256537
2.45290526911795
5.41175652379715
7.13175153832171
5.16963061419149
5.25673477917341
5.97165026545147
5.2676844594755
6.1096675646737
6.45133444329854
2.15127328554619
3.76178415665407
5.30473325129809
4.18211474463128
4.95367363240131
4.59404112545469
5.34511996933288
4.05246645992374
6.58728255701223
4.68803385699851
5.33022576310798
5.21980164791652
4.13833628736074
4.89348095052831
4.07175858839512
5.51715845217685
5.94645497482766
1.93118031538127
4.01610048704443
5.69627613823083
2.91056482451127
5.6231432937873
5.25117345104839
6.59771714843601
4.13833628736074
5.83731030908993
4.04269339440123
2.70508065789248
6.38370441872449
2.65684717218776
5.47856194744081
5.85511407814748
5.97622577743325
4.521674373686
6.18925407328421
5.67987498430071
5.19094398298796
5.7661909036063
5.44439205320698
2.90873125721162
5.37351267529509
4.91507712766528
3.43085867378937
2.06145140796709
3.34005809270233
3.21951860350189
1.44973310248684
1.05226254029816
2.09719457296812
5.33681930848307
3.38634624955015
7.05280890565248
2.15127328554619
0.56348481977555
5.97165026545147
4.62781879252469
4.96605247590375
5.15328600011396
2.03349251366406
6.37132557522205
1.5946158807097
5.67233598499382
4.07721711196165
4.76432453450061
5.41175652379715
7.16904437263855
2.53906640030563
5.86417534233573
5.71488072963267
6.17389113056936
3.01639008889348
6.28566812734095
5.91563077724522
6.03690116570382
6.54249035478792
5.7195295372078
4.79644714019568
1.4217742081838
5.0126477747207
6.5578433542771
4.30335882218502
6.76930855378713
6.4367578387836
4.23655339854135
4.11642613311616
5.36466177227387
2.53687742060883
4.90867398472317
7.39665747783313
5.694688519245
5.13016709336745
6.43003826430606
4.20162530874859
5.56504023453746
5.15752594523022
4.3529291859814
6.07020404384966
4.59458456187388
5.08742524219893
3.57485146758521
6.22306759119436
5.32796796659838
5.32123788878502
2.06145140796709
5.81266411678255
7.19773229175728
2.15127328554619
4.95367363240131
5.92076744123544
7.74460697650512
5.28522611542984
6.22116991524824
4.77055428487586
2.57480956530666
6.40362460724252
3.0424513072504
4.59846888923598
4.97502101994265
7.19118225156118
6.31823800342412
5.61728911667609
5.09812061458762
5.60887720434554
5.19422594699819
7.53631627974202
2.93279832152716
6.29023377657433
4.96415283578059
3.36497953172476
2.80920923255739
5.49641426428321
3.80035138767875
3.04434898319652
3.21036324078337
2.22746566555395
3.2968172832005
3.97389813364123
6.05611035868724
3.30230998941281
2.36004844951366
6.23895696555268
5.0610325197144
5.91514143074193
5.65207667819484
2.78125033825435
6.74561990941912
0.56348481977555
5.24696171365091
3.0805185649964
4.70259226823351
5.57613259449624
6.12010215609748
3.24439905627884
5.92822730530858
6.85377062825648
7.49094209202284
2.71475810532173
5.72202373033717
5.88696319294646
7.16899936664164
6.30703484516634
6.42311766427667
7.24046774120022
2.73882516963727
5.52953729567928
7.45932624490075
5.54570355554555
5.09072052158656
6.0894310373336
5.55360435999483
6.48574050602774
6.86121600504384
1.98525902795934
3.03228507929168
6.59771714843601
4.01610048704443
4.86684364196055
5.88702502259261
5.66484849024345
3.88645220233688
6.96335549836629
5.6148384045531
5.24339577266722
5.15790980442117
3.97232202977388
4.76615438846728
5.36474248553304
4.86684364196055
5.88456313133231
2.76678406394031
4.74559956440682
6.98926003536876
2.78125033825435
5.50249779510094
5.41718770863525
5.86821807107362
3.40883720999835
5.67129605150308
3.59698934650783
3.38634624955015
5.6542053413621
2.49083291460091
5.59634271932294
5.40941003025408
6.70572485479564
5.25117345104839
6.30703484516634
5.99960350521127
5.35695824057482
5.88397167548843
6.73737595034491
2.17923217984922
5.20749841770823
5.59634271932294
3.36481995449652
1.61574736007369
4.63304198984026
3.92074088324073
2.74271699962476
2.34524643743608
2.93279832152716
5.62273920900238
2.65684717218776
7.88841265421152
1.4217742081838
0.729499077362405
6.65291585710913
5.30908438418235
4.80003821831689
4.42378692275157
2.15127328554619
5.15752594523022
1.88053578122902
6.50898749171368
4.91282086052069
4.64575781157409
4.96605247590375
