5.46769514543691
5.34623576279721
8.68435744098914
3.14573594954803
5.60322159917835
3.19495743155277
10.083464773937
4.06551118866996
7.18439254763735
3.72192967529331
3.5784144748465
8.94261466160752
3.64919384787142
10.0827189051452
9.89143674470674
11.786441600765
4.54822114421428
7.62329932156803
1.79194086965891
4.91644195606576
2.95650762608699
8.95464461202656
10.3127121733433
11.1269711832224
10.1449375369265
2.98755166653224
9.63851500057512
8.95464461202656
1.43675438510789
4.40422865284758
8.65267490068292
1.87649150865373
8.40783679911226
11.6610267836314
8.40783679911226
6.35272471780939
10.8810157301801
9.57619407529383
7.83445839491458
6.98148084626567
0.757178172470571
7.37052216542323
7.81203029996759
8.40783679911226
7.41938931983726
8.40783679911226
7.9162668682814
8.65267490068292
9.59482589973643
9.03458575638599
4.24843899340082
8.15283334158894
8.73639530745665
7.16529145302117
4.94486360059367
9.27505121832622
3.06504932159493
8.45410531536699
9.04425897216634
5.64377886351017
9.6146235008466
7.19723233086353
6.74466121070615
8.98175888839482
9.70585057985126
2.02443526612953
7.12279124330407
9.77397652722545
8.11986720435997
4.86178202351432
4.52885228560616
5.31364527859307
5.73897873037118
8.97195229237395
4.00156963929243
4.86178202351432
6.34793872532296
8.94639083993226
2.85131710347106
8.37424296268106
2.26130365048205
8.80623373885767
2.26130365048205
1.43196839262146
5.19954896898808
4.39932096832451
2.49527630534378
2.39129997856918
7.57901350776824
9.5233731644708
9.71626202479079
4.89054872243496
7.2579776748056
7.39976856591248
5.8072423416629
6.13574799247036
9.42880989325348
3.48289552017608
7.28911859548425
9.47691849175473
5.98713596048555
10.2544425595736
6.01984596470504
7.75333406473207
8.07612549669837
8.88433362765218
3.42530620501721
7.56429937784843
10.032114634916
6.79525878684616
4.78626778187612
5.28288535679928
5.51711170994947
4.63547987132869
8.87346372286496
4.90253227725171
4.80756772273259
7.56730564188995
9.78047737664454
2.5590627973014
7.64007694707553
2.5590627973014
9.42740496999125
2.94144921455918
2.10832808172549
4.8066359654977
4.78267784132884
1.05175189675817
2.08621808214373
7.81203029996759
10.7000479641085
10.1309249396314
5.1809410750623
8.90992333179398
9.75013166755453
8.28244759275469
6.22281542993936
10.2552794960103
3.55878972957188
9.26133618126538
10.4061226172854
6.66004896086426
11.0324442060458
8.15315002688749
8.88971648635755
9.32481439792233
10.64327241559
2.22749993974866
8.07463057976576
10.3774675644187
9.20306968744902
6.39987677854247
3.0041809645727
4.81389446356929
6.42737806654262
9.70705303190984
4.43571233007056
6.39987677854247
8.56560746321394
10.2073956016437
1.60074176026204
9.14941389962451
0.891003049975801
9.61089965557715
0
2.37543893308986
4.78527345119164
5.47625089039139
3.80318765832836
3.74461643137355
8.61143611053647
10.007550946797
9.46713092522107
4.14765549421664
8.64683108216281
9.45177700276771
7.93117863238717
5.25186010938816
9.74273737829853
2.67968460426237
9.08070870545193
9.46452534327737
5.80102285061702
10.1395644920494
8.05799784830138
7.98572814778196
9.28994577969371
10.1184515001541
1.26970310911934
7.08618310049076
10.2316916431649
8.74647059444491
5.6050783577214
3.93277541740923
4.91381612672448
6.0922962078299
9.36546150865271
3.28790204645222
5.6050783577214
7.55647937438688
9.34842182445176
1.78206024368821
8.76775217895982
1.23328558084566
8.68418084210683
1.23328558084566
1.3421533522442
4.82790973982652
4.64499967191029
3.35604182278163
2.98885396310879
7.89109219508051
10.5703704045322
10.1309249396314
5.1809410750623
8.52827867479825
9.61043701767749
8.09081638874797
6.22281542993936
10.4441745728733
3.60002851971833
9.52785454099866
10.4061226172854
6.66004896086426
11.0324442060458
8.37730751890611
8.88971648635755
9.33581340001908
10.3210699244368
2.22749993974866
8.07463057976576
10.2709007970433
9.07883283393123
6.39987677854247
3.70501758931205
4.30527783085125
5.91876143382459
9.32800803772776
4.43571233007056
6.39987677854247
8.56560746321394
10.2286955425002
0.909738710286227
8.74968829589037
0
9.61089965557715
0.891003049975801
2.37543893308986
4.16975915143217
5.47625089039139
3.16673486066833
3.78585522152
8.65267490068292
9.80452019431274
9.85817231655883
4.97484644145877
7.56500586872415
8.5432276503315
6.98946298237236
6.19357575940297
9.67713398014941
2.87420862881758
8.45065862664167
9.74301858583339
5.87103562538858
10.6664197698498
7.27943099499707
8.40625746317146
8.28305512469746
9.23779746479957
2.4869075093505
7.44759744826168
10.213615422523
7.97747942755563
5.66797864456148
4.63703815225068
4.97179248914237
4.96879638847764
8.8998026120426
4.22961769646703
5.68927858541794
8.22022904032934
9.81969090728512
1.32203401592764
7.62765427996272
1.32203401592764
9.40480502197363
1.69331180860622
1.64961904218912
4.2744502794413
4.68260758268837
2.23991485225425
2.9001055280268
7.9162668682814
10.5703704045322
10.276391195233
5.01997702761862
8.52827867479825
9.61043701767749
8.09081638874797
6.60745410242735
10.426230090465
3.52453976950198
9.52785454099866
10.5100591785573
6.52136676607298
11.0387631366964
8.37730751890611
8.82432020419248
9.33581340001908
10.3210699244368
2.86174989981856
8.22750022748203
10.5979952017233
9.07883283393123
6.40965485484501
4.36342504140055
4.91638275398828
5.91876143382459
8.9173139751867
4.73315573471539
6.4600042012468
8.70368806351543
10.3013926671118
0
8.74968829589037
0.909738710286227
9.44993560813347
1.60074176026204
2.57543893308986
3.67317893106781
5.5252733899587
3.16673486066833
3.51036647130366
8.40783679911226
