12.0229342770479
11.0785321379813
9.6208937510203
10.7130462542699
11.6088356916575
10.2016808724889
10.0026649025137
10.4643799967782
11.2633954899326
11.8040263720969
9.84222507261777
10.8468617602811
10.2867292750334
10.0947350372476
9.54003023221767
5.96564740870602
10.5262100202604
10.5919442932256
10.0009220931145
9.2492016891461
10.8425761339714
10.5091578553958
5.88930459709825
10.6944387275207
10.2650734735906
10.0406815154229
9.83482485291231
8.72544508806218
10.4265627852618
9.46349548079314
10.3332889884043
6.39522825584926
9.56415792347397
10.8749665905333
8.91547339892358
10.8270922481223
9.83468851668599
6.71094024453528
9.8239061347256
10.5729688586121
9.76669019371855
10.3145619970781
10.2922203907937
9.37629533764469
5.94865285428897
8.30698820048502
9.45035684776798
7.68318907613563
7.51116747003939
5.74289261770825
9.08006810420234
10.475240541148
7.82596579578503
8.81888224128943
8.79745244935564
8.46869459876481
8.83426373437611
7.76951446442114
7.69383060287678
5.26159804895231
8.30430485261192
9.42192351255337
7.01432458749658
5.24024848418547
6.4659115685725
6.449801761262
8.49137617502691
8.49756304324239
6.29044719597479
7.95913280081545
5.12744688960129
3.65875332135984
5.74162309437902
6.9331342423571
5.72713548616288
7.17509481463395
9.54866346290622
8.17980334068163
4.30838374099352
6.10797970872992
8.68836906817104
8.85947772984577
3.21524305361642
4.16174884059182
7.72988469151958
5.95470937209585
9.70540490949982
7.70059386868021
11.0202885220688
8.55133273835969
4.21254880520106
9.95025468346816
10.7030944593598
4.530599105648
10.0218518377973
10.8549996728274
11.7110478370856
10.0820261323108
4.47040665843522
11.4639429425835
9.2390335864994
3.461648917569
8.8296413814886
9.66927518128298
10.4230643609128
8.79851406431368
10.8713930613496
10.3646138116487
11.5753507514263
10.5679402656784
7.01280950362874
8.41330053839135
10.2465091271234
11.5862422632374
5.74327664760521
7.23297878484387
8.04261496365398
7.79529874120064
11.7433738460706
4.77518484650646
10.7450518535381
10.2866659814136
5.91844442398753
9.4636687983638
8.6494222026852
7.61478625096728
9.84765643085943
8.63919905983247
8.41091815747978
7.59321978329219
8.36137169663251
9.53970522132078
7.56859062557282
6.68938704832076
8.01524196400095
8.32798768879805
7.43760418678268
9.55755728530556
6.89353195973822
7.39224621010651
10.7595536998636
9.03690940196301
5.42241938155403
6.69403773191139
9.79424820487688
9.00653329487568
4.47549320901807
6.5670348442648
9.14390914892753
6.60190321103238
11.2030374877825
6.10910405536264
11.634695561394
10.6799022859988
4.838933387655
8.22900544947775
11.0128280744222
7.10487214497318
9.1951086751192
8.68574472009855
9.71342607266259
9.81064329801789
6.94477122227978
11.6463661912436
9.16233477900756
5.32868233872977
8.33787521277998
7.64153904308088
9.42817054386684
9.61154767446492
8.89597500161781
9.1681144335854
11.9676310114319
8.04145562142666
7.66822053966469
9.54219024749814
7.77993214136713
7.77787569202327
8.51173393619026
9.92856560357559
7.8384400750406
8.68286150904917
8.72711690834017
8.68524514820329
9.09299343898043
8.92104734452968
9.08760965878472
4.30536503474184
7.84561478081708
10.3755044602635
7.86261571347631
7.06641958542497
8.74346014410768
8.43809345136407
9.47773279325502
6.96506917007605
7.89110995644988
8.63237512688261
5.82169058857002
5.83148785791672
4.60331648384482
8.50075376714959
7.66471294499428
6.65455715212266
8.3179220958019
10.9275851221051
11.2999340680426
11.4862598731997
10.3079280267915
11.2830876784173
11.4113566154027
11.1020749851949
9.59911504347749
10.6248701450196
10.0181334155836
9.98433008001934
8.01243563936085
10.0048403761719
10.9965612311302
6.21670963483768
3.01087030584641
12.108309070408
9.71667919126513
8.56045986588639
8.69138327506904
10.2677852474725
11.8183209122856
3.82620155402903
8.35566759385808
11.82305841604
9.31364082255228
7.80606723731817
7.62721685711461
9.63868514456777
9.86064472687052
8.32724157136917
1.72655403690601
8.18625803685764
9.52353770974018
9.5478463069668
7.05900342298013
9.24655410718457
8.77981549775367
9.94171358610664
7.63799787836702
9.14032752765137
8.45228241341094
8.28775414499025
7.79369540579777
7.56764132924454
9.02767088942559
4.67804248600862
8.24883568146316
10.7761509549864
5.32703919925272
4.05175490437794
6.15391269476346
6.81297837962673
9.96862225549688
8.76198250299482
6.43783257060117
10.6203489977876
6.78275232125441
4.10633044252055
6.70049331002835
7.5507843565448
5.90959698482892
6.55532563872463
8.76583243868902
6.42902728209919
4.20471465106037
7.2922082803195
9.50378728389973
10.6113336989456
5.55335787316475
5.81393991106315
10.2977324127082
6.62750365201
11.2443118888376
5.94234704834857
12.1189516223021
8.69274432672987
5.25625371410515
10.3450701292109
11.3057492613063
4.60581226768213
10.4404641272954
8.81657400220062
9.78299111193436
9.51420482368577
6.33239845541951
10.6714706575594
9.97411633411855
6.06119522575753
8.78554697293811
8.87435951352531
8.34488431818969
7.92181777781234
7.52293743742429
11.0053363673021
12.2460144750939
9.42437916828537
7.35582600974833
6.16355123501882
7.3639111828635
10.9782057230453
3.64785945485106
7.15494216580266
8.0732674590256
5.99196161305043
10.1716627919522
6.5456836660611
9.7887923446882
9.61185473018196
7.66577811229641
8.46069347147678
10.2520418292915
6.65877351140041
9.81402660888181
8.95322760903785
9.77580489516452
7.45263070371023
6.43514480303237
11.0177682337553
6.85501972703709
6.66208135604825
7.84232956647594
7.2229956610246
8.14685783368141
9.85852338527359
7.39548774012098
9.62951668689355
10.5444103643496
9.13124799135073
5.42327058266715
3.34943655345304
9.12039614775553
8.19759985192498
4.94354123682007
5.09255285646677
9.33128775597886
5.40626396925073
8.8574189999876
8.43257963187268
10.9585666341305
9.12331040435945
6.82117997085727
9.60258012394123
11.2734533989514
5.39658826557423
9.85293171548141
10.6217139919068
11.0880551659885
10.8880107932488
3.59079182918622
11.435549538184
10.4967235915578
3.98129434334114
10.0015456449429
10.2144015645906
10.4116339978923
9.77691202601165
10.4666634881076
10.6805090339023
11.5689618240464
7.6362748062445
6.34095923551358
6.16003595154659
7.53621677892541
10.6795885984351
4.25464461288922
4.3616887983783
9.25901271869966
7.55201563050713
10.4682863954218
7.24537248260268
10.2023809783397
9.40493297455264
6.32103726802353
10.4476188076161
10.9587663200655
4.40591676323504
9.18799072605461
9.39233324731113
10.1065732652862
10.1066913483999
7.18430087005146
11.2701291804064
9.8764809362182
6.74473143942551
9.95078452785492
9.15431906616799
9.46033862921423
9.13526565273661
8.14923572862983
10.6789241719501
11.2515061071569
10.2111587890851
7.15581977266201
8.05262841933331
10.1878955122503
9.80445003940106
7.44716794183857
6.5413879968759
8.47994090794906
5.33855046804157
10.1398402010892
5.42876667020913
11.4739229724308
7.77779380918709
3.99900407122229
9.24027306261963
9.83728483427692
7.28095607067897
7.66985671613577
8.84952302498381
7.67310488723216
8.81588197021601
6.58700788276514
8.96693947994175
8.07607885474457
6.91019280454706
9.30578420005892
9.12209303798627
7.82183836358432
6.7153535486817
8.49124728762509
8.6135499204053
11.5596759059965
11.1529217741896
11.5709792154013
10.1877944301676
9.74455300830442
10.00914255932
11.1881063099596
10.6599276432818
9.33477426165931
12.1138374900291
9.89172842602999
9.91458761075425
8.64042511128594
9.4267506395622
11.0750429997631
7.89030106489963
2.17503758146269
11.405025566014
10.4825872022724
9.0670995298941
9.28910632371002
9.76226403205041
11.560797655425
3.83240859373451
9.80748928069278
11.3574330622105
9.28201052729268
9.33494392442043
7.74740887898004
9.97895749435251
9.49048501479811
9.15448746422746
1.00184410185072
