9.04658151176316
8.12687275939299
11.437017105961
8.89864577684141
10.2981871844414
11.5769933747687
10.0811184616344
8.36498316114988
10.5838552586295
10.0846814864646
12.1980070239337
9.37119945957963
9.5117959483729
9.37846261503956
8.97443320205169
11.9390427208533
11.3676635183746
6.70057035313583
6.47548256680028
1.15101427935998
6.71575557013478
3.87384298536742
1.76411154322535
3.63344684856128
6.82210149546588
2.19698263292408
3.87724500720932
1.63396887154964
7.55291510334205
7.060317712555
7.19557240833294
6.99322851927964
1.82899669747689
