4.26424212290535
7.73536868493664
7.00540846170821
6.06544575243133
9.05130342995253
5.98364357952534
6.7299473388884
5.51077955837928
5.47180978303402
6.26652736285136
3.92949219158699
3.70194593282315
8.25493090265091
8.57969575428872
4.12430988104592
4.81970994747054
5.27219475795856
4.21317492589679
7.96935701046516
6.54681751686216
9.3474781642367
6.92109191497621
5.29532636642177
5.73568654921866
7.76627635781126
7.22844986375366
6.33998420538509
7.91160801695887
4.62289974799777
8.17027627102702
7.07466516963407
4.97725887554424
7.15233786861126
6.43945206168952
2.45538465147443
4.7945595302879
7.95455507004112
5.50389426932365
6.05284710740963
4.5245613818343
8.2401955301949
6.19009782005514
3.1952711962302
10.2260932090004
5.76798451731817
8.08289237448525
6.60331912617983
6.91014657430694
3.57158602870764
8.07856523403326
4.53963179770962
4.99871823235213
7.14624620731925
6.907157061782
5.28389019202211
6.79399581241761
6.35578480509363
2.16711806335801
3.70194593282315
4.4538410874742
7.06246613815785
4.80652510502038
7.79327969622122
5.23917318096296
8.90635881448941
8.16188841592703
9.42156748157705
6.97277985371463
4.30054265217236
6.61066755668287
5.69498166312714
6.56398810591368
8.91943551273796
6.84392050399728
3.57108968058456
5.50842662582926
5.87703534553506
6.91506848064076
9.93804663544477
7.60074829075936
10.285069280368
6.61852896294054
7.57225433672991
4.84269182104942
5.52531436606519
7.30424667699913
5.20771953503949
6.05785764324143
9.37679379045981
6.26652736285136
5.04960257731468
7.94916523869225
6.97192784588562
8.03679233720869
7.00807194271496
7.41539559247367
9.30766635796568
10.7804376486963
13.497360252624
12.5449838742444
12.3688989770666
12.8615535711032
11.36995583948
13.1105161184989
11.8418927416359
11.7617963729552
8.42019759462801
10.5151675634463
9.45936398248006
12.1782849002566
12.8815392108313
10.1125650904479
8.39427935330665
11.236954986848
10.4021676172724
13.0997173454065
8.95484709363838
13.2247966584889
10.600203298119
9.89269279119617
11.1582435414553
11.7583404863531
12.4338657876603
9.60591746471773
13.1137230660812
12.0079258695944
10.5298569709148
10.7333199801812
11.289259120396
10.1077436681778
9.44550183558707
9.59709971953107
10.2018541473615
13.2946309081184
11.3983075666997
8.17604113944601
10.2646601352379
12.4045468680889
12.3971061424411
9.85184144822987
14.1324722759622
12.1250394603409
12.3147683939715
9.6081258671756
10.9733411322345
10.7503199414808
11.9497545116029
11.2672483345639
10.8260631766267
12.7151110751845
13.0880469353423
8.45740243727509
10.5616618820154
11.5805654080416
10.0709047577465
9.93491781294246
9.59638066079355
11.2543453940596
10.725934856502
11.3708260993695
11.1660513645871
12.1501559057357
11.9240539588801
13.249639993957
13.3965284419883
11.6401841947217
12.4430142684937
9.55674002213855
10.0690105107836
10.9210279446493
12.5818786316507
8.50439276303535
11.2352514773433
11.7758393718352
11.6897869937922
13.8342929827775
12.6333246459588
14.30254581363
10.9569161945128
12.6290586971415
10.7533050244418
10.9804980675081
9.73697669685352
11.035064479314
12.1977976125258
13.3713671029497
9.03222260032307
10.3025239239515
11.5252505198207
10.6246299039376
10.7508241100386
9.37373360946782
13.3284923567214
