14.1258593961898
13.6965092864414
14.2217884900531
14.7870158227621
14.4602410073761
15.2256612260829
13.8335092029913
14.6133558344799
14.1788884526441
14.4080932556461
14.6607040534327
13.1750157166143
13.2170602214885
13.9187501496341
14.5736117691711
14.8954944070671
14.310848981609
14.236383288524
14.236383288524
6.9992105055583
7.47974812748543
7.74595575725604
7.29740672262172
8.41561066305192
7.81777824930896
8.67031687689889
7.66071481061324
8.66220118305203
8.67893176238394
8.31837994486713
7.81250794268298
8.26801382860817
7.3331932945101
6.93190712729687
7.17631870233031
6.7732103524217
7.46083860318684
7.5153196492404
8.13049350898272
7.99488644608096
8.42600445267636
6.91337230570284
8.4178887588295
8.43461933816142
8.0740675206446
8.03042086930166
7.56147605354444
7.08888087028757
6.64678997322766
7.01657648965452
6.46455530179113
7.15218355255627
7.37342644007163
7.82183845835215
7.53731855749561
8.11734940204579
6.60471725507227
8.00112560009082
8.27487712548563
7.8062171998607
7.72909040038331
7.14471289480576
6.78022581965701
6.33813492259709
6.86766365169974
6.46455530179113
7.15218355255627
7.20666459860983
7.82183845835215
7.68623139545039
8.11734940204579
6.60471725507227
8.15003843804561
8.12596428753085
7.8062171998607
7.72909040038331
7.29362573276055
6.78022581965701
6.33813492259709
