10.4455693669713
10.3321240412716
8.98250624233111
10.7344009607253
12.9378492333872
11.1958470813819
11.4598503377552
11.4730174854892
10.8725760105569
9.77159053358084
10.1948496921727
10.5171111309363
10.3691580489173
11.0878070319925
12.4869557456086
9.04114522231387
10.5763271861165
8.16394628864209
11.1168001622788
10.0962271908193
11.9206777621757
11.0061458267394
9.89270051951367
10.7376457843876
9.05277177812965
9.45230782883053
12.2575089987305
9.75914256395355
7.46244877649536
12.4370746635951
10.3978644170641
9.06357317990728
8.88477463999257
11.067200163244
10.6192325252115
10.1467653767234
9.94054642620056
10.1817508712965
11.0872161392045
10.9817090509623
12.1957967944238
12.4147309318967
10.823198170052
8.23546889580395
12.7867261680958
9.0618464974427
12.4724050163703
12.4305973715722
10.7333520367548
11.2957242241115
8.97193096467056
9.37435949749698
8.44139941670758
13.07973701261
9.01863431280633
9.9768826089367
11.3437575724403
8.8604672828889
11.085132505958
10.4391552990522
11.3482440976209
8.19509436594539
7.92587778731278
11.7036200670062
12.848234021172
11.6250070160604
8.95224682579241
10.9159273145624
10.1023652460322
10.0561495748777
8.82680954864988
10.7006146579975
9.20676808640288
9.40131163318821
11.4378252051157
9.80441867354233
10.5770299885055
10.3744584657433
12.5691975188355
10.1751177977248
11.9355513549599
10.8003088112057
12.3833779120995
10.0116512835862
10.5704078541482
12.4360589001691
10.3225219412338
10.2290870509654
9.65244459583079
11.1862715653379
9.79966969607607
11.2043877152853
10.8634351821579
11.834097907934
11.0615271936004
11.5130027572429
11.0979732746715
12.3283492912111
9.62388095071661
13.1936689354241
11.5646406091128
10.2179807723189
10.5107805895577
10.6905047322642
10.2025277200897
11.6208843530328
8.36872685029396
10.433836834406
8.58250803093806
11.6118136178593
10.726092983376
10.2991148128818
12.2302017006828
8.59586132590722
11.6356613881954
11.3793453682012
11.116769628737
11.7239420592252
10.4423201452478
11.0994739586291
11.063742993769
8.83264072649786
8.32386260834209
11.3584072906136
11.126065489119
10.111942880763
11.90706259603
11.761924614571
9.51133753638106
10.130681677032
11.9828511379689
11.9054808302256
10.790522554706
9.27066314397929
10.911115821681
11.9838652472028
8.67416989794975
10.5845112418406
9.03235474556062
11.2263197545975
12.1386816958597
12.419050800802
9.88893847936796
11.1821452721617
11.3848502589582
11.094747502073
11.1090817258551
13.0051401005405
11.0725001594623
10.7317512448404
11.3323898280471
10.5223453144056
12.8099743865821
11.2052881982993
13.0356116267758
11.1317203250537
11.865624695779
11.3779414223061
10.447096953487
10.9546282893923
11.4348204317566
11.0289246125528
11.5692842006715
10.1553993877977
10.1553503138058
11.8092610693397
11.4433155758901
10.6088503041239
10.9951388469217
10.8395931574787
11.8865381700317
10.7573144369798
11.7199621847121
10.2247028891736
9.80810313267249
10.3153149881794
9.03001599188987
11.4773702482115
11.6443683298156
12.2381432832173
10.6906346135895
14.1387648576886
11.2803211152461
11.3525182310764
12.0137736088142
11.2590200840875
10.8183114773788
11.6045008343421
12.472968182995
10.2851101322229
11.9201168923876
11.2711017002717
10.9213338357992
11.9214238242718
11.6203759073675
10.4156326754449
10.649210537142
9.64106573237978
13.3220148787979
11.7273977544938
11.9931292914383
