11.4064890413682
11.3791006244386
11.5537794943867
11.2150313855394
11.5212488311909
11.5639094926055
11.1917139858112
11.5934694543629
11.3119740841739
11.4370110961886
11.4776213390652
11.4276503731242
11.4791639662451
11.0626644958353
11.4035092165915
11.5201745550289
11.2314520113192
11.3186711830971
11.0800018408137
10.849827552493
11.3521556938817
11.4487307537516
11.503424761375
11.4069433430731
11.1896764932986
11.5894529257681
11.2330287417607
11.5172323025961
11.1774161448749
18.1358534126022
18.064585362901
18.5754767311804
16.6526060291875
16.9214695331377
16.8900181657621
16.8511780729004
16.636627350804
16.5472954830694
17.2764264318207
16.8159237572411
16.7028308609366
16.8907681507653
17.0304744793375
16.3522599930835
17.2798576288107
17.1710237984514
16.5306789754774
16.0822001427079
16.5941888353238
17.1327487190368
15.9991241986429
16.8578397611846
17.0927189454031
17.1921601761347
16.0816561436679
16.8004575441659
16.6833803825477
16.7456083166737
16.3863141463396
16.5672066405349
16.894471563444
17.1612005524732
16.8084386588144
17.2779103259838
16.9966060104971
16.8576836221474
16.3965050720398
16.9845221182212
17.0292784251681
16.6689052857726
16.9618017474358
16.9800334618351
16.3872105785406
16.9230808583316
16.9382409077575
16.999952704249
16.3587854410206
16.6689052857726
16.5276997379558
16.46247772237
16.93927302215
16.6271790138669
17.0605317387035
16.3967263314504
16.7613627489579
16.6153842320895
16.2800683851375
16.3780108456033
16.1016667089987
17.0675780456166
16.8419060314911
16.7711978348785
17.1680617214081
16.8048939987054
16.0595959415049
15.548313384471
16.6635931984636
16.5246912818664
16.7085284831757
16.5996066414332
16.7312638502826
16.3206643680006
16.7648959692419
16.9089998612636
16.8909797771812
15.3690169780339
16.4220208575689
16.6170432745896
16.0610862473604
16.6765285310539
16.3777942645392
16.8351880014842
15.8885978632935
16.7235458020769
16.4552874198961
15.9282139660592
15.985380465615
15.7489175596221
16.9157045335283
