8.82479214069352
6.46393357947289
7.70549117911839
9.76783561595418
8.37592904056685
9.19402426283045
7.26129793837478
6.86576739913535
8.77255822787685
7.15258327370914
6.81003386953649
8.30942719967784
9.14863244183063
8.57343628590507
8.7976006136645
7.06551755137588
6.64408632125408
7.90980948711545
6.34095801359565
8.64746558175509
8.19857055867642
9.04827566793723
8.5785757660269
6.98743400391491
8.59079135450655
6.56381715900352
6.17593096989948
7.78889661574158
8.59265151066889
6.58310413323332
8.25886982156889
9.25667046934406
8.57161533607423
8.32361122722875
8.51860857079603
8.46679118795027
6.49313713257558
9.0485437666234
8.44184157566391
6.62420843623243
7.0052085404377
7.92465415833582
7.6804550710793
8.99376561587941
6.78382180164647
8.09406207746996
6.97791432318942
7.53268613757484
6.56589596686672
8.7258122426679
7.00403972518993
8.36107336488398
6.57738584228188
8.72538772811775
8.10491330513454
8.43464887051005
8.91345308051133
8.89031395223801
8.60734019376557
8.26417559580256
8.84962352771016
8.3069531163958
8.13860134726216
6.65294308812878
8.71252629186712
9.02325090571559
8.62016771842743
8.17984611157616
8.00724616791045
8.82397485033153
8.0433475199168
8.87578784935118
8.45499470090583
9.11974031213488
8.46160709562199
9.09911187662088
8.36113463381386
8.60440887404235
7.15621347155633
7.91927172232859
8.17378417035666
7.17931685964323
9.09485389628539
8.21345876224041
7.90697475545367
6.83505709673736
6.60583247591848
8.66820001337733
6.40280578010311
8.56627099625329
8.9102568633729
6.40875767491399
8.29295711011116
8.34547828561519
8.39792594248808
9.20862227325687
6.99153941560102
4.14540230313498
7.15005014257758
4.24340978950415
5.00499176087864
3.52014218162316
5.33262203869614
8.07659547274182
7.25139899721345
4.72465322817445
7.67891020049134
7.47941818882208
3.72974569934941
4.62604780073726
4.36460936753427
4.52610599422573
7.67601342291701
7.06424140660398
3.70098256874465
7.16003623964956
4.64141968805535
3.47744577167785
4.35148214843669
3.86644191177164
7.67355056701959
3.85246349087162
7.42839350588409
7.04180792113035
3.89764654939601
4.59854873455275
6.82230945887568
4.34598337202503
4.70954378885396
4.42631539533485
4.02324010367405
4.02721285780004
4.45664013436485
7.16252145186116
4.28826042282922
4.41090025816754
6.58217027896724
6.96282041875215
4.47090694984945
4.38246414948905
4.90778618824327
7.48767321298402
4.03186507982904
7.76143793558958
4.12150417163522
7.37127153938214
4.01040785452702
7.22664535129988
4.85851333937532
6.89923854538496
4.51202205200859
3.87807333980362
4.47813312980618
4.8393818224507
3.97872712416603
3.86771172578032
4.40592054520638
4.99510940336698
4.28566139935413
4.39072860653159
7.36243435417063
4.63754753356751
5.05844627815992
4.38668512349991
4.27266834986902
4.45091704064859
4.6657816061914
3.93122502173876
4.10580402550657
4.49423835974177
5.04566905407423
4.06155799263556
5.02413311832123
4.19462421586059
4.98566369729298
7.48693835748575
4.565527875154
4.5739595408064
7.81262867161669
4.1562191918602
4.35277409843465
4.38476749626488
7.41744832484772
7.35507053401917
3.84207867511797
7.04149146527278
4.51836599655089
4.3631301828828
7.1474202151744
4.0689697292836
4.56270261339002
4.42802030659726
4.79422376828393
