7.43867713680985
4.38679337647861
6.1893889810774
5.93324230222655
6.99331893796231
5.06974132882606
6.84138932716409
7.82675047099847
7.10215033280182
6.10045059545332
5.65943396671609
7.01651754586365
7.47984976758674
7.31524467017874
6.45231666595371
5.31876948720786
5.94210760569196
8.21741291605006
7.52927024266294
9.15648267278984
15.2065901738995
15.052967161389
5.46620862643159
5.60360980301384
6.51535757480053
4.71092733739419
7.86993472217116
14.3076926592652
7.59426952585155
9.72888218674777
5.93324230222655
5.90102002593724
5.85977175921646
4.60747284719139
6.2906158550289
8.69339694633261
7.60749089714739
7.34401055514587
5.31660600587582
7.89445457268494
6.61369158138596
4.37386740479628
4.89954607327792
6.46760332274966
5.76478114434414
5.30673095397147
14.3660678837418
5.85977175921646
8.8287771154835
6.05252207910637
7.63565228239974
7.04289958560044
6.95717337044675
8.43715290893598
7.82154584334229
7.47984976758674
9.23228518760283
8.458747282221
7.95985842251187
7.49891190249119
8.10144349314829
8.23952337082652
7.07073422652102
9.00691733770553
5.75418718020263
9.65070008768183
8.89192334983635
6.63818350524833
4.68747284719139
6.49227541705575
6.11000148036739
6.15581714071453
5.85426068704167
7.28230039239248
5.86823563454695
6.09252961396027
5.68360980301384
5.03434478759228
10.0408513202068
6.57504055464448
5.31876948720786
6.29481061843659
8.700641121036
5.03434478759228
7.29552176368832
8.73612083502336
6.75876509306195
8.33858554682695
6.76531141845501
7.61703916504941
14.7386853679411
9.45927755633188
6.53320329225261
7.55565228239973
7.94599458542172
7.07495960748894
4.75737189129616
4.25778638298495
4.82874695600179
3.51660005797618
3.09519926677418
3.49856161606212
4.88201072322522
2.30646279943442
4.50634707262949
1.43999993948479
4.60749475672453
4.88065604599985
6.02759395341416
5.25513842240504
5.11723835456566
3.93604122356824
6.48572559432829
5.69211305173197
4.95539031704764
7.88465439342835
14.5847959231497
13.9648287926483
4.18981194200575
4.47975067641899
4.33017005432237
4.93304643144404
4.97044289369899
14.1589280754687
4.20340403334535
6.81091587197532
4.10408702582326
4.63428633831885
1.91400213577676
4.23202629151262
4.75161234779857
6.81932254231599
5.52939910912858
4.91543703948149
4.20515357445382
5.70763094058696
3.95277431188062
4.08345800108029
3.74503368618565
4.41997515444161
3.57038672407785
5.46267355782919
14.0110765211564
1.32651516792968
6.42985400022039
4.49344857584497
5.63812541131857
5.95285968236637
4.4749810086591
5.90764730344191
5.28277682759136
5.44010698556708
7.88465439342835
5.88949417673901
6.02158762022892
2.33660967528898
3.71898337802912
5.97302610023663
5.77754505460643
7.15963948454416
4.04791715927757
7.28686286019082
6.35271939201716
4.99303695988836
3.25507078156994
5.73773319435201
5.03177300228328
5.04711463473134
5.64424972020079
3.10321738864302
4.85889383185634
4.31001862179424
3.50279516647631
3.44953139925288
7.91110251667764
4.65063520426685
3.34855425572116
5.672680007266
6.16715313659296
4.03701836709996
4.42921246442627
6.74218793411276
4.67735840990412
5.9853796039073
5.48494439054104
5.84548638633681
14.054338351476
7.8040518432022
1.3167157847811
5.44010698556708
6.4022468735383
