7.47212633137894
5.86032873029432
6.59974734141774
7.13250830508272
5.35865989390431
6.06746833903042
6.87650073810249
7.07895723392936
6.32266519972274
7.26809224302752
7.23865537214315
7.2420386716708
7.59227079844393
7.23865537214315
6.86150938468557
8.27560705347064
6.50622296276916
8.27560705347064
6.82325552691836
7.66034123797303
5.88906680286182
7.90293253230599
7.66034123797303
5.35505699168254
6.45620808874528
7.93354269830329
5.95126509514374
6.54141399127554
5.95126509514374
5.73619418564844
6.54141399127554
7.39915455907395
7.29125136805023
7.65764131620282
8.35393727939506
7.51217730274022
7.0681074728677
6.97875997798219
7.51217730274022
6.54141399127554
8.35393727939506
5.73619418564844
7.09276895667919
5.46029280354797
7.29522545250606
7.15331337539796
7.59135954324893
5.95126509514374
8.26873137686479
5.35505699168254
7.51217730274022
7.26809224302752
6.84769766193575
7.26809224302752
7.51217730274022
6.49446194651249
7.93354269830329
6.54141399127554
6.41237698492633
7.51217730274022
7.29125136805023
7.7172744797266
7.84833679577303
7.0681074728677
7.07895723392936
8.35393727939506
5.99149329674091
6.46796910500195
8.13766906081836
8.26873137686479
8.26873137686479
6.79990074840441
8.07803589729459
7.65764131620282
7.84833679577303
8.26873137686479
7.61006432403121
6.84024662096115
8.13766906081836
8.13766906081836
7.13341956027772
8.13766906081836
7.93354269830329
7.59227079844393
6.84769766193575
7.01932407040559
8.35393727939506
7.59227079844393
7.09178272164846
7.51217730274022
6.18149574098278
3.30468337992253
5.44997458680378
6.51509838000088
5.93601884762487
3.51536607770407
4.6339221421675
3.38644674231444
2.24564280802329
6.21974959874999
6.01585030341064
6.04823201393067
3.68102863732869
6.01585030341064
5.83852013062043
5.41292688542703
5.8470072435656
5.41292688542703
5.3392720540302
5.96546399325267
6.70579385957108
5.72705672849878
6.38929283973936
6.16113708663736
5.2670164559946
1.67753070766853
5.44890322342539
4.68321996689459
4.76874633969166
3.77722754095155
4.68321996689459
4.09437063024433
1.05145643940563
4.62478468501784
1.46717675489724
4.43365106422125
1.63525292850565
5.27744519788237
4.00982221773456
4.68321996689459
3.94739572934949
4.68321996689459
3.79913951995303
5.10704881338128
2.94725397734931
2.28866320555432
3.54818592945048
5.26089939088196
3.07063875781105
6.16113708663736
4.00982221773456
3.99941059789928
4.34770254332284
3.99941059789928
2.95836577832892
5.69084530248129
4.62478468501784
4.68321996689459
6.08374351270386
4.00982221773456
2.15384615384615
3.75853988222177
2.75612035655271
4.66781335729231
5.81006893840499
5.02981534763117
2.96680305433425
1.67753070766853
3.75010260621644
4.78050735594833
5.42071381722786
4.21051431485471
2.95836577832892
4.66781335729231
3.45084757452947
5.57220149271201
4.75371116622347
4.74388180267291
3.45084757452947
4.23431550933848
5.18866893574226
2.26986502168096
4.23431550933848
4.19838186246396
6.49978429846228
3.38644674231444
4.81479540400315
6.77588847986998
5.48314030561293
6.94564279491001
5.35710656924826
4.15824706395788
4.9442889748341
3.07403747789813
4.15255214694658
5.70337433390203
4.36049248573409
4.35347244016988
6.45627479383758
5.98473416216721
5.11388292779072
6.19274233497446
4.70821019571633
4.72744652081608
6.00951331693828
5.4348460102445
6.71013825123357
4.50710309631084
3.56875565784657
5.02670155250306
5.03502943229224
3.52835881942254
2.28480679205807
4.2812592793581
4.74204355305789
5.4009376730672
4.43233308148435
6.4152358859525
5.39644891244635
4.27126980762415
4.03985701936311
4.39841759849106
4.66393267592756
5.30522762263797
5.97829662678776
4.60910029627259
4.06123745404711
4.36049248573409
3.33937702659181
6.26202737791288
6.05812808257353
6.09050979309355
3.1083439492083
5.29770160182764
4.62864937325753
5.45520466458991
4.6371364862027
4.62688497455081
4.62864937325753
5.17942208237645
5.49592310220818
4.51718597113588
5.17942208237645
5.45051440586469
4.62913735142376
1.63525292850565
3.78759672356302
5.89309072425749
4.53136085527635
5.89309072425749
4.32100690250506
2.33229151006603
3.31278363617418
2.3634574882493
3.08175055879066
4.39137328505836
1.67753070766853
2.24806356782307
5.21969297509747
5.06477103421839
3.9051179501866
5.06477103421839
3.39223506241683
4.32100690250506
4.54023627250807
4.04098819591783
5.7112039568267
3.42340104060011
1.5661861054339
6.20341486580025
4.02674660668506
3.42672590977888
2.0863753465543
4.04168837706217
3.96754443857168
3.66931720411184
2.86270556483954
5.14932659254416
5.29770160182764
3.42672590977888
5.59769925188277
2.72088689082252
4.86617809770377
5.93130189090087
5.35222235852486
2.93156958860406
4.05012565306749
2.80265025321443
1.66184631892328
5.63595310964998
5.43205381431063
5.46443552483066
3.09723214822868
5.43205381431063
5.25472364152043
4.82913039632701
5.26321075446559
4.82913039632701
4.75547556493019
5.38166750415266
6.12199737047107
5.14326023939877
5.80549635063935
5.57734059753735
4.00306308316086
3.31278363617418
5.28893558081207
5.2670164559946
6.0326997125254
5.2670164559946
4.52325232428127
2.45911770173868
1.63525292850565
4.04098819591783
3.07063875781105
5.01744755332126
0
3.72404903485972
4.59361870683457
5.2670164559946
4.5311922184495
5.2670164559946
4.01830933067973
4.52325232428127
2.86270556483953
2.3634574882493
5.08512968856381
5.10093174826864
1.46717675489724
5.57734059753735
4.22899202846126
3.41561410879927
3.76390605422283
3.41561410879927
4.59361870683457
4.29539147237473
4.54023627250807
4.52325232428127
5.49994702360385
4.05280017804178
3.83137686151469
2.20069764970212
2.95836577832892
5.2938876255552
5.1839946701421
3.47197311511151
3.09362924600691
0
2.19226037369679
4.15443308768543
4.79463954896497
3.58444004659181
3.08519197000158
4.79463954896497
4.07692184279236
4.94612722444912
5.37978543448636
4.94612722444912
3.65309299630567
4.43656093111469
5.81474320400515
2.89593928994385
4.86038977760138
4.40062728424016
5.87371003019938
4.9442889748341
6.45407225390446
6.14981421160708
7.12241715551425
6.31956852664712
5.4814693099973
4.22899202846126
3.38644674231444
4.75156818556666
4.27937833861924
6.32944860216492
2.80265025321443
5.91131467268954
5.83020052557469
6.14981421160708
5.73995719605361
6.31956852664712
5.33428446397922
4.85427271248874
4.43233308148435
3.79556916034317
6.08406398297067
6.06452318072916
3.69558184951922
4.40062728424016
5.1618556239649
3.6551850110952
3.96233749972659
3.6551850110952
5.36811782132078
6.02701194133009
6.00951331693828
5.7891616176896
5.52327510411901
4.89734407588704
6.26525884400057
5.57837837100099
5.77244830278978
5.84442499275497
5.39191901580455
3.99941059789928
5.44520691811253
5.87747304060455
5.38675564311072
4.2150709094953
4.34959175880514
4.50563602892988
5.34749712705743
5.42059614626828
6.33212312713921
2.66136312351489
5.53518048933405
3.85743043287141
5.90829428065252
4.70229592991092
6.64266719004168
6.68027897834784
5.6189353176084
6.27313917889249
4.16716517231344
4.67317952929337
5.47904855019752
3.0415719402333
5.47904855019752
3.94756436617634
4.79522205914972
5.16264093345688
3.14111283508744
4.59776029918982
4.14332128670582
3.13000103410783
4.63090175013048
4.7854525087755
1.5661861054339
3.88922963320668
3.10227646713547
4.11506517541599
4.81596901778169
5.2190509056364
2.48684226871104
3.54785718444024
2.38160645684561
5.56090531568052
4.72711777580584
5.26820549033257
3.44241029852414
5.00267329084357
5.76835654737437
3.90737860180299
5.00267329084357
5.80284739473642
3.11291653697394
3.58336868321343
6.05887070094167
5.00267329084357
3.52703369086965
4.91190726431407
4.66678443113773
4.5962081034612
4.42021905234895
3.22593928064021
4.37178151694958
5.72163984453047
4.30784552395973
5.31891227075735
4.76262927457903
3.94907387078112
3.86451831245535
4.14766680729574
3.93960879754865
4.81622992877219
1.56618610543389
4.16410208915257
3.93960879754865
4.47792858401001
2.73199869180213
4.87382178947368
4.47792858401001
4.15898968232602
4.70567891077297
4.68752279636067
2.89520494631914
6.03323953158631
3.56354984792893
6.03323953158631
4.73414609611347
5.23703951214929
6.18886165360971
2.92701299396347
5.64873590624523
3.70836464611447
5.60506516450971
1.9157180510627
4.36049248573409
5.20491984154721
5.04871520933905
5.20491984154721
4.92355888435459
4.05086827143564
5.1180672112698
5.1180672112698
6.04646046940795
3.63896907803247
5.06493941714521
4.98730937236512
3.23759090068073
4.66678443113773
3.70557132125317
5.31891227075735
5.8208360012493
4.6211233524472
3.47879036136849
4.81870165443924
3.00810287320983
5.456209322876
5.10458423353023
4.3288533935822
4.55322901422655
5.26530276925512
2.88584926930282
2.64288540990834
4.44085548583733
4.95595658799967
3.54216226742893
3.48222462676341
2.84201816548388
2.33573292127695
3.71379752320783
4.03808547484039
4.52684669785958
3.06495098661575
2.11270669705399
4.15131929255733
4.10301785137289
4.54302846844193
3.52970821584393
5.46105968978461
5.14702324980394
4.22162611583432
2.97975335882892
6.04925266534181
4.98845596947928
4.30731397964226
5.60071964391978
4.30731397964226
4.83503638738899
5.29967594565759
5.42317839707891
4.52745347591283
5.53518048933404
4.50607417015627
4.8393819079789
3.83632916015785
2.49951454016271
5.50338128899877
5.63595310964998
5.50338128899877
5.66163524487261
4.03808547484039
4.45315657505494
4.45315657505494
4.18548252383657
5.55958018712762
4.95138400023403
3.12633142679375
3.34094464287986
4.55322901422655
5.06730119023431
3.70557132125317
6.30730128124429
5.418832876489
5.07923084331784
2.89520494631914
3.30656432066139
5.94267460287099
3.11505926373071
3.30410086973778
2.24806356782307
4.85056041405082
5.22701506767313
4.57537633514718
2.20069764970212
1.46717675489724
3.29566359373245
4.25064911336079
4.96627480474386
3.75607530237072
2.19226037369679
3.90170795266017
3.63359463128798
4.90729085649715
4.83965968712187
3.95886054320784
2.55324171262451
3.33670964743353
5.1609443687699
1.92801061163684
4.32627941751501
3.66497168352192
5.9857121224545
4.50096176332972
5.91394650653998
6.26181630386221
6.58229140814976
6.43157061890224
4.50710309631084
3.16630611711643
4.4898499623501
3.88332364214471
3.38644674231444
5.88612139066054
3.90605347325009
5.46798746118516
6.00183578135359
5.17544799792062
5.18295689667846
5.34520231296066
4.89095725247484
3.87990649880228
5.34460268072342
4.88251997646951
6.18070215674736
5.52439743336468
2.80265025321443
4.51262937649529
4.26892402766011
2.28480679205807
3.71949244021914
3.48087410141458
4.9247906098164
5.4868861939656
5.21777648905076
5.90116370994473
4.70864833694272
4.34680670868728
3.99258450433325
4.68731172231
4.32207826588345
4.21251405548059
5.9505720598154
4.05280017804178
3.9452185862123
5.1561607069536
4.55778560886713
5.61248066017646
5.89890305832835
5.29409869960587
3.58985693056012
5.14600259839279
4.21632803175303
4.81167333413161
3.36576761770221
4.17533156109177
5.19053388335607
4.77256006206407
4.70197545964411
4.03985701936311
3.7829902919826
5.14937730451141
4.5081661849458
3.9051179501866
4.66695306796458
5.9790392451559
5.41071719967791
5.9790392451559
4.40695542340347
2.93886741331123
4.5311922184495
2.51417827749682
3.56326354014249
2.83013947826763
2.89593928994385
2.68070112644916
4.90319195526574
5.1507195551168
1.63525292850565
5.1507195551168
2.29705804433583
4.40695542340347
3.88713761841715
3.14025254575971
5.53770349953396
4.74880983344758
1.92801061163684
5.97769699455051
3.31070704194408
4.01438595819114
4.27192015182864
4.84270564823024
3.59991449021384
3.26740748244262
3.26106335015426
5.23527511344257
5.26997703485529
2.93156958860406
3.99258450433325
4.05012565306749
3.63127442039529
5.14600259839279
5.39524275605589
3.41561410879927
2.72088689082252
4.65691263036336
4.13395676238044
5.18865181368977
5.15341834795957
4.87026985311918
2.89905308507196
3.95735103860306
5.19053388335607
4.21809017260488
4.29925616061442
3.02202286324837
4.21632803175303
3.7829902919826
5.36205146817539
4.73066086485127
4.77256006206407
4.45857345902325
3.90814548803962
3.9051179501866
4.66695306796458
5.37901854824973
5.41071719967791
5.37901854824973
3.78759672356302
2.24806356782306
4.10736337196281
2.51417827749682
2.87245969465433
4.05447117365741
2.47211044345716
2.68070112644916
4.02620678762414
4.53136085527635
2.85958462389543
4.41877625283647
3.47818358331524
3.75043135122669
3.38788954182692
2.54023184885354
4.66071833189237
4.74880983344758
1.23720676614867
5.55386814806382
2.0863753465543
2.93156958860406
4.27192015182864
4.12763689796057
4.57412034181688
3.88676618228306
3.26106335015426
4.61946834995662
4.3057606549862
4.01438595819114
4.61044969269398
4.30710290559159
4.46647091596767
6.05489774541328
5.50247003380377
5.25262335198746
3.86377569408721
6.16829192521363
5.25332353313179
6.83262005124374
6.80779820534883
6.73114724978347
4.89185308711041
6.05489774541328
5.81213781425347
6.20198918834026
5.49113116564844
5.58702672105698
5.81213781425347
6.13956382888263
5.46442837901466
5.72496471370925
6.13956382888263
4.94536033821248
5.30424138760724
1.61355202355484
2.83013947826763
4.72044489850723
2.1499825945339
3.19821471366785
3.96754443857168
4.76771854246452
4.05913716451414
3.07842568961189
2.64621027908712
4.18392205336452
4.64293365361415
3.32122091217951
4.7988845206478
3.96754443857168
3.69766671849275
3.49677069313794
2.49795406969065
4.12354514254516
4.55838524110438
4.05913716451414
4.31939546616573
2.83013947826763
4.28146320759276
5.69826079814804
4.18392205336452
4.8807412861308
3.57509264431893
5.49570375341408
3.13246561395888
4.55134092767169
2.88085453343584
4.72044489850723
5.57745112268093
4.18392205336452
5.12010826019206
3.61137102932875
4.28781448569713
5.4655228813341
4.08347704913139
3.26961002237573
3.4781995764403
3.25682722578048
2.65847752448994
3.93940486931399
3.42426132992783
3.79077722378344
2.66324406425376
4.62032863928434
5.09375134062102
2.92608461671598
4.93645822298198
3.79909569990175
4.59450326403078
4.84046926448235
5.72626314426336
4.35442500366126
5.33971734107259
5.05548036080131
4.05812365891899
3.80973576974022
5.51396041673347
4.2523710748437
6.2577245484468
4.50398215536673
4.70467425248688
3.5554330421904
3.18366150147732
3.09818471172006
3.08519197000158
5.40825261982686
2.59986501237731
5.08445377528797
3.71293723388011
5.44843838420021
4.64256936329606
5.492041291916
4.06467886525802
3.88922963320668
4.16991467712346
3.57633151559673
3.82531076226933
5.43210365125047
2.50139548090157
3.96018567176073
4.24065964162684
2.63075295751759
3.29566359373245
1.56618610543389
4.98442377334018
5.33207364930268
4.79598894538636
3.89815601630567
5.29576856629406
4.24065964162684
3.34991346320267
3.95966297475232
4.22517805218882
4.66781335729231
5.53954200304902
3.72404903485972
3.31767612164101
3.79023740472252
3.11291653697394
5.51846604550678
5.34775803804793
5.61747539604343
2.45911770173869
4.51943834800883
4.29604181657922
4.38214957063362
4.19838186246396
3.55382988059451
4.29604181657922
4.54200781703079
5.05716847846944
3.86795972366627
4.54200781703079
4.95212661860218
5.39450013768775
1.88912466064507
3.89815601630568
5.97829662678776
4.641920148019
5.97829662678776
4.40621280503532
3.60291776019837
3.5666553683136
1.23720676614868
3.09797476659683
4.61054309578507
2.98285887921359
3.1291407447801
5.43886278582417
5.14997693674866
3.84485983925427
5.14997693674866
3.26696934121623
3.57498211917535
4.38026862989475
3.95643978340806
5.55123631421338
3.50860694313037
2.51417827749682
5.70502707853773
3.90148088548445
2.33229151006603
1.56618610543389
3.08519197000158
4.18671424929838
4.56618044764865
2.70273792222622
5.23453249507443
5.05050274698683
3.44295011758505
4.23141278826104
5.34287382732454
5.20143461028502
4.52255214313694
6.24882356214373
3.76390605422283
4.90643169609686
5.9585871877194
5.24516403626944
5.49225236596667
5.35087183317604
5.63595310964998
4.77690558265399
4.52255214313694
5.16108873772827
3.89494167227048
4.21330763971601
3.2799792049872
5.16108873772827
4.36892976173941
5.38977603514775
5.61001720925284
4.36892976173941
5.45051440586469
4.42221766404739
3.53105046644932
3.42340104060011
5.89309072425749
4.16716517231344
5.89309072425749
4.32100690250506
3.56949827621471
5.20858117411785
2.01751132278978
4.75031219223636
3.96754443857168
3.83137686151469
1.5661861054339
4.72044489850723
5.06477103421839
4.00482748186759
5.06477103421839
4.06123745404711
4.32100690250506
2.98285887921359
3.69504203045831
4.58518143082924
3.75043135122669
3.11505926373071
6.20341486580025
3.42672590977888
4.27438360275226
3.32358211270298
5.10270329279136
5.01814773446559
3.57498211917535
1.30532817154506
5.14932659254416
5.30522762263797
4.27438360275226
5.68146235490055
4.99458188190097
5.18865181368977
5.26062850365496
4.80812252670454
3.41561410879927
4.86141042901252
5.29367655150453
4.80295915401071
3.63127442039529
3.76579526970513
3.92183953982986
4.76370063795741
4.83679965716827
5.7483266380392
2.07756663441489
4.95138400023403
3.2736339437714
5.32449779155251
4.11849944081091
6.05887070094167
6.09648248924783
5.03513882850839
5.68934268979248
2.95971517475031
5.25697601839337
5.3190809075842
4.41877625283647
6.06284503929753
4.53136085527635
4.6352544165364
3.67285201841384
4.63090175013048
4.01396381008981
4.72711777580584
4.76525396261347
3.14111283508743
3.29566359373245
2.83013947826763
5.37901854824973
4.73752939564112
5.37901854824973
4.83359358787651
4.6352544165364
2.54023184885354
3.38788954182692
2.96540294594561
5.4009376730672
3.10227646713546
4.68440900123256
3.28244265591081
4.41887680174355
5.18456005827435
3.32358211270298
5.58646977994357
4.31305847969337
3.16630611711643
3.42340104060011
5.47507421184166
4.84270564823024
1.19606730935652
5.01424035510206
3.08519197000158
3.57498211917535
5.81006893840499
4.73211251167281
4.23431550933848
4.52175855890152
5.46830793145197
3.08519197000158
4.62913735142376
3.15593693450497
4.82343547931571
3.80081766138466
4.29604181657922
3.76718710335033
4.27626454349112
2.93886741331123
4.29604181657922
2.12160881228449
4.71122231300992
3.2679390267601
2.12160881228449
3.91249100862954
5.99452083459392
5.12290158505336
4.26192955116726
6.74807163873397
4.88955714408621
6.88600963138624
5.50548157853174
5.50912691797732
6.76864136713005
3.34991346320267
6.1148425318948
5.3574281684425
6.18484487803004
3.93608112906264
6.18574785848161
5.99517117879842
5.43693915396146
6.13310917145068
5.37967603827022
4.66781335729231
5.07353592630653
5.86511239211063
6.12945555726166
4.67685741135088
5.53104604279479
4.6653914685651
4.78985588714866
4.76556558557122
3.93940486931398
5.51846604550678
6.09292340707733
5.41137468969841
3.57219706905748
6.10754357826019
5.22025706202687
5.60323380681065
2.87359801702505
3.33670964743353
3.15593693450497
4.20105638743824
5.1839946701421
3.05458180400427
4.43656093111469
2.92608461671598
3.79077722378343
2.45911770173868
4.00306308316086
2.52986266624207
4.99140112778053
4.00306308316086
4.92211608484212
3.14111283508744
4.90233881175402
3.14111283508744
4.42286800825188
2.3238542340607
5.33729658127281
3.89401329502299
2.74768308054739
4.0393172003022
5.36844656633103
6.76864136713005
5.93946025883579
6.12199737047107
6.5352969261629
6.25993536312334
5.63230777020439
5.63595310964998
5.12290158505335
5.0274441708712
6.18558749639819
5.9835024367054
4.53910509595335
5.58182091113934
5.55967359021871
6.12199737047107
6.06301342222436
6.25993536312334
6.00575030653311
4.79463954896497
3.57219706905748
4.18758168444209
5.50338128899877
6.29721840641925
5.60179100729817
4.0393172003022
4.99210130892487
4.89239177724388
5.55730241345874
4.89239177724388
6.71899767534023
6.0374489579613
5.07353592630653
5.4814693099973
5.42250248380307
6.22930807507355
3.49419671707074
2.6350984781075
2.57755732937326
4.85056041405082
4.95648813231715
4.21406625120921
1.61355202355484
2.6418647584972
2.65847752448994
4.85066981026697
4.62032863928434
4.49403399192916
1.46717675489724
3.42426132992783
4.36511578546697
4.29834377649198
4.42226837601464
3.34991346320267
3.41626332407633
3.33670964743353
5.1609443687699
2.7732048536866
4.32627941751501
3.99446544507212
5.71518518709853
3.86377569408721
5.6687729613964
6.26181630386221
6.3903134911505
6.16104368354627
4.43168386620729
3.16630611711643
3.8526638931076
3.24613757290221
2.66136312351489
5.54017522520102
3.26886740400758
5.13849369963496
5.71594492751917
5.17544799792062
4.45143574249947
5.11894462265002
4.26020871861178
3.65653440751659
5.01510891917322
4.16991467712346
6.02588961208443
5.44897820326113
2.07756663441489
4.84212313804549
3.85153271655287
2.09325102316014
3.29566359373245
3.28931833251665
4.9247906098164
5.4868861939656
4.88828272750056
5.55521754448521
4.4227574831083
4.18102647810307
3.49419671707074
3.27228454735001
3.26836117486143
3.90170795266017
5.51181743607666
4.85125232045172
2.30435586904301
3.14111283508744
3.29566359373245
5.31166402908999
5.43370655894633
4.94859067537273
2.6418647584972
4.60538686890723
3.41626332407633
4.79759185308222
3.80290967617419
3.96927216304312
4.36511578546697
4.32627941751501
4.50730589561807
2.15384615384615
3.33670964743353
4.61382414491256
6.3152058840047
3.86377569408721
5.6687729613964
6.86183700076838
6.3903134911505
6.76106438045244
5.32691855135228
4.34099412071639
4.4898499623501
3.24613757290221
3.83605112711485
4.51987761816266
3.90605347325009
5.13849369963496
6.36849491524012
6.07068268306561
3.371082823836
5.93274469041334
3.07908317963238
4.27589310735704
5.51435699576345
4.6691627537137
6.67995023333759
5.44897820326113
3.25225463801484
5.44214383495167
4.79641109348769
3.2679390267601
3.29566359373245
3.96475825952638
3.75010260621645
4.59165150882061
4.88828272750056
6.15523824139138
5.02277818001447
3.00633847450312
4.33631985511623
4.43500046064264
3.8117183883136
4.06634986087366
3.10587936935724
3.11365915534208
3.34696115908542
4.7490369006233
3.07138852199519
4.55322901422655
3.29432134312706
3.71379752320783
2.33573292127695
2.09825403377055
3.77394623792403
4.01338129990506
2.27578813479542
2.92701299396348
3.15458753808358
3.26907847805825
3.77464641906836
4.83965968712187
4.34405694997722
3.54017080154649
4.79452187800539
5.11478590824228
4.84781918398423
5.81107359669108
5.49187378401658
5.88649282679463
3.94666138572478
4.20438125661702
5.31703133001848
3.66087992810651
4.35802903481047
4.05377099251308
4.73323484091847
3.6921404383083
4.02550660647982
4.61500628733456
4.776905582654
4.721153354395
5.07988946226576
3.25585754023662
4.48785849646766
4.352383954739
5.38154983319308
5.39315901600979
3.77423254571046
4.63546549058706
2.49951454016271
3.48222462676341
4.23898150019521
4.55322901422655
5.47898159120519
5.11156271689802
4.361032304795
4.83503638738899
1.66549880418486
5.12188093364221
3.09818471172006
3.30410086973778
3.13000103410783
4.92802094697665
4.3693679029658
3.75198354695531
3.26526450178581
3.69644213884695
4.25699437457659
3.05458180400428
3.51859641486432
2.17689645521835
4.21815800662462
4.6049647208059
4.98007825275025
2.11270669705399
4.39895628862453
3.29984762331151
4.48083017616002
3.4781995764403
5.38031697880384
3.52610531362216
4.1153856456828
4.51262937649529
4.59165150882061
6.07725501145714
6.17652527298429
5.48314030561293
6.84487017459407
5.34520231296066
5.90116370994473
5.41803929225358
5.45118074319424
3.96475825952638
5.41234437524227
5.53975307709969
4.86738425409423
4.98368115497203
3.75010260621645
6.56950861155451
4.95026167098837
6.43157061890224
5.50591971975813
4.96627480474386
4.54658867953987
3.95944305339259
4.86206077321701
6.5660743461596
4.82854788614226
3.66497168352192
4.31854232265401
4.53653996719521
5.20145060341007
3.47197311511152
6.50108385794383
6.48496019904474
5.17266294780276
4.50710309631084
5.28040464781562
5.83273895633404
4.81520927736105
5.92667031642455
5.78523109938502
5.10634863223695
6.83262005124374
4.34770254332284
5.49022818519687
6.54238367681941
5.82896052536944
6.07604885506667
5.93466832227605
6.21974959874999
5.360702071754
5.10634863223695
5.74488522682828
4.47873816137049
4.79710412881602
3.86377569408721
5.74488522682828
4.95272625083942
5.97357252424776
6.19381369835285
4.95272625083942
6.0343108949647
5.89309072425749
2.94725397734931
3.58336868321343
4.40330180921445
3.58336868321343
5.30929423515749
4.48097454511838
5.01814773446559
3.83137686151469
2.60130781188979
4.16651570313635
2.33229151006603
5.20858117411785
2.83013947826763
3.08519197000158
3.57498211917535
2.51503856682454
3.80081766138466
4.01825949373989
4.90480339160507
2.72898714707417
3.85500967307163
4.00138494172923
3.83497976373646
4.75031219223636
6.78721135490025
3.38374794947167
4.85818009185227
3.90737860180299
5.68649978189137
4.43435124536558
5.0647710342184
1.05145643940564
5.30929423515749
5.88902411173798
4.43435124536558
4.1955725444776
4.07692184279236
3.71168838636581
3.29443186827064
4.43418975435472
4.57346999761238
3.33482870669466
3.58444004659182
2.19226037369679
5.29441916987268
4.36855719667789
5.03211843647136
1.22433169538978
3.61565673674234
3.25215408910776
4.93076330597068
2.83186005692308
4.10244361593157
4.2010065504984
4.54130763588646
3.67668311673878
2.87413783608596
3.77757340801429
4.57368934640648
5.8994855685131
3.69214043830831
5.25305264590479
6.48328205761311
5.99681677761812
6.58942912467354
4.91119823586068
3.97491749701461
4.3182147065712
3.0745023171233
3.46997450341307
4.10415730267105
3.73441821747119
4.94256814227862
6.01282991137362
5.65496236757401
3.48284957417197
5.76110943463444
2.90744792385347
4.10425785157813
5.34272173998455
4.49752749793479
6.30139529018232
5.25305264590479
2.88617801431306
5.40200903644558
4.51862877064835
2.90186240305832
3.12402833795355
3.79023740472252
3.33438229072484
4.22846048414379
4.71664747172166
5.73951792589978
3.86329373280954
2.59061815901151
3.05458180400427
4.30795492017588
4.51738877044311
4.58830237177335
5.16566132549391
1.67753070766853
3.97077477573192
5.02981534763117
4.31639219618121
5.30854308814588
5.27330962241568
3.93870468816965
3.94739572934949
4.48215530471292
4.65969768048122
3.91062606101573
2.57214044540496
3.29566359373245
4.65969768048122
4.32853292331539
3.76042082296064
4.72442612877906
4.32853292331539
4.18290027302594
4.3057606549862
3.51536607770407
2.49528669053237
5.38814773065595
3.16363159214215
5.38814773065595
3.85076583031624
4.31251978955989
5.1928967853726
1.56618610543389
4.85571664092865
3.09797476659683
4.60910029627259
1.30532817154506
3.75010260621645
4.55982804061685
4.01052239887889
4.55982804061685
4.21485983544463
2.7054053013845
3.8769287978891
3.8769287978891
5.4360705898903
2.99387727710212
4.27192015182864
4.97694018975366
2.62720102116309
3.32132146108659
2.28866320555432
4.14964115112569
4.8963162786599
3.97603155151684
2.19939809022057
4.2083117749216
4.34421731206064
4.42554253322617
5.0274441708712
3.1451538785356
4.88950617821893
4.95395684737379
5.1839946701421
1.5661861054339
4.03808547484039
3.65116823551553
3.15359115454093
4.39314370065365
4.49296262855077
4.57112421764834
4.04652275084572
4.49296262855077
5.32305499204003
2.66324406425376
4.40062728424017
2.66324406425376
4.89922614555334
3.79044847877319
5.81474320400515
5.54614792135529
4.3457777825327
5.07895281027483
4.76842586942485
5.12403276160808
5.1861376507989
5.35222235852486
5.92990178251223
5.35222235852486
4.60845822681153
4.55204825463201
3.44650205393954
2.90186240305832
4.81688027297668
4.81278851756127
2.86270556483953
4.03689644050242
4.2127678206551
5.35222235852486
4.47093410751716
5.35222235852486
4.60522676072384
4.00306308316086
1.14536052893173
1.85754368017646
4.17827697329305
5.37414148334233
4.23308378387667
5.07895281027483
3.46900368894177
3.69632446788737
4.25508803704179
3.69632446788737
5.55967359021871
5.19225471591154
2.82289123660027
4.60845822681153
5.23738425028459
4.81590945850538
5.38975891309526
4.6339221421675
4.2150709094953
5.86129954476563
5.9790392451559
4.84460483994904
3.30468337992253
4.27937833861924
3.68102863732869
6.17092375906407
6.05887070094167
5.90862302566276
2.24564280802329
4.87172977468415
5.39519291911605
5.45594728295805
5.30688149620112
4.45101359439813
4.44634045772541
5.10969776928421
6.05199502433583
4.75912805019178
5.73549400450411
5.04236994812326
5.37901854824973
2.49795406969066
4.9087774760609
3.90814548803962
4.9087774760609
4.79522205914972
3.58336868321343
2.83013947826763
1.46717675489724
3.84485983925427
1.05145643940564
2.93886741331123
3.07063875781105
4.91597475186099
3.13000103410783
2.95971517475031
1.92801061163684
3.0415719402333
3.35581230844864
4.3342278403267
4.29334189480901
3.5235668828628
4.59754922513915
4.82692071057791
1.63525292850565
6.13766463716383
3.01611800111383
2.67017183565431
4.01052239887889
3.86623914501083
3.47067468455741
5.1507195551168
4.16651570313635
4.79522205914972
5.25375282704912
3.47067468455741
4.1955725444776
3.43973577354985
3.02088454087765
4.28400163835212
3.87886045059521
4.07424731781807
2.11049701130488
3.08519197000158
1.46717675489724
4.87059032338599
3.81322789291838
4.60828958998467
0
2.62608696666086
4.2010065504984
4.43151522938044
3.52266390241124
3.48308491609113
3.25215408910776
3.77757340801429
4.62553557812942
3.56494168157412
4.54130763588646
3.88288550091832
5.29946487160693
3.69214043830831
5.25305264590479
5.88326136070694
5.99681677761812
5.98940842776737
4.06849284153046
2.75058580162483
3.68102863732869
3.0745023171233
2.24564280802329
5.18451022133452
3.09723214822868
4.94256814227862
5.30022461202756
4.8122569732438
4.17365341966013
4.94730936687112
4.08857346283288
3.48489915173769
4.84347366339431
4.0736986514481
5.61016929659282
5.25305264590479
1.66184631892328
4.97818018995889
3.43581240106127
1.67753070766853
3.12402833795355
2.87359801702505
4.55871398611462
5.071165878474
4.71664747172166
5.1394972289936
3.26327303590337
3.81494985440129
3.8922500252437
5.22104237151885
5.27717431065537
5.34808791198561
5.71743869289892
2.82289123660027
4.8838622270749
5.82676626017976
5.1133431087298
5.92930215027499
5.89406868454479
4.55946375029876
4.86048318069246
5.24194084492518
5.23682843809863
4.82371351235871
3.23759090068073
4.20875104507543
5.23682843809863
5.08831846352765
4.20896211912609
5.48421166899132
5.08831846352765
4.73467764043095
4.3057606549862
3.01611800111383
1.70122137700872
4.58518143082924
2.49462920051188
4.58518143082924
2.7054053013845
4.31251978955989
4.69364870878236
2.19939809022057
4.33217826276098
2.49795406969066
4.60910029627259
1.30532817154506
3.11291653697394
3.75686174079014
3.58669355239221
3.75686174079014
3.13246561395888
3.85076583031624
3.12402833795355
3.12402833795355
4.7988845206478
2.19734851265485
4.27192015182864
5.56299733047005
1.56618610543389
4.42554253322617
3.33036551514517
5.25386222326527
4.37277790049223
3.97603155151684
1.56618610543389
3.06295124598986
4.7927586082261
3.32132146108659
4.78985588714866
4.93924327309984
4.05791258486833
5.39827142283635
5.18758045031138
2.61253728382898
3.54351166385032
5.1618556239649
4.73323484091847
5.16361889374419
5.34529458712431
3.79378049376796
3.43581240106127
4.1492272777678
5.071165878474
4.20240578385963
3.32353942157914
3.00633847450312
4.45180717863355
3.82585058133024
4.18123755215374
5.3185491093667
5.05018227672002
3.70201938489867
3.77590241239866
3.80757679595835
2.66243448689328
4.13074241834525
3.71389092629892
4.13074241834525
2.19734851265485
3.41491392765494
4.00982221773456
3.44295011758505
3.01611800111383
2.27578813479542
4.22899202846126
2.61097681335692
2.24752374876216
2.96540294594562
3.47067468455741
2.96540294594562
2.91029967906364
2.99387727710211
2.45911770173869
2.45911770173869
3.93349173243601
3.23000676818712
2.93156958860406
4.79731407393925
0
3.33036551514517
4.42554253322617
4.52643282450168
4.03092349044812
4.15877860827536
2.33229151006603
2.5488790699821
3.94166664985781
2.97946705104248
