10.2842025598281
11.3608708801526
9.51159619104854
12.0955778622244
12.1850591845293
9.25841472248246
8.48580835370294
12.7558532445196
13.0520794730745
9.73168212199811
12.7099318134307
13.0269149393741
12.0808297641159
12.5975546334982
12.549905310759
11.8041649451227
13.0272789746155
12.338795717212
12.4379348339117
12.9447333092598
12.7102958486721
12.5697138197847
12.4125609881677
12.6762162497857
12.9580478522583
9.89564058232209
12.6954216926284
11.677854006096
12.0831265410348
11.0625660829048
11.533089378433
12.2329221848156
12.0761619246418
8.10304884894725
8.5163847544315
8.19940162848814
7.78852328820998
7.51995201038872
8.37352134945396
9.55597527821697
9.28653355800495
10.110953281253
8.92446680031077
8.60266115626585
8.54893085528474
8.78944015473616
9.46311084417685
8.36689713240975
7.83693513633209
8.47918413665872
9.71679786699751
7.79251953016644
8.9828227068045
9.3383469124735
9.28874893523623
9.37340743568546
9.12795314985706
9.90325141565464
13.2933926872307
13.2108470218749
11.2956201195632
12.7350963471311
9.72709991009777
12.1983898774405
11.5210937459222
12.6169705710808
12.8636683461133
12.0726820045968
11.9455907078239
11.8572964463503
12.7753552360284
12.0225335616415
10.3304897612559
11.65146945824
8.24738813202631
8.62661886773946
9.00057348912676
12.6227191671986
8.60266115626585
8.85612906307789
12.2062734852442
7.84570050029185
12.5340780443945
12.7408429745496
9.67292223034048
8.6806451243113
5.09799169162702
14.0928853883903
10.5005649926927
13.265715603451
13.8254620095777
12.6288146336394
13.5328470159215
13.4450963820313
10.6011557056323
13.8258260448191
11.2582736934068
11.2349255944213
13.7432803794634
13.2660796386924
13.682763928913
13.1788035999724
11.2779417790106
11.966032303465
8.53256599419244
13.5743582596812
12.6930112238771
11.5043112642474
11.8611131531084
10.5270607228526
12.8689135961737
12.631945714662
6.81446762904239
9.08203326760736
8.50585048174975
8.38508551872967
8.07303706982636
8.63649303163351
10.1532139429802
7.91612798358093
10.689044881722
1.88471884367078
0
1.32373365279042
7.22821485894323
10.1158506622757
7.12468859123463
8.49920037539459
7.20639378881705
8.404146685814
2.08835618477399
9.82282465175104
9.6967677756928
2.47072200359152
7.88330121414446
9.78522393789843
10.6191380241391
12.0065954726427
11.924049807287
12.3681261104074
13.5167026025326
10.1233103442649
12.9613616196889
12.4563861283454
13.4223537971599
11.7831463223082
13.0079743870201
13.0214955726237
12.4903590322546
6.26162977953856
5.71235832921495
10.9554560908984
12.4088655214969
1.48213558067917
1.61804393237004
2.0607349311571
13.7834912290231
