12.0915043677635
14.7148066628018
16.4852181099596
13.9767354730292
13.586896120623
12.7055278101925
14.6664126892326
16.468216005069
14.0237337076509
13.1599921887286
15.1498295539227
14.9957329272078
16.9705552172899
15.6142482397637
14.507103119077
15.4917496691687
15.1900098430911
15.1385488077138
18.4398637924713
14.474533607989
17.0697984206265
15.5536778729318
15.7149455598529
14.4203147729694
14.5727481204539
13.1689623036949
14.3146292361872
17.821062342792
13.0089164115219
13.9871284369206
15.5076130428893
14.0562611835467
16.6773637443207
12.9443895800301
14.9715562920856
11.5092356624256
9.72180804634882
11.2620407576564
12.0432624118889
9.63891344014261
12.2628241614494
13.8660864595371
14.0806863993491
15.7933320408621
16.8766773724961
14.8591210141776
18.1666088830408
15.5708317622418
13.7316019102933
15.4824120126466
15.6400713940816
15.5475409286959
15.5991475364555
16.1718092402365
17.3722263656256
13.8009819007654
13.9854836740303
15.1165999824925
15.2182478573497
16.1871238777225
20.4432244817633
17.8476110841175
14.6089861911358
14.378819389649
15.0226156937511
16.717345393677
17.849545286443
17.518131422556
14.3325948974035
18.8936112157825
17.4850006675633
11.7359541698527
17.4796279068102
18.8240280085607
18.5297943748759
16.1262631594298
17.8528610212863
18.6903740629673
16.6309087859774
20.5682550681656
17.4819465935408
14.2584366433293
16.1372401698348
16.4792678432397
15.9767004835087
17.4012171271174
18.507983024224
18.9544815416443
15.8314741043574
15.8028365705386
16.5772769533874
17.2127439628991
17.4598849582235
21.7807748449011
18.8917918699967
16.2723409808191
16.1601681657002
16.6592619162099
17.8984279394927
18.9683802629034
19.4632721178868
16.4892725315796
20.0304779601488
18.9966016048482
12.6807879818341
18.8651686872986
19.9271227351905
19.5788413053863
10.7167270061584
13.3534924461431
12.5094898348079
13.5922665588359
18.8636798984714
10.8802085778595
14.8604801357224
15.3236133147358
12.7042371883515
12.27648706774
11.318429945722
13.2824422831218
14.0312603176596
14.3807671493808
13.9495749838859
15.3439900636396
14.7072091363556
16.2757126642409
19.2834605051586
16.0357742824986
14.7015884460072
13.7733277101244
15.1221541581749
15.0833365482984
15.6469525199089
15.4336083669172
14.7406414210903
17.7703196360838
15.5387656475235
14.4414970405345
14.8982269382416
16.6101335288581
17.2785143527015
12.4613286284746
13.0988760690766
15.0372535901604
14.4608846594313
16.598580550144
13.3224899698283
11.525769521247
14.7961326961187
13.2046214303782
13.2906009677784
14.0654951652966
15.5482140229505
16.3010485844504
14.2362168692895
13.1844422219408
13.7802477846001
12.7804140958769
14.3974309562655
19.5173940986969
14.5411981786893
15.1658481808089
14.3198592263874
14.0002292881512
14.4495120683189
16.006379042904
14.903620450787
12.9171690647169
17.5819708235656
15.7272138855164
11.7781507092401
14.9888245069198
15.8248283400645
17.3031664265364
11.1295624116744
14.0583651834932
14.9490512031584
13.6485930592175
17.9233451321079
11.4357154812129
14.9937767076926
16.2009452059842
12.7539048791921
12.6369249593848
13.2827945895642
14.2376110766134
16.7144515176705
15.4497762642777
15.5131431924864
16.2026478983978
14.6945959352345
16.7307524094426
20.5667319738122
16.7659818782776
17.5920428909076
15.0498691035317
15.4775393615979
16.2079250583472
17.0020635616435
16.2442001707412
15.6287282936009
18.4542810693968
16.5744826647804
14.5853850985642
14.9315413938601
16.5525245623741
18.5654111145271
11.1178747658048
13.7093267394959
14.0591295514276
13.5514449851776
17.0091678805839
13.3907996830982
13.4634270286051
14.9425401412148
12.4051282757326
11.6421770390996
13.8073456655582
12.9146340946602
14.9648686513538
13.9196234187408
13.7459608210196
13.4271963759732
13.404223440767
14.3690900701277
20.604697110999
16.2872434235758
13.8445935112699
13.5367397584414
13.3463125953403
14.9965861356917
16.9073947489735
15.1683011763179
13.2511963402189
16.0721707088571
15.542142619134
14.479289103099
14.7948439540104
16.8082239246854
16.1025163647074
11.5479624082577
12.9175117356395
15.3445647229908
13.4120624508639
15.9976805091988
12.7121345877682
13.0721411290503
15.2476443443881
12.5235065242856
11.6928985980043
14.0912697543668
14.7740466650403
16.3175467774316
13.3891501965691
12.919732541831
13.8723501002797
13.0968997635073
13.7224430702064
18.8493841683002
15.2937229860981
15.1629697221192
13.3300398018663
13.2223158608306
14.8703457583723
15.2198646462299
15.9886655045371
13.6133986506107
18.4647865519415
15.6119760251571
12.5750704810144
14.5934622653109
15.3545350373339
18.2981301864598
12.2581923213484
13.0958842262222
15.4083719340515
14.4894192357163
17.9883314792705
14.0670481046379
13.9336415076495
15.0081898606007
14.0011484813061
13.2021627892633
14.3922296144403
14.9986140475765
16.6507446806462
13.2336908031883
13.227302488887
13.680609716995
13.5221260328473
15.507633324967
18.7377164576202
16.8642985826105
14.1015304171744
13.904263736314
14.1318312699427
15.5735048755927
15.9350567694874
15.9737466934959
13.538080040876
18.9939705516766
16.1429958730811
12.6538605000689
15.0264085472623
16.1515993276091
18.118276226544
13.0695548570704
14.5184369801053
15.2401203494163
15.4276606238157
20.061391985242
13.7429797452317
18.0545586559315
17.2643745668028
15.4722709454337
15.255719803286
14.5059598220657
15.2633990382437
15.805068031507
16.9218412184956
16.8156442081204
18.0824954762682
18.2129150761639
18.6040872248196
22.3240643503692
18.5178709856794
18.5313811147999
16.4966118929991
16.9432618749518
18.1361373428039
17.5323606620465
16.7120589867283
16.2123943720464
19.4580868702508
16.8581978004188
17.163445509343
16.8193593842626
16.5010125424996
19.0575782974474
