0.747754303346323
0.712915956897533
0
0.983959874691045
1.37302569205587
1.35288873700493
0
0.747754303346323
0.983959874691045
0.712915956897533
0.771801100325291
1.83623073538882
1.35288873700494
1.48533493352994
1.09626911616511
0.747754303346319
0.712915956897533
0
0.983959874691042
1.37302569205587
0
1.29400359357717
0.747754303346319
0.983959874691042
1.09626911616511
0.983959874691042
1.21954756972863
0.983959874691042
0
1.04480162833706
1.29400359357717
0
0.712915956897533
1.21954756972863
1.60861338709346
