6.2938088429238
7.57841625080633
6.385540103621
7.42014196120174
6.56413060920909
6.77560758690775
7.4194169177013
8.1008573644918
5.66679751189685
6.3231589466881
5.57539420014959
7.40273858035608
5.99077961651869
6.49302827473377
5.13548056778845
6.9652228633196
7.83117118363486
5.84855256199436
6.32872055747824
7.90908058854775
6.70491305576381
7.40093874123406
6.94068644976768
6.47706505763489
7.51842839171101
7.61012489709126
5.788241605774
7.65448467897505
7.55513107188646
7.29775780206222
6.55921576215086
7.76719114661253
5.69021961083519
7.39977748065873
6.36272338183097
7.28715094554972
6.70723505267438
6.50282045811838
6.38373997432733
8.15665325275095
7.08379089323299
6.34380281860886
6.48416747570813
7.85305457932661
5.68961423368687
7.21759798908204
6.30088186314701
7.57843234487829
6.52692379416457
6.13523069034731
6.78896890994758
6.63412390011437
6.60183193212809
9.79309190798394
7.76346815881767
7.65815600242043
8.41014428105292
7.25885826020276
7.2468574010405
8.03316219030628
7.91684695011207
7.79170190364562
7.1602967302377
6.63997690120822
7.16324118651287
8.54274996137608
6.85200089415375
6.40209609013269
7.28168983826295
7.1267727934734
7.44870544453662
7.11036704354014
6.38452083759719
7.49047338998245
7.48833919696487
7.28906681298744
8.17680877245608
8.56886197528064
7.6301330272359
8.39869897464282
7.21659801334636
7.10029144540469
8.34534214780933
7.93842886331984
5.20811326402825
5.61189100347751
6.62038576437404
7.72569126532005
7.95037088687635
6.33405980894093
7.39539050285795
7.43506862955734
5.70907522651938
6.07787675912657
8.32534187427352
6.91096976254092
8.26161117923548
8.25854262024296
7.3651311151638
8.11000951842553
7.28653552773991
8.19386458971672
5.5164091001122
7.06525126928499
6.33168106512427
6.84005887059724
7.14835470668118
