7.84056937283015
7.57926303755399
7.67350095479568
8.03962270180012
8.46367751640938
8.6433796654757
8.74581070385305
8.66885238186892
8.10210894983937
10.6662397477466
8.53089601741359
9.14049714743582
9.33696821784177
7.8288167984708
9.61617270571418
10.5490966657595
9.87902038941667
11.2777346163077
9.57473068397132
10.1071653483874
10.17538587469
9.55064517816265
9.99820574077677
8.98350093570107
8.87810233301613
9.17116987005933
9.21948515983868
9.8671044470505
10.1378703737734
10.0925618355655
9.70360453447537
8.80639987564351
9.85744812863813
11.0219013282389
9.30066180576075
9.23489811568625
8.75533574056688
9.73129879538941
10.1141940532337
9.59466366541545
8.29550603149437
8.99081926900249
8.95145365166211
9.4030650550343
9.16467887880841
8.58714451149699
9.28724595345129
9.25355825019597
9.07091864282751
9.65157009053616
10.3055457076086
9.6116976182035
8.76958506522524
6.55202376526063
6.97267188423076
7.66203220182002
10.5491848814336
10.311864347689
9.62282156044984
10.6708093812415
10.7223890988185
9.87019982495975
9.69219747883545
10.2952289701843
10.7521848502707
9.84710566249079
9.60978512874624
8.92074234150707
4.99351231920672
5.76352577629936
4.60667448325825
5.71951033187289
6.42707264479503
7.3294964235413
4.22932543282476
5.18627969310123
5.98614969504941
7.10250950112717
6.95834175170783
7.7084050684613
5.93149072955645
5.94346357120643
5.14483767135839
5.45522708741291
5.86330922564167
6.88324706813881
5.8332237646961
5.93830562137845
6.98466309937159
5.39363096191796
4.91922554189668
6.13887625674893
5.85351123437492
5.72785977306963
6.37852818132337
5.65455436429781
5.36224357707422
4.93904240323779
8.63718830054292
9.64269424041029
10.3196559799877
5.64029539959093
5.75258499486863
4.18765969137834
4.52332996946351
4.54165277175962
6.01840089497922
4.37280758512755
4.50876481310632
5.82852313113162
5.6079498771867
6.02151876585462
6.86347704613431
6.61893646360087
6.71443117342069
6.0031406013261
5.33423078245364
5.64392408131943
6.25255414739397
8.65490464700306
9.06406551654413
9.8700580720148
5.42083907121429
4.82401228092955
5.87645468027382
7.3394021937699
7.7088036163106
7.38371780895061
9.91304764958881
9.21064226344413
10.0095239950859
