10.4360536927342
10.8022241840536
9.33314451737526
9.92996065741423
11.1407141014996
10.4585391247963
10.3642405502112
10.4717397765376
10.6350185065769
9.88757527533108
10.7425843018471
10.770991800355
10.4067158159854
10.3425951312909
10.3238402074263
10.4038868868274
9.96475532401911
10.7531975144568
10.9683559249656
10.8409169426469
10.7331096525224
10.6257759066358
10.5146171859126
10.310814863714
11.1638853912161
10.1435503415412
10.421398293577
10.1754014339205
10.7124897618584
10.3964134619752
10.032502620383
10.9716448367873
10.836106075403
9.696500553698
11.0879574926748
10.7616451455922
10.3917427189712
10.5383007486324
11.0537443982215
10.9739091581355
10.4772071325205
9.96720158392989
9.43666737474043
10.0589844294636
10.8964350613202
10.9134478703198
9.77886712727813
10.4510294372434
10.6768449599781
10.7356917147189
10.7863202556332
10.7151370802724
9.52816222931079
10.812914566014
9.97792191873265
10.7713668569244
9.57409192811842
9.95280920434026
10.5722686625685
10.6369485124249
10.0328527550698
10.1274553940345
10.1163107167101
9.61357537327251
9.48568672483761
10.4700961769396
9.76897927694469
9.91928029698315
11.2542935760721
11.2395848823725
10.0392403195418
10.2433770473229
10.3552237602488
10.0198653488225
10.4646959468416
10.6022387062067
10.1121534347955
10.4197229681245
10.3611952070519
10.6837780873931
10.2815871361267
10.8365526959461
10.5521545550951
10.85538234964
10.3638065938041
9.80368727806554
10.9400673115299
10.2677241672875
11.1414771012596
9.50999388801497
10.5627110533782
10.3712520358776
10.8764037763559
10.5146369911039
10.1841117820565
9.96256648801642
10.5680628760314
11.2131173070188
10.8604552866932
10.2347081148563
11.1892971994596
10.9782056100755
10.9555811229432
10.8288113360848
11.0882664190615
11.0103870924143
10.6401108670439
10.4727744107561
10.5237165217264
10.5845310809349
10.3524584382386
10.4636234867635
10.662760120098
10.7385722675524
10.9060998503637
10.7617293979083
10.8068548578031
10.9170083355737
10.5692094536808
10.9013968588276
10.6295820339657
11.1621660055819
10.8331142685768
7.00005489938406
7.80084174723495
6.36075884634134
6.27997993998551
7.47307161168845
6.21566064276455
6.15700710962773
5.73064742987388
6.3080068341809
5.74069565386506
7.14674643247265
6.92537407093598
7.25312627435972
5.31155022644928
6.07024642791175
6.45678890905112
6.74549315895871
6.54703441791701
7.05372430613114
7.12443658511285
6.63244116321841
6.61262741428772
8.23903068370322
6.26098977204498
8.39157029506197
5.42796729046199
7.84509434992479
7.377949024928
7.29152689617156
6.59937765675328
6.6113501471673
7.55241175510562
6.32434727341935
7.4684143750207
7.35205634022741
8.00334823999484
7.18329595710181
7.76957014125976
7.13999193430132
7.0983240479787
7.0381342724875
6.84055885745962
5.99855164484501
6.24483846309617
7.48635797654927
6.94782027099637
7.10934422294818
7.88371587816272
5.33472348362564
7.34742570391179
6.49913530265655
7.7802251722764
6.96602433811013
7.62664913268657
5.94168495668983
7.09473570888602
5.74302932284071
6.44088414025396
6.68928873000924
6.96626662461466
6.59877828138644
6.81377906913561
6.15178549694226
5.62189362666497
6.42030708176597
7.3230210505464
7.04354361446418
7.23424867490667
6.80492139439197
5.77164531050115
5.89272668240979
7.21878624994997
6.52116816011886
7.54413926046416
6.83868399508666
7.4981162258529
5.85815135704125
7.1754027445626
6.17856933027724
6.82495965934676
7.80370057808162
7.35283240040529
7.42139618803324
7.61218978796117
7.41724456287976
7.46873628587934
7.86521420510281
8.04683483309011
7.38701046887142
7.18278121916822
7.06014337094111
6.73627392140875
6.0945555345844
7.41208673832735
7.43261730182784
7.0927750347425
6.4388716107147
6.45788981814741
6.61640244573347
6.56709567049427
7.68334754335313
6.11683970702589
6.32958803936498
4.51790548214893
6.08315496577931
5.9963392532572
7.37214023233183
7.05245113387537
7.16194791474871
6.10337086890233
5.50609916440419
5.92411215790378
7.12626183215531
6.63069702576185
6.76982787234043
6.99285418509782
6.82520750867228
7.03857749506005
8.06994030757683
6.75469523318775
8.26007871750117
6.33016182287342
7.45114046118067
7.16612526567695
7.31201654773502
7.03614858171964
7.01465837581617
7.93314014845693
5.82006590847182
8.18074328821978
7.74764372273998
7.75165069182415
6.98902286795922
7.80088063701722
6.1512958700587
6.98064174971327
8.03440789075144
7.46923915283641
6.83597111863138
5.51943157901283
7.21332181525856
5.8165304658007
6.67935113935766
7.64470791493845
6.40818778551247
7.35768045944863
7.22650964792479
6.97980644798042
6.68668772841184
6.94354371022082
6.58118609626061
6.30227196629524
5.4127899727333
7.44128356396095
8.11030973859505
6.51452910874943
6.27903763128412
6.83333381413925
5.46868007447654
6.19873627507283
6.61447400320824
6.2810524635668
7.5531423130588
7.77531950461793
6.37733931138592
5.749523656704
5.5059214577839
6.60472255988434
6.11647683644966
7.64152873987891
7.5016038019667
7.65625620899719
5.6561902479765
7.21089386699964
6.62024760883407
7.33805899095678
8.47927032946153
6.80478133472192
7.79550862183665
7.27796799579595
7.65112147825766
7.9599164941948
8.28335930340123
8.27654011485707
7.3771374221751
7.67396142748368
7.07388428334247
7.55352290371884
6.47343568966377
7.0309153171864
7.56642336280827
7.3262490235323
6.55362752863931
6.76853733862099
6.70153360627447
6.54355999200742
8.38120785710359
6.37759913621795
6.69908573106471
5.50839938887158
6.79320484798492
6.44652680260305
7.61981859695562
7.29620209358464
8.06680947467721
6.81648143522176
6.2161490466098
5.87749677599713
6.87209759759033
6.66699672456065
7.1890604566124
7.22109416724807
6.83567665503195
6.98772039054745
8.68688973379878
7.09517750720822
8.66372984486713
6.67064409689388
7.88607775795757
7.23826498151909
7.16882733655417
7.00779536063133
7.49339827218162
7.67063156410544
6.5015360194417
7.99666909698932
8.65990823017706
7.85332554518051
7.23807724587892
7.47903051927635
6.92156064127494
6.87066276659375
7.56669259738802
7.06383640064888
6.99574678496188
6.148386188654
7.03247532365133
5.7878825911683
6.57557802806834
8.07093230997518
6.91425065771371
7.72717815114836
7.73257252012604
6.87603333669108
6.15063680044063
7.68174052452774
6.68633682266688
6.14607636703329
5.68319428162134
7.38984954400044
8.45079201261551
6.73802328918171
6.44355883028067
6.71421391100283
6.20687688878343
6.27777772745272
7.12160928577349
5.85984083925785
7.22199220019691
7.80922578056089
7.50809987536938
6.67755400608301
5.66325060411324
6.82821674031662
7.0205071685549
7.07281187297846
8.24397023170927
8.60492912683101
6.15476015087284
7.6133026297985
7.36619031206344
8.09513821951416
8.88649773031428
7.91154188143163
7.525662904269
8.19023250323302
8.08343512709787
7.57869590386364
8.4948483004143
8.88649773031428
8.49213214421663
7.52042084744282
7.60238850576832
7.31865898503446
7.01650010492162
7.69564352995533
8.50658621171902
7.69015414726545
6.55125191698474
7.26126281665477
6.00827950422817
6.14458184677153
8.18374405641397
6.02602779012906
6.29758530891987
5.74295916965645
6.84709393110493
5.75145451599421
7.21831817481078
6.90617226706571
7.9634445388199
6.12204697393585
6.27003812972981
5.72541057536297
6.27424876722711
6.29678557888962
6.78756003446756
7.11772923139075
6.73231171917462
6.53290381941585
8.09438131553925
6.8977137065186
8.28033315653726
6.08480044994988
7.68735771320665
6.84805076996426
6.71401076542259
6.55297878949975
7.49102266052705
7.78460440030203
6.35269488795728
7.27909292695617
8.2765115418472
7.74996060932317
7.23570163422437
7.06444903256327
7.15751870464524
6.86828715493919
6.84911642735486
6.60901982951729
6.60571695844296
5.93248080479243
7.31183543477395
5.8751476399932
6.503923199857
7.96756737411786
6.20539701086065
7.32567772900353
7.3310720979812
7.20983893768864
6.31420394935002
7.67936491287317
5.88003583686733
6.19996545015332
5.53430428138677
6.69659544195415
7.9551381322717
6.64784389598322
6.53712916156395
6.85341378475398
6.20450127712887
6.11752036912185
7.01824434991615
6.0790903360554
6.50441603016373
7.43814597679865
7.56198895848941
6.73144308920303
5.57307121091476
6.73803734711814
6.83628992509729
6.98003628251048
7.8605735433794
8.31727555954119
5.97054290741524
7.4290853863409
7.07853674477361
7.72492707384315
8.30065408337026
8.0140441220023
7.0555704744427
7.80683581490317
7.731863781009
7.37180582099619
7.89753405784438
8.30065408337026
8.10873545588677
7.21345573223257
7.4535473742839
6.59172984062519
6.86765897343719
7.54355732932119
8.12318952338916
7.23314278200741
6.59913513814235
6.93160309979326
6.86865974664197
6.64512830413582
8.42671546660665
6.423106745721
6.80065404319309
5.67552552923908
6.83871245748797
6.49203441210611
7.66532620645868
6.9884809430749
8.11231708418026
6.8619890447248
6.26165665611284
5.60491853766825
6.97366590971872
6.76856503668904
6.89216015029665
6.92419386093232
6.93724496716034
7.03322800005051
8.78845804592718
7.14068511671127
8.3668295385514
6.71615170639694
7.93158536746063
7.3398332936475
6.86110618604442
7.05869742818373
7.53890588168467
7.77219987623385
6.54704362894475
8.04217670649237
8.70541583968011
7.89883315468355
7.56691915864526
7.58059883140475
6.967068250778
6.91617037609679
7.66826090951642
7.39267831341523
6.69884647864615
6.24995450078242
7.12361247562225
5.87676131835025
6.34681114764477
8.17250062210357
7.08137679808124
7.82874646327676
7.89969866049356
6.56831218618134
6.25220511256903
7.72724813403079
6.73184443216992
6.24764467916168
5.72870189112439
7.49141785612882
8.49629962211856
6.83959160131009
6.48906643978371
6.81578222313121
6.25238449828649
6.32510352151832
7.16711689527654
5.93263668228515
7.3891183405644
7.85473339006393
7.55360748487243
6.72306161558608
5.83037674448074
6.929785052445
7.06601477805796
7.40165378574481
8.28947784121231
8.65043673633406
6.20026776037588
7.71487094192689
7.41169792156647
8.14064582901722
8.58959742399854
7.95704949093468
7.62723121639739
8.23574011273607
7.78653482078212
7.68026421599203
8.59641661254268
8.58959742399854
8.53763975371968
7.19157893467646
7.64789611527138
7.01093783452473
7.06200771442467
7.74115113945839
8.55209382122206
8.01899606003179
6.79509447515412
6.55086047437949
6.68658695663741
6.72083281584489
7.86704100561295
6.5803293508224
6.55039445768781
5.26866300769049
6.38774441877602
6.47198419337005
7.69931492895016
7.25005006507401
7.6868064362353
6.43647839677985
5.8106886174009
5.87667465852403
7.25210063603225
6.84956076891785
7.15372927229578
7.30899686554135
7.21567969347387
6.7497485020056
8.66143234303179
7.01192847569347
8.95793903125166
6.69610148766088
7.58645156988999
7.11338934038005
7.3879403405535
6.93922895907563
6.94940175104563
7.97113827055283
6.72972362481314
8.19939931159377
8.0807512506175
8.25878597438941
7.07095491526569
7.75961530734619
7.12908701229222
7.11212971310856
7.74396542122549
7.01808398558154
6.75768538604081
5.99969491527712
6.69810182767728
5.96515541500577
6.07779396597257
8.24820513381265
6.16787948165339
7.57848687777146
6.98620134406572
6.34492454697702
6.6300580892546
7.3404742179962
6.18145814308592
6.72880962007965
5.50592145778389
7.16166193862901
8.16481276649631
6.91529611301917
6.13212219339448
6.58544455600345
5.86561058225189
6.10232308817782
6.91887907116904
6.03711366309531
7.4097757651643
7.85111091717564
7.12809683692748
6.09482075303666
5.85103416908063
7.20821977875853
7.16919844193181
6.88502830801105
7.86754346675417
8.01690465326491
6.50618163885419
7.50834890703699
6.98089605310179
7.720426401592
8.77167021400311
7.65477272559963
7.70293572810647
8.01653595288235
7.96860761078671
7.65265676346872
8.67212112425176
8.97440042860756
8.11570537926151
7.47306997505311
7.83057611113975
7.67796738573272
7.04195749568861
7.20441179232273
8.13015944676391
7.70510079690249
6.90105874326061
6.8633502473563
6.64787457685011
6.94108396858653
7.80534574408323
5.85738278908444
6.41622107804212
5.18282282929929
6.34261188372077
6.23054159897829
7.45877327100897
7.28043592070019
7.08714951052593
5.71297817974792
5.76555608234565
6.12684237250822
7.18563230474561
6.61562928570737
7.17264453229604
6.95277779777237
6.96582890400038
6.8358472804556
8.29254408654613
6.53689727852882
8.77606675181429
5.81417378856031
7.80870101342516
7.57158569488585
7.71747697694391
7.03614858171964
6.55247124327026
7.62578335355107
5.7633392051348
8.00948520473196
7.65544111323973
8.16202382456187
7.24847978590067
8.20634106622612
6.50002959593059
6.92391504637627
7.66041959265917
7.46923915283641
6.52861432372552
6.13253492635499
7.01059160065411
5.8165304658007
6.27389071014876
8.25781126228062
5.80264091095242
7.44431349812578
6.90768225739303
6.97980644798042
6.88941794301628
7.40573084276673
6.17572566705173
6.76445909884114
5.61552018733775
7.06729526586869
7.39159148967748
6.93808778414599
6.27903763128412
6.83333381413925
5.93086720702244
5.99600606046838
6.8221169213415
6.68651289277571
7.38188422957099
7.74384737350129
6.83952644393182
5.80625036004102
5.92948013318046
7.23101144988535
6.63803444158587
7.23606831067001
7.47506546628633
7.64118846894272
5.97501763850825
7.12426082832249
6.6051798687796
7.33941899675007
8.30307845053744
7.20759799467753
7.5927784072322
7.79395603010906
7.50511796699022
7.55445606498591
8.2984270434557
8.5058086651419
7.69039524188376
7.26850099827479
6.81442736540101
7.12280790228957
6.01124855711787
7.23364553179086
7.9075795239906
7.14434576241857
6.68807515299298
6.81781290003945
6.95759976149262
6.55618828928519
7.90746483764395
6.30931654596719
6.9144442429469
5.56173532948527
6.31946182852525
6.58097442695676
7.55153600670486
7.30500135743317
7.99852688442646
6.34273841576209
5.74240602715012
6.12416916663096
7.290186324077
7.08508545104731
7.41141077925937
7.44344448989506
7.2537653815186
6.91943780029669
8.902248245681
7.02689491695746
8.8860801675141
6.60236150664313
7.61506495310236
7.45362349340131
7.38035681500714
6.94490722842994
7.01965525272195
7.88599007598768
6.6359836437954
7.72565629213412
8.38889542532185
7.98777316953419
7.10362962152523
7.89711924576302
7.05600826562863
7.00511039094744
7.78205110927023
6.92938877629518
6.60990646379554
6.36374470053622
7.00982227586844
5.99055151810408
6.46060134739859
8.08356060725293
6.76485638372297
7.94253666303057
7.58317824613529
6.68210238593517
6.36599531232284
7.61345793427698
6.21259380320721
6.76689530812439
5.61491169137059
7.40247784127819
8.38250942236474
7.15611201566836
5.969815810821
6.72684220828059
6.13859429853269
6.21131332176452
6.44513605170937
6.24915709664343
7.68078857001949
7.74094319031012
7.43981728511861
6.40654120122781
6.12204697393584
7.24630546680327
7.15495479290861
6.93836424862475
7.77022721224961
8.33391632197579
6.491937989831
7.62593092707627
6.89244729260377
7.62139520005452
8.50065740914791
7.84325929118087
7.94375163075564
8.32468012758673
7.69759480593149
7.38859398653694
8.91293702690095
8.70338762375235
8.42384955396588
7.10263891982582
7.53410591551757
7.73291867809188
6.94821751467086
7.62736093970459
8.03284319225935
7.96116695212065
5.97020422954236
7.32031860771194
6.88650124585517
6.51711468532072
7.64908064396826
6.21595892926287
6.19269450274975
5.61558430374935
6.03281232798241
6.61624418961482
7.53946877818345
6.74916511401276
8.04683420756839
6.89406441341377
5.5923217071088
5.99903797720829
6.31857333083028
6.35008748451018
6.84140567677974
7.10184523932895
6.03020859229368
7.56988502523961
7.97620032655908
6.8790545988205
8.1412431919037
6.71539493817597
8.07845969071207
6.82650151445729
7.1950329966291
7.35390505310073
7.08862381021805
7.1686052027294
6.54262602709108
8.33953350239551
8.15194359880603
7.47231992506218
6.70184580580155
7.16185793601448
6.95281025876416
6.54669638543827
7.22671938942642
7.29619489910514
6.62541871503167
5.34213400199356
7.20339522523039
6.34684178296682
6.81329116863022
7.34565962842163
6.65998001900213
7.32460532281481
7.47830188141444
7.11374647725297
6.26236218252376
7.1639746644526
6.68096210046832
5.42616136617665
5.7576190476318
6.61864841299887
7.76160787377673
6.07159339329735
6.54570852978532
6.11011691354923
5.54264550887843
5.8392135660605
6.55467436874606
5.59498249310623
7.78283707277646
7.96578771721036
6.74770735536688
5.91716148608052
5.73561621750157
6.12138280402823
6.47950967125982
7.19202550352084
7.92724095767329
8.27901667765447
5.61376265357775
6.70535383065112
7.55683958169816
8.31832729971043
8.36173761998366
7.54537625726731
6.91660877609999
7.86593132570295
7.46545534288761
7.51973029393617
7.40445945766457
8.40214166038771
8.0462124358221
7.51032171187281
7.68388255382175
7.03107892340403
6.51556450286058
7.60262688777001
8.15270183797889
7.8903968601965
6.29286809944725
7.06608046196075
6.81913266033791
6.59499401196793
8.04863870243592
6.06011300368889
6.37617330026036
5.38555304390374
6.54534209832522
6.40179968246611
7.21599527862276
7.21851518584738
7.13896351033412
5.86780851738796
5.9682862969501
5.82469390753172
7.32899204675976
6.46079894806732
6.92986653990983
6.8018615829761
6.81491268920411
6.74724987427755
8.64529881448024
5.87971053821677
8.63270700980013
5.55207310136555
7.83886139572825
7.47216744451379
7.42614935616142
6.32853968753423
6.14701081406136
7.77310148088753
6.1687996343437
7.77528285901087
7.91754180043449
7.77463509623874
6.84301935669177
7.9041926012496
6.50002959593059
6.31572440256292
8.03440789075144
7.17791153205391
6.27436573571343
6.01468315968442
6.80786138604966
6.42472110961404
6.67935113935766
7.85773294901106
6.25204283180341
7.40426572034401
7.07036469421573
6.97980644798042
6.38064554957499
7.2030006281623
6.68449806049301
6.35899866963224
5.61552018733775
7.64401377856539
7.65160631702696
6.73755348085857
6.58118609626062
7.13548227911576
5.72813699241799
5.99600606046838
6.63745840762283
6.2810524635668
7.35041209845435
7.18355660665235
6.83952644393182
6.00898057464545
5.55498808438969
7.03047714659793
6.88081243397209
7.23606831067001
7.33170572427218
7.87539081466382
6.01506541629001
7.7724992499176
6.45034953113955
7.18458865911003
8.4464381925516
7.36638671763989
7.79550862183665
7.65059628809491
7.70784818159467
7.85660452996241
8.45325738109575
8.4464381925516
7.74976571447407
7.5706494632513
6.81442736540101
7.00273836499488
6.61943920093121
7.1450481256128
7.76421978197644
7.52231425980615
6.48590783952036
7.26190212371331
6.08974604148613
6.4144275643392
7.54135420193921
5.94464783790933
5.64286004976401
5.41923058461461
6.37628942443165
5.67241306361433
6.63411313210781
6.45163105147634
6.8197872953041
6.02322011419821
5.59650340845208
5.57758546038255
6.79882909957243
5.70645942639779
6.17452085746257
6.24523313644431
6.2803166746232
6.74707503864141
8.02137365699909
5.84054747252172
8.07464049552307
5.50304444222537
7.3309472900611
6.66107175045985
7.02051409131636
6.32836485189808
6.58347159732057
7.54948300094476
5.85060425395969
7.440535825174
7.35947528615742
7.42521248456165
7.3177435814555
7.44229264162999
6.26078848563277
6.58417698811501
7.49693064231009
6.9750064818133
5.76794288039386
5.36563501442761
7.54123822974848
6.84806554962898
7.04643088459804
7.71814109297695
5.59078963884379
6.61406431531673
6.34974102866581
7.38192098172422
6.53268535905451
7.13673539604646
5.87340236643906
6.21553226021746
5.10696012918064
6.71189694510915
7.36576196407333
6.2493893501465
6.12503526192678
6.67933144478192
5.5157163032822
5.89290643152017
6.35202449151522
6.68316699731059
7.01566506461745
6.80090969585105
6.87320398464271
6.04265811535636
5.47228438288651
6.54231301588587
6.37177388612813
7.80587827051482
6.57908114963558
6.81271108250138
5.50602686844607
7.22873868517631
6.19859065739492
6.82457304132137
8.22703320095452
7.20343812641454
7.43341408350941
6.75105804017841
7.89994765834295
7.95237964466734
7.82933222361457
8.22703320095452
7.25568789576647
7.51995905812635
6.95145674028632
6.26253090194909
6.3655683394396
6.89793967846366
6.9992783227722
7.18681861869214
6.55526463951534
6.61930198761434
6.25736079727827
6.61673522311762
7.79747023765721
5.62504209201319
6.14859903591022
4.93831256099488
6.18665131504761
6.2050842082113
7.41274740803354
6.9031895053235
7.49632141072274
6.32854356970421
5.40686529906803
5.998232030879
6.4558231300678
6.46117861793297
6.78457727272535
7.0335626490782
6.49547664726402
7.6213107481064
7.53836209067886
6.8840681800608
8.21856342311152
6.36407490469673
7.56526315548477
6.84177652020804
7.39695726490424
7.41615162016155
7.14630165718577
7.7073570458535
5.74897897523696
7.96877756139602
8.00623136561509
7.80465430518507
6.81175004412176
7.62299741137818
6.53129890850061
7.13175679541125
7.53880106179471
7.29196632899894
6.65946090003776
5.14326883373573
7.53127993072398
5.49218172033178
6.37995218957461
7.41501068949122
6.27977469313538
7.12042676121929
7.38481603957598
7.08586792740625
6.56506919754737
7.42438272602475
6.13501802371578
5.99061280577276
5.79279301117521
6.74294652039978
7.94149260581391
6.35428212073562
6.23832998794817
6.50898506867034
5.80305357045058
6.37600909891029
6.52195236006409
5.95670371809788
7.59956109381248
7.92112019733875
6.69881612782763
6.0710004731457
5.8877000794805
6.24174535726607
6.15038991827298
6.85606527222809
7.82223636781831
7.98835937047469
5.69010332979981
6.54045516491212
7.35781119952047
8.09205032749096
8.14879247159914
7.12541390057353
7.2121649669887
7.80133077625199
7.19444253803243
7.37657283934686
7.7479155255177
7.94606225699469
7.69776998802669
7.17183226309617
7.25115710717993
7.06174510819136
6.44797829889679
7.20818814102385
7.91495427013353
6.9462459850904
6.55125191698474
6.63812552320437
6.1442490693874
6.3736686704172
7.42072307496059
6.43148821933795
5.90540422085436
5.3225520908105
6.03617307268715
5.72691609151558
7.25705490672116
6.80118514091471
7.17798107116909
6.10887590755351
5.66184748591647
5.43035672787167
6.79761154768318
6.10722643066753
6.50873903546233
6.80017150047513
6.90958454301209
6.35563099557839
8.21894843810193
6.76834075964555
8.42004985463873
6.05088736812655
7.07916706939329
6.61986316459283
6.58836240491742
6.21860529352572
6.90828940748071
7.80704688649946
6.58088249332872
7.45433120973929
7.54286207400458
7.95269082392763
6.84518785465253
7.24172185640074
6.98024588080779
6.8682871549392
6.99889731937101
6.21850604994545
6.31021874446695
5.75610719922919
6.93183239633204
6.25515067843511
6.15442386249076
7.94210998335086
5.54352298549988
7.13622685554247
6.34121110723227
6.45487917111352
6.28874655858303
7.29936187443127
5.67730562226288
6.57996848859524
5.21282746494506
6.61932405137898
7.92122505044839
6.41965629061179
5.92893851775059
6.4224959647781
5.82449823868699
5.7831468731478
6.61278392070726
6.25636315989288
7.07016809251871
7.28836508478253
6.7765254908386
5.74324940694777
5.76085477588217
6.91531017095561
7.00510705787844
7.19771314675199
7.32965429014124
7.57971196885478
6.34209025480082
7.34425752298361
6.74643358329611
7.38355249255059
8.32918630907324
7.2879511269418
7.43557351288462
7.275916561665
7.81976647930228
7.54907864483366
8.22963721932189
8.53191652367769
7.37508598804415
7.32386231395017
7.47900476505089
7.25634110418366
6.89311636420416
6.96082407627482
7.59227027015099
7.65354986085335
6.46970824270092
7.4143621916616
6.44291860869862
6.59219183708412
7.93714793887157
5.53948569519877
6.32678586448117
5.70962788769901
6.10109491823319
6.37539176706271
7.55242510924789
6.4977290761146
7.89572177511178
6.20053668930159
5.32130890225361
6.20096224548345
6.19933943914263
6.4292980986833
6.9873074873298
7.11305898107274
6.16304086490192
7.36634886430585
7.61965294578669
7.02374588127514
8.15360905609901
6.47454251562385
8.14234289235862
7.01996334877899
7.39695726490424
7.55582932137589
7.06074526037135
7.1740412663787
6.06888300763144
8.13908512024743
8.08095469981694
7.6578650244256
6.83629343015525
7.39572381074023
6.88452766851341
7.04620039859683
6.90475528313431
7.31650971503245
6.4567306854333
5.32145566230668
7.29743880918004
5.87309876350718
6.37995218957461
7.29104905308566
6.4666442533693
7.29861358979025
7.57168559980991
7.08586792740625
6.43721384728148
7.13609611460588
6.27469572493012
5.35787877592591
5.4595336392592
6.51436117094828
7.65863238053969
6.23032048433006
6.47742593953457
6.38112971840445
5.5147669590317
6.04274972699429
6.37516307930462
5.72943011745994
7.5823886906284
8.0927395050037
7.0187201602221
5.98544407633128
5.77242117473791
5.91505350625607
6.36158752838571
6.88060865826161
7.75918385442819
8.13885791588305
5.69857072530809
6.41259981464624
7.29475868613036
8.03981865829485
7.87906269123661
7.76997028136883
7.08820333058314
8.07878432505829
6.78898210882352
7.04598727447653
7.62647616602109
8.08179290584106
8.17795375143744
7.03657869241317
7.57519592316694
6.8590148935869
6.38111687850689
7.76414711564111
7.79776823392493
7.45574613232733
6.75398213158918
6.84085573780882
5.99333285459113
6.52458488521346
7.57555341260063
6.22875800473352
6.06939770354844
5.52528230541495
6.23890328729158
5.57599987671932
7.42104838941523
6.983254121165
7.38071128577354
5.9447741500984
5.86457770052091
5.63308694247611
6.65425180566902
6.27132818812265
6.6727325181564
7.00290171507958
7.11231475761653
6.55836121018285
8.06892392477226
6.92317109728559
8.570966069435
5.90752762611241
7.28189728399775
6.82259337919727
6.79109261952187
6.42133550813017
7.11101962208516
7.9618772241395
6.37815227872428
7.27909292695617
7.69377828880084
8.15542103853207
7.04791806925698
7.44445207100519
7.18297609541224
7.07101736954365
6.82365903658788
6.42123626454989
6.4908894421318
5.90702341402545
7.1345626109365
6.05242046383066
5.95169364788631
8.14484019795532
5.37952950280581
7.30022033823654
6.50520458992634
6.65760938571796
6.49147677318748
7.50209208903572
5.47457540765843
6.78269870319969
5.41555767954952
6.46840783658271
7.77786530843424
6.62238650521624
6.13166873235505
6.62522617938254
6.02722845329143
5.98587708775226
6.8155141353117
6.45909337449733
6.89492980973559
7.46360336756565
6.97925570544305
5.94597962155223
5.96358499048661
7.11804038556005
6.86174731586429
6.99498293214753
7.4805705049375
7.73454230649483
6.19873051278667
7.20089778096946
6.90126392093615
7.54765425000569
8.18582656705908
7.43131086895595
7.23284329828017
7.42683277646126
7.61703626469783
7.3463484302292
8.07480688168185
8.38855678166354
7.52600220284042
7.12113209934572
7.27627455044644
7.07427212393337
6.69038614959973
7.16355429087928
7.74318648494724
7.45081964624891
6.79948974109226
7.22565874241784
6.37813585920015
6.44888037350438
7.62106102210369
6.27426561423657
5.99369319183938
5.91008531002397
6.28441089679465
5.79878031005983
7.4665559989183
6.59845111655598
7.60349171911406
6.16755458343891
5.91008531002397
5.29391348033496
6.57854729395996
6.19562367641358
6.2879295135474
6.61809871047056
7.03661024590747
6.78114164352337
7.9932194130632
7.1459515306261
8.18616306482598
6.13030805945292
7.32740489350081
6.71811639838712
6.40628961491285
6.64411594147067
7.33380005542568
7.88617271243044
6.60093271206479
7.32460053645923
7.91655872214136
8.20092864803513
7.15908311778182
7.3560579743497
7.40575652875276
7.11652497904671
6.74795452487882
6.53240131307475
6.10608643752279
5.83131890231639
7.35734304427702
5.9767159521216
5.56689064327729
8.06913568624626
5.76433250741482
7.22451582652748
6.89000759453538
6.27280638110895
6.38699979237733
7.72487252237624
5.56571255962936
6.70699419149063
5.63833811289003
6.39270332487365
8.00064574177476
6.54668199350718
6.22280588432597
6.53683208272706
6.25000888663194
6.20865752109276
6.86102174481476
6.38338886278827
7.27973281434461
7.68638380090617
7.20203613878357
6.16876005489274
6.34838799509564
7.04233587385099
7.08452774920481
7.10614798067239
7.70335093827802
7.95732273983535
6.42151094612719
7.12519326926041
7.12404435427667
7.77043468334621
7.80102356245007
7.65409130229646
7.14126299700237
7.64961320980177
7.23223326008882
7.25795433357371
7.99910236997279
8.00375377705453
7.74878263618093
6.78195863720458
7.49905498378695
6.68946911932436
6.91316658294025
7.38633472421979
7.96596691828776
7.56198469477376
6.90817637174706
7.07535046369362
6.59733466424716
6.3662467489589
7.39794809421289
6.5452784190918
6.14111655440455
5.81604172607432
6.01339809193944
6.2207093297113
7.48895231920717
6.48466472655646
7.83410048356521
6.60266914574921
5.57290747106583
5.56492628519017
6.46584088075593
6.50526493841814
6.59767905031297
6.88911151532577
6.57781387608487
6.84942423377413
8.1956658622731
7.01899974283279
8.0446866546113
6.74741082092674
7.43609152415561
6.42134259983304
6.4745722051636
6.91512874632588
7.15894839066794
7.62174173940211
6.87194551691999
7.93317779829798
7.65026164375493
8.0496801059861
7.22736570803258
7.16472219546506
7.27130890439907
7.22521160970149
7.0725870816527
6.60068390332551
5.95329428970464
5.7486852777709
7.20125453735089
6.45045897158124
6.20295983693737
7.91882740752204
6.07772026409967
7.27201056148064
6.87540838583206
6.50341514556012
6.61760855682851
7.69617631463847
5.63399514988011
6.57254656713692
5.45058976859994
6.06987652021025
7.67026246432924
6.65536862416198
5.88562804536783
5.86035884866294
6.07515722187421
5.53218428702865
6.52384390585664
6.24894123843455
7.6855798615789
7.53902406796976
6.93102333392836
5.89774725003755
6.37626654494234
6.90788824949729
6.9718213360008
7.21483461132721
7.45839113953211
7.70844881824566
6.30880453292318
7.01248685605638
7.1998227810878
7.83694169034228
7.9554609366156
7.66012583427307
7.01671571197703
7.76970979986072
7.44604110684462
7.47207898389797
7.82665520798305
8.1985951916241
7.74726069537542
6.85024122745533
8.01320204365065
6.93982068982541
6.64215377808505
7.08956092566569
7.84292925333822
7.87340154003302
6.69832852865616
7.00981576718618
6.47304270371933
7.14381418319098
7.79800861086706
5.65465257448
6.31680282767006
5.58828325850818
6.34261188372077
6.05570972584751
7.29731009766041
6.98910829991767
7.28987972513039
6.11843860895681
5.5628258677412
6.02742412213617
6.95500374866749
6.61562928570737
7.07322628192398
6.95277779777237
6.76309868939592
7.15271030348644
8.23533912844674
6.44000130506571
8.71980205703971
6.01690400316475
7.80870101342516
7.26943722990934
7.62887957076586
7.13946054595203
6.34974102866582
7.66893690914856
5.56060899053035
8.03738354620563
7.79612640486771
8.10481886646248
7.04574957129623
8.05065812107948
6.29729938132614
6.72118483177182
7.67684733850694
7.38064174665834
6.22646585874902
5.81195294507998
6.94854667767763
6.22199089500959
6.07116049554432
8.20154656750604
5.70322266058037
7.28863055297913
6.80826400702097
6.77707623337598
6.98883619338835
6.93628171798836
5.87357720207521
6.5617288842367
5.21005975812885
6.89246339273791
7.30551636040838
6.93808778414599
6.17572566705172
6.73002184990686
5.3226765632091
5.99600606046838
6.61938670673705
6.2810524635668
7.6010421900232
7.74384737350129
7.04225665853628
6.00898057464545
6.13221034778492
7.0282812352809
6.33199226274904
6.83060788146111
7.06960503707743
7.23572803973383
5.66897545967142
7.02094886409011
6.6051798687796
7.33941899675007
8.24457067631844
7.50974645965404
7.53651371245762
7.59122581550461
7.44112927142075
7.59760962058339
8.24216234868112
8.44730089092289
7.89312545648822
7.1651890340424
6.81442736540101
6.84790802735484
5.80851834251342
7.1450481256128
7.5021190947817
7.34707597702302
6.51794775890269
7.17476709261555
6.7148454182873
6.86229063720583
7.69635551049652
5.83932819353139
6.37783178706546
5.69696988916297
5.9723652135294
6.09478222581106
7.66398001786392
7.71347129682389
7.42107023920948
6.38211428059583
5.93733502186468
6.15441731942303
6.95601035221323
6.43993998086357
7.20021947921084
6.88093449431512
6.66599879138315
7.71505072912415
8.44954787695775
6.56477582837555
8.79630456551293
5.58283019074349
7.87668000074402
7.73592661851366
7.54232170925427
6.90170095736593
6.98581022232588
7.72751995628243
6.23708222459445
7.5898839332203
8.2029586832232
7.87648087308425
6.95170598734657
8.12754773484542
6.97377261539025
6.57552607891568
7.45869598160047
7.17246535428228
6.71851544484075
6.4592020241832
7.52473866051781
6.54865799283779
6.66652204586843
7.91152957497536
5.74930497033871
7.77098059595398
6.85434631677933
7.37243778370009
6.46417839239472
7.83906982182236
6.60876104317542
6.49562513780242
5.9494409160213
7.05335521977736
7.49814077255749
6.59755002819281
6.81149125777986
6.92012376723354
6.36420618607806
6.03103543444999
6.6989001440643
6.81044977599944
7.40845103060414
7.771725923348
6.5685136390766
5.73796776979025
5.85219650130303
7.25553008273704
6.68411675134423
7.18242876712441
7.48685612347801
8.0692603995373
5.81836973366216
7.42872764565829
6.94162287437209
7.68668284653659
8.32331626423608
7.45641051904034
7.07527143037346
7.65217127253919
7.2843331568327
7.57508098397726
7.87300118375287
8.36372030464013
7.83245238265834
7.39549419556164
6.51765356684692
7.15038284920438
6.14569618147156
7.74779259165456
8.13818828844175
7.38493794889117
6.02370389222015
7.39846730421483
6.02358100738319
6.21139374680286
7.11957110979735
5.71724585472429
5.86160932436952
5.33702967575633
5.99519716087145
5.68735971325137
6.42230356284014
6.15146649019894
7.41884321128342
6.14376623469866
5.37743371616037
6.14506846085996
6.01336563192161
6.49696679898435
6.48254693999852
7.07217305486317
5.75431012491385
6.92434786247886
7.72120909572168
6.62943692357315
7.44830775426351
6.34523461321318
7.08750943212071
6.62036410712391
6.61475005917556
6.91109810494443
7.14183668471825
7.22620666583986
6.24664316715695
7.56215435603846
7.17641208306731
6.9223177086798
7.09867388916381
7.0365286094892
6.65682739883003
6.5595052195344
6.91419738926374
6.9747028788814
6.14901832919978
5.35775950800162
7.51578083898148
7.01008812089748
7.37077963006695
7.21524631709511
5.84777056991487
7.0355438045267
6.60672195973689
7.70626972719315
6.85703410452344
7.25756830472453
5.87309876350715
6.15878874212615
5.44655912721851
6.7523009855132
7.47814296038333
6.354685218078
6.12473165899488
6.71973548518596
5.63654921196028
5.74583050988872
5.88953375603742
6.4397291393702
7.31455641931936
7.34323890849336
6.71009218825591
6.082276533574
5.4947617609194
6.03941824000401
5.74756418231371
7.76517062717888
7.15007679019921
7.65490125348919
5.28727759384054
6.79200894339739
7.00037678797869
7.54880551507744
7.96727268008116
6.78195863720457
7.6765483385179
7.35121092921422
7.68087796605126
7.95207604173544
7.81300956068161
7.72413842507267
6.86795070547891
7.51965545519445
7.75295608269248
6.68401039115905
6.63998872177239
7.07521250230111
7.35970427430079
7.40556789329766
6.51794775890268
7.11850239784097
6.33859507936562
7.06502085181029
7.68901837728035
5.63659797892693
6.48114375129785
5.69696988916297
6.17509542813384
6.12399231609827
7.30556685811284
7.01668324683249
7.72321870418599
6.389451413812
5.73460480726024
6.46045949825986
6.55186167181787
6.94229638353558
7.50626165804768
7.38581317389608
6.35995661254631
7.2209928937372
8.39968005207453
6.67061006951688
8.54464678935007
6.28791680801996
8.07941021534846
7.43377815353714
7.4537243030762
7.41047335080723
6.58034979311697
7.26579483229895
5.83162179538555
8.22728466732085
7.94552067885846
7.94250979759477
6.95170598734657
7.76913457509434
6.56831218618134
6.57552607891567
7.27370526165734
7.28659816270869
6.41636697986425
6.15130962785461
6.85450309372797
6.54865799283779
6.46379183126399
8.16315727652938
5.64988671996666
7.61529765080735
6.75492806640727
7.16970756909564
7.07236903620806
7.16689048243954
6.10388236359447
6.49562513780242
5.44066852258001
6.67710488085569
6.8317733409487
7.10242870777378
6.40603082857096
6.51466333802464
5.55328532766026
5.52226304100871
6.61940381206976
6.2022591321861
7.42619052526546
7.97445613795244
6.97397406828551
5.9406979843947
5.95735868302717
6.94948790390021
6.27865632213533
6.77696833791551
7.38102188233667
7.74987509959751
5.61563951905771
7.02326721644939
7.0385188478352
7.7727579758057
8.26805398130351
7.65914073364478
7.3211552005754
8.06496883496426
7.42985841333777
7.51881628920269
8.02680383679891
8.51118823631201
8.04251973047896
7.19276398095719
7.12584421066026
6.87548297426964
5.53750553765821
7.45646497087205
7.93545807383731
7.49616664808187
6.43239136208827
7.52304882231639
6.74314150384103
6.66047442733487
8.03876342631533
5.75377179671697
6.07659732682244
6.07777143629527
6.49499946052833
6.46953643273547
7.47718616577779
7.16345236959427
8.04016922923779
6.90913215346825
6.05450883965472
6.20176819181274
6.14731524734246
6.33501974445572
7.24757035160056
7.09518026099835
5.9554101880709
7.77261523984406
7.99513362759912
6.81677198641485
8.45674409105679
6.37423877699364
8.25102952301342
7.02923172906173
7.39776321123354
7.55663526770519
7.03189710688105
7.06397862242799
6.08043889454517
8.19282574551616
8.4652014185147
7.85695340078036
7.16403293834746
7.36458815061892
6.89608355542715
6.48996968210126
7.07188905178637
7.49892511370959
6.56313610262602
5.74676320337919
7.40612543983484
6.14411156836237
6.61056095402577
7.75861085205397
6.25716335904652
7.21075122633193
7.36220470548713
7.31647669185742
6.4650923971282
7.6261617969985
6.47823188586386
5.88834849872256
5.96034926223625
6.47528867098472
7.38004767219036
6.49515206869391
6.74843874438976
6.31284712815368
6.00483264142434
6.04194378066495
6.93930784446425
5.79771270771068
7.62800673513642
8.12061805485041
7.20989448791278
6.37934861862643
6.15917489289814
6.54494147942478
6.56770850571346
6.9892952889164
7.90070262199291
8.28037668344777
5.7019614880314
6.82145100657843
7.55819958749145
8.30325955965596
8.36037761419037
7.97609125869657
6.71387856149553
8.17918914541161
7.52218204622462
7.31700007933172
7.41952719771905
8.40078165459441
8.35947025553075
7.30759149726836
7.22169542127585
6.61679166782253
6.05337737031467
7.80535710237446
8.46595965768755
7.50576338447831
6.51987126804305
7.14393008259567
6.55514502091637
6.84591346194614
7.22135948318018
5.95424310078336
6.52515411300786
5.83319705157923
6.03055341744434
6.1785196863805
7.4459391561318
7.29223821192487
7.94144557567032
6.75173912139697
5.59006279657073
5.54310634492853
6.46830504913127
6.79538697945977
6.98171660891627
7.22403700693852
6.91273936769761
7.47943481784912
8.18881004897515
6.63968091719565
8.7296616730976
6.31956437519001
7.09392363612494
7.0762033688112
7.3321631887462
7.13967890119196
7.3788339307773
8.02130780205468
6.48364041321599
7.48552772575827
8.10507817183898
7.7515647688823
7.50321233998459
7.81958296444322
7.28846422990398
6.83690650599749
7.44923745680808
7.28665557924316
6.75946949248763
5.79576294340204
7.47256437085737
6.34115856078201
6.49911985534703
8.25375289913477
6.12955441309157
7.65930801251736
7.23459575953217
7.20503559317868
6.60720484341334
7.91606185474783
5.65581509014174
6.614552077545
5.86937149759126
6.45799749099153
7.39821398824681
6.78756390117026
5.85037414704947
6.25541556445665
6.29504276198357
5.95096601601996
6.63118899796174
6.54510125684422
7.42918940801776
7.61270223483179
6.94817865943325
6.1176327901469
6.280881422443
7.24281374111003
6.60470133846012
7.13664510746745
7.91320766761616
7.99180935415411
5.73895432077805
7.07567747262777
7.48318331699626
8.30494376108518
8.36174770663004
7.61791068718767
6.85215698205817
7.81906589873587
7.69077683185715
7.4616752704828
7.61320361909509
8.40215174703409
7.99934700885501
7.0425677286446
7.42216672534221
7.0050344280946
6.4565788889855
6.84016058589643
8.29774578142228
7.6830612945801
5.72169073331464
6.93163283760707
6.6846850359842
6.48600377838125
7.27473112169886
5.80511925883476
6.12117955540622
5.17742165748545
5.77143451758816
6.10532948684391
6.96100153376862
6.87129123995837
7.2709381483354
6.21236110248901
5.39710893081748
5.71570367394501
7.01727159856859
6.52170679217515
6.56141938838168
6.88386395151112
6.71621727508557
7.26170053707316
8.16368028859458
6.65361811895384
8.15108848391449
6.03369162725122
7.1216805183282
7.16044699632266
6.9116986933658
6.64026013572537
6.71818818019398
7.9235681652423
6.3345165712674
7.46356241081972
8.05936417093114
7.439930243633
6.27184199055915
7.59247215305845
6.66574653285432
6.26346087231322
7.7226874425603
6.86619108386275
6.42483242006819
5.51375330965854
7.11958183424082
6.31573087602732
6.36763069116651
7.3329874667473
6.37705212539118
7.35200219009434
7.19537398780351
6.66808599978927
6.27165531598831
7.05253394380755
6.37277761230185
6.19328173270852
5.72451042092444
7.5350235449787
8.21929997218174
6.40553887516272
6.26946564806947
7.02649204552904
5.57767030806324
6.30772650865951
6.10002334041263
5.96933201537564
7.824155117914
7.69800726944795
6.48632954497262
5.85851389029072
5.77693426263909
6.49573232629762
6.52761553501288
7.1270780770833
7.6105940355534
8.15427912594502
6.0673289465397
7.40405209838943
6.93196805702522
7.6662071849957
8.16754988127039
7.0131898186807
7.88924860285439
7.5896884439871
7.3394010300665
7.74761429637572
8.37709928441897
7.96481966666594
7.4861276557618
7.46165922966459
7.18287451692916
7.35593526395411
6.98788635245939
7.25403835919951
7.70331193786863
7.62271921915452
6.18387786586055
7.2808285720414
6.33859507936562
7.03482394960429
7.68901837728035
5.14020191168439
6.41054280868781
5.8423390046358
6.23362165013407
6.16469995943421
6.78285943486483
6.67738785172653
7.60160017332152
6.2274288425435
5.45383563415449
6.12116410315392
6.64328330047633
6.70936926672513
7.16696626294173
7.04651777879012
6.45137824120478
7.0589703224687
8.32907910946448
6.54899153865243
8.40808160884858
6.12589423675148
7.69971077983845
7.36317721092711
7.31715912257469
7.2484507795387
6.45873126225252
7.3572164609574
5.66959922411704
7.72566309801448
8.10784685305887
7.59036820366687
6.93675933770951
7.73893767288833
6.40628961491285
6.2067341689762
7.3651268903158
7.27165151307165
6.11747562516231
5.90569292609774
6.85480669665988
6.31573087602732
6.16490047656207
8.09255633391934
5.97423546543558
7.38237053399689
7.07927681187618
6.87081621439372
6.87984595980166
7.04527195157509
5.7645869684885
6.25000843604553
5.31904999171553
6.98620337375565
7.21177637939063
7.03182776516374
6.06673543346501
6.8237618309246
5.4316667967958
5.90226607945061
6.30766625854591
5.96933201537564
7.46659456566951
7.85283760708799
7.35397710672744
6.32070102283663
5.99776272343119
6.71656078708973
6.44098249633574
6.72161764787441
7.38132548526859
7.75017870252942
5.77796569325812
7.11468884510785
6.91690031697074
7.65113944494123
8.13558044273176
7.82146690784521
7.63025369347537
8.10567647830021
7.33213903783403
7.48861938699669
8.33590232969887
8.3383106573362
8.20484590467936
7.05619880045569
7.12614781359216
6.53618757916369
5.91750857610013
7.45676857380394
7.81383954297285
7.44081595804079
5.83037736396944
7.44577989747076
6.78312800853807
7.10310653985503
7.2554446279468
5.67067163448105
6.67537439305168
5.69156871734914
5.50042171273294
6.00104224479331
7.44969391634573
7.18300157402723
7.78377345938557
6.43437781084553
5.46539152106823
6.08613472917228
6.79136582565354
6.73748258684978
6.87247997101863
7.03164287375641
6.74237766646641
7.6213107481064
8.22817664706104
7.04639435426121
8.26583484271626
6.15400755687611
7.60566719588881
7.7740123065584
7.27130890439907
7.21342140555711
7.5569875884585
7.82233234766419
6.40279916151817
7.52160134296954
8.05249199886846
7.1946544095031
6.94831522462327
7.96290320828572
7.13948955231396
6.37214750296802
7.29405145504077
7.42853150950046
7.1124199871359
6.2378307942865
7.43099867950006
6.58674368088255
6.59823945561768
7.8986324910352
6.27977469313538
8.06852320194018
7.38481603957598
7.30415519344933
6.70499429504391
7.48587292286315
6.33774823832023
6.05883410835484
5.85570093500355
7.09144090782212
7.57429886923427
6.37617879829612
6.54047845292467
6.9582094552783
6.01100928711885
5.93729545343226
6.42253410969203
6.64580524943975
7.47673362085492
8.08344637153915
6.41804695472186
5.58750108543549
5.66676610496441
6.83142863823588
6.33091985238502
7.43849492234256
8.05803348961063
8.43422384008764
5.46517283470295
7.20735641576159
7.51280024050471
8.25437650169137
8.19830697064832
7.30594383468558
7.11335711841822
7.50170458818444
7.20495340571281
7.81589688662647
7.65162995385617
8.23871101105237
7.68198569830359
7.52994181991535
7.08883093297952
7.13882696229064
6.31141311839528
7.85678282524125
8.19393552966929
7.6081719671994
5.80107048443455
7.08102711159781
6.63134909537052
6.67610569570792
7.80520084449553
5.77104560328064
5.84909434018699
5.60322990814524
6.24337801838462
6.17361207709466
6.97255742068236
6.89799547380771
7.31441814960902
6.65327198503876
5.86905243161394
5.52529495774865
6.80191308668639
5.93371998799396
6.5766530266051
6.44619895875556
6.28783372913075
7.12725291271946
8.32095006901133
6.46244379126313
8.30136645356646
5.93207613980746
7.59542353778786
7.14781869904488
6.92402019177389
6.70854272597614
6.68411452463986
7.24602252081418
6.09771270110885
7.73457521567493
8.2975448388764
7.48556769583049
6.46301631824987
7.37711364117625
6.4745722051636
5.85864880444754
7.30459871607362
6.797908493612
6.38042721513925
5.70302399916194
6.98513420988712
6.30310257874957
6.37995218957461
7.74880400309303
6.06425926683599
7.0799169748751
6.88258112924833
6.68040749819735
6.05629680410608
7.13191369492743
6.64379041715706
5.84460929450531
5.59006279657076
7.31966503309648
7.82887914086442
6.2392469898863
6.54047845292468
6.81113353364684
5.65705005918314
6.17327888430583
6.75385143642346
5.75397350349344
7.3653587480914
7.7662898596987
6.95827304576909
6.12772717648271
5.56993473402673
6.53217065562566
6.85535504320508
7.05879548683255
7.71170876271409
8.05266363850127
5.98960802552302
7.44815050444869
7.03308278418591
7.76732191215639
8.52055806552681
7.538265083428
7.47115987636774
7.62513889732792
7.71383462867772
7.73498599909795
8.12890863562683
8.52055806552681
7.92703853831152
7.64476933622652
6.99170018923847
6.70333941521181
6.59398181016422
7.52505116405471
8.14422282041835
7.3450414359687
