9.30711071310518
8.42110159831178
8.10609519165922
7.95364130007046
9.86071829599095
8.08180020336793
8.61844207152454
8.54926050160925
9.86071829599095
9.06456998100712
8.65884168838556
8.65884168838556
8.11061757329576
8.67360128821326
8.13491256158705
8.10609519165922
8.10609519165922
9.30711071310518
8.11061757329576
9.86071829599095
9.33140570139647
8.54926050160925
8.13491256158705
8.61844207152454
8.67360128821326
8.65884168838556
2.83900048373788
6.95452418161813
6.12332650312404
5.79680255981656
4.59266473856486
3.37081343099687
4.18741331002008
4.69741029554601
4.02689040602544
5.96938805524196
4.85219084916213
5.23553300903225
3.86762558985761
4.04310441120983
4.31910759031883
5.36044093686974
6.18203290173636
4.10775914852219
6.19677437832226
5.59690058582246
5.02638066998025
5.3612606074512
2.53632523420573
3.20986594448486
3.60891053534865
3.78030775146345
5.57588615031141
4.14672835049699
4.75707642142096
1.78267062871628
2.04468931400169
2.25332589185226
4.76272946727585
5.31643669452339
2.61030333901532
3.83929021284935
3.24532205631771
4.01964429510016
2.0977035557489
3.69998122689748
5.56204595267892
5.52531370558255
4.81774863570352
2.81913132621201
1.90281123593072
2.53238443479844
4.17757767485412
3.43188956693958
4.20885576395139
3.24665492835734
1.81013553420307
3.86009624225162
3.37800877346558
1.51690716276444
3.75054793413769
2.93864352719454
4.6304382930014
6.33079332494503
5.65994258154216
5.59779278951989
3.93793813933934
3.21373026931802
3.59707242918812
5.34948580581796
4.95977934098711
4.33208169739376
2.68499532084121
1.03693136658548
5.05755380120315
4.54255811778441
4.64015316246754
5.7129518261264
4.60548084753827
3.09080871216646
3.30540208310206
2.0927136713528
3.66712955029342
5.03305044212538
3.55620024931101
4.30742714680021
3.84446331765591
3.57404673577706
2.93911264009699
4.30442043873337
4.12851426255715
4.82307105794807
5.23864256734277
4.21190207519457
5.61118172801487
4.93676199171744
3.00698049734173
4.30742527789339
3.65541234757737
3.43832243700838
5.25094548873258
4.17800643959428
4.77602778777101
2.25332589185227
1.98033898642664
1.78267062871628
3.74532535885164
4.29903258609919
4.66515728125501
5.7366940890226
5.17356291305455
5.22449285895802
4.64221309463464
2.5901327343989
2.09090760427846
3.21988282565041
3.13597705977072
5.00462193935551
3.39307374500755
4.14430064249676
3.34378733988835
2.79834391949115
3.29728552765963
4.45782437203634
4.91153159928389
4.87404039283344
5.6486215833303
5.27022681970296
5.7926619142915
4.59497936313995
3.30260647851697
3.2047980713179
3.1224864061614
3.0140265071522
4.85425092542554
3.38044710618576
4.03167400367496
2.54895187302751
1.27840806969045
1.93748338640678
4.4164290097786
5.05903866900993
3.70782202475439
4.26999663802049
3.70686546205242
4.44828944685693
2.85377508647667
1.8643982356888
3.34830173314793
3.31156948605155
3.44932334500081
3.41766980214138
1.99833026364302
2.74955716113222
2.61805284117825
2.3614929768864
2.30899934980382
3.68806435760941
3.33245234669543
