11.499416383984
11.6422175482466
13.2524586877769
9.74273900582708
10.3429936571063
11.3766535069342
10.0276599276412
12.2319145802966
11.6118567549992
8.64015603315229
11.3944910200299
11.6078942641194
13.0266668952045
13.2823100844115
13.4499612527568
13.286156110147
13.5345776057383
13.3636291977061
12.4750348356484
12.7555855528388
13.893340618743
12.6409703901264
10.8851514909484
12.4642161296914
10.5886189434832
11.768528246752
12.6573129401765
12.6684382357285
11.9220991902909
12.0485658802532
12.4150104978086
11.2130555474938
11.7739412940748
10.4355378657925
12.1372792537996
11.0132174295364
11.9957246749486
11.8742104133037
13.9705367149816
12.3735610593429
12.8331211995372
13.0759711108186
14.1194397169226
11.9574017995699
12.5710746218191
12.0243545616444
10.9694576120394
12.477067921342
14.5102080524354
10.8492153596983
11.0859972082956
13.1995567731593
12.1393977843252
11.5988712190971
12.0081081307775
10.5357850613074
14.3877076532484
11.5114662443415
12.2479738700854
11.0322466650661
12.7429314659589
12.1249038387338
13.0621088450644
13.5832336173259
13.3686233632712
12.8246723694906
12.398576417395
12.0136130444851
14.3842001364288
13.2223267016876
13.1085042041335
12.4489480029742
12.4283604624366
11.615399909642
12.35103179388
12.9103350519607
13.5230508990639
12.2391960796271
11.3175329469046
11.9073734916693
13.1998671297666
14.3877076532484
12.4595500870739
12.1675516689035
12.0610194647104
12.5538527627364
13.1938386548954
9.32485133387401
3.77639421855723
9.51955424681898
6.20189900334251
5.90089344874887
10.0359885909001
9.05159268230693
3.03477852269287
10.7792110516133
5.3841799034878
9.41819795289233
5.08601954642445
10.501022434141
2.32266362330279
9.31611308723876
10.0957734372017
9.36034546828063
8.48234859051517
5.90385821023417
10.3627472345944
9.16787374372168
10.3468566984513
9.64434062038992
9.71630821487654
4.85323509905734
4.4131795455751
10.331982391481
8.79948410394322
10.0740258062812
5.66309445890644
4.06566608323774
6.05416358490338
5.26753618511915
9.68322883941592
5.06701138236767
9.64855522841171
9.15140690274697
7.67625729847956
9.18369856912194
3.98576732172854
9.85647955084961
4.11330355980887
9.19007031983667
4.65975506773673
9.97894054958767
7.75871091892203
9.64202308776613
9.43983090038425
5.601802521786
10.473308104242
9.49976159526007
9.16427540743711
5.48419035825936
11.0419647217895
10.582186717886
5.73097245672597
6.0737248060565
6.11272845031587
10.4076790371725
10.2093586355649
8.93204186726732
7.9613017995171
8.53941151896297
8.85051974398605
9.64246627701635
4.71993665093631
8.92019869248131
9.85330074081529
6.5444981606851
9.564269532441
10.5189569312414
9.30845356363948
9.32332787060977
5.75823445567298
8.99835961229026
9.13601457913777
5.65383706600926
5.92370874572412
10.0648861658092
4.24553840076486
8.47167338419291
6.0737248060565
9.88324955734832
8.32783136502648
4.58648993349622
9.22449079807234
