3.63875184042941
4.38138183886437
4.11869576118593
5.77174211270529
4.05442247673332
4.48593607834754
4.15421256551838
4.3981181988384
5.63529966049776
4.48593607834754
4.4691997183735
4.11869576118593
5.16154001261962
3.33869380137828
4.48593607834754
5.22445260817742
5.52219802295644
4.61851460217486
4.4691997183735
2.85697266366492
4.38138183886437
4.3981181988384
4.38138183886437
3.51244878421038
4.05442247673332
5.0484383750783
4.61851460217486
2.8659542359128
4.68278788662747
4.68278788662747
3.54934682389246
4.02208638935794
8.64190989225376
6.80512592642503
6.82177633280973
6.79884652314271
5.36036996858014
7.2595959501438
6.72169229175256
6.23163099672234
7.04805696255056
5.59698306746507
6.61240829182911
6.39553363256988
6.82561134771446
4.73205187501244
8.39417671346015
6.58730753554947
6.00548731000306
6.10680275138957
7.08299190355262
6.36102690580864
7.47921603186388
6.7864382832793
7.18244171875366
6.89542389399641
7.93342728645906
7.28636077471555
5.24187155893695
7.21737665975572
6.73403795328041
6.71488364669622
6.58049889049312
7.41863266525534
8.79434277385272
