23.1629643808166
22.9382537205913
24.0077543872183
23.0922366626853
22.9210408872824
23.8756209058219
22.6143577282992
22.934499642426
22.8525271436682
23.08848258452
23.6336974122876
22.8562812218335
22.696330227057
22.850313169151
23.8879086394867
24.1260780548557
23.2212023748055
24.1953243897754
24.004000309053
23.8718668276566
23.3157500801975
23.0775806648285
23.1258237231484
23.0740747096646
23.6700174364795
23.5372976461939
24.4225918854529
24.2904584040565
23.7846722457403
24.063190908379
23.4484698704831
24.2582115362521
23.9420082368988
23.7038388215298
24.6240297114151
23.4189538800059
23.6206679952784
23.5158074580331
23.8142880456461
24.9603351377415
24.0978276837966
23.8800341959655
23.3100301505163
23.3824985799094
23.5072974008465
23.4896815981373
23.1807844646369
22.9830329594365
23.4427499408019
25.3841751285493
25.8039986802473
23.1370800025778
23.7697690607501
23.3465015948426
23.4848813755834
22.8951565090435
23.6497034675985
23.3793300455602
23.7660149825848
23.6174994609292
23.4811272974182
23.4077799740643
23.6212535390944
23.5278455672159
23.2429578820492
23.7704630755864
24.0086324909554
23.1756740199392
23.5642950826737
23.3427475166773
23.6459493894333
23.8438103989403
23.6056409835713
23.9875625485812
23.8390470269255
23.7599046874577
24.0653579649367
23.9269781841959
24.2301800569518
25.6373810221352
23.8674969554296
23.5383571214614
23.7054306181995
23.3000984778351
23.0619290624661
24.9826203468773
23.9386038667077
25.4158334561388
24.9200318840366
24.8126578736239
25.9123944401775
25.0768544784625
24.8590609906314
23.7026748634145
25.1776640407698
25.2924061226501
23.590802493702
23.7004344513387
22.9375046045702
23.3972215859356
22.7487081214475
23.312312746794
22.9580350339134
23.0965094944531
22.5067846279132
23.2612369066693
22.935517002224
23.3085586686287
23.173686417593
23.0927554162878
23.0193134131351
23.1774404957582
23.0703892532597
22.8545860009189
23.3232818068689
23.5614512222379
22.7873021388089
23.1758285217445
22.9542809557482
23.2574828285041
23.3967238100217
23.1585543946527
23.5301062346251
23.3952339835893
23.3128180985391
23.618271376018
23.4797969154783
23.7829987882342
25.179924708179
23.4790303945004
23.0912705325427
23.258249349482
22.9116319169059
22.6734625015369
24.5941537859481
23.5433462827786
24.9583771421827
24.5212541921776
24.4138801817649
25.46521317146
24.6780767866035
24.4602832987724
23.3143029822842
24.7202077268137
24.8435553166744
23.1955449097729
23.3051768674096
22.5491327234399
23.0088497048053
