3.00898721445335
5.89201454104405
3.36050104903766
4.32609289061885
5.04008458584815
5.29576959885287
4.39048781399807
5.76635783414699
5.40125974078971
5.58832226527243
5.62489714059421
4.91637061806291
5.4757691477292
3.96651256591425
4.18121517110447
5.00007376927478
4.91637061806291
3.36050104903766
3.00898721445335
1.71513277354367
8.12054959451979
2.792160070103
4.34764581365736
4.05103098074993
3.79723055788278
1.57618280026437
4.2953337998925
3.90908203773663
3.01111434677079
3.92077059871984
3.50401601383125
1.78993550198291
2.94648889216415
6.79349278981815
3.40312119152943
3.2503772611705
1.57618280026437
2.61502979139724
4.05103098074993
3.40312119152943
3.40281519135439
2.25888447565439
3.09145357650451
2.40127708967871
2.26109547876702
2.71697687539439
7.32894297028395
3.79400417195372
3.76181645655777
3.04918687889921
3.00591277182153
2.5780269021151
3.50401601383125
3.32325268063704
2.24199810823377
3.29888865207299
2.50217191198053
0.788091400132192
2.5780269021151
6.23734330868914
2.68946208336795
3.50193369830103
2.40127708967871
1.90137068323576
2.71697687539439
2.5780269021151
3.93792132264626
2.79399060694626
2.37289954035684
0.788091400132192
1.71408051184834
2.1442502808825
7.09211735050134
1.57618280026437
2.99478148700368
2.94648889216415
3.36934468817634
2.792160070103
3.48077986942919
4.81373883786832
4.66338795126216
3.63113075603535
2.35800298260103
3.40597714098996
0.788091400132188
7.51316998208029
2.1442502808825
3.10621666825653
3.40312119152943
3.93741216879447
2.50217191198053
3.36934468817634
3.90908203773663
3.79920574690298
3.5196955747825
1.78993550198291
3.50401601383125
