15.6606023753813
14.9046013613594
14.6430655199858
15.0676891984042
15.1263547329209
14.9489797429824
14.5553917397683
14.8859620216594
14.3376847703036
15.4958945855148
14.2513318022811
14.7291191049054
14.2048167878076
14.3722837932765
16.506473049722
13.9731609450859
14.8315845454333
14.4708655266619
13.8248604745742
15.3069643213044
14.6057445206481
14.7544909624831
14.4376039303605
15.1234403313745
14.7850838266568
14.6192337336919
14.3395184345164
14.7695024823864
14.4020581608121
14.1909590754447
14.1572652515869
15.7575164459059
16.0947293390595
16.4017382374426
15.1542300679584
14.5166531604375
14.8618954938336
14.809997250416
14.9306425110832
14.9245505271719
15.1089060903823
14.584756075296
14.3898642946445
15.3315777461067
15.644223974366
15.3602149422136
14.1313537094668
15.2036533881514
14.9199542316744
14.3783628966693
14.6502967804927
15.7840337136019
15.0734603893627
14.9473176443698
14.700964213921
15.5740379339504
14.6883906248389
14.823871961373
14.8753464976429
13.8682278833498
15.6931825468571
14.1888644276476
15.5348552641773
15.5477193540785
15.7375880835682
15.1376912375844
16.0468191562006
14.7611229046111
14.0098138044764
16.1185078840991
14.5928869461039
15.2876012977299
13.976930400549
16.0464164151647
15.3989254345021
14.3373609341888
15.2589154557158
15.1960290043891
15.2938523998412
13.9676896053916
14.3110633236666
14.9191069359412
15.2533682698132
14.6049323294781
15.7875802538292
14.9908522887258
14.7628719022216
14.4671389022967
14.7550657602578
14.4892479035686
14.9215810434396
8.1284123851004
9.69184402762684
10.530491556112
9.0316247622056
8.06596182932229
8.76045150832269
8.84535620691399
9.85449251225867
9.11943839190924
9.26650351862529
9.09259158469789
8.8306011437482
10.6711622008094
8.70575856184861
10.2143174033424
9.22321206716408
9.18943293442049
9.30715312141599
9.16617895619459
9.51459183482574
9.94329896917426
9.69376638141127
8.30652189203107
10.315012058143
8.96116507619969
10.9687122037707
10.7461595707282
10.7501257087732
8.29792262181937
10.6237639021098
10.5634368913555
9.09677904165682
7.34804129750069
8.40014199551932
9.96852368635156
8.1251969124319
8.55568624440723
10.0979065568339
7.99456670587001
10.3627175413533
8.90262206795032
9.49377030044396
9.04585141659059
6.89479854434941
9.73714379169334
9.17707275165654
9.73173460202655
7.55453352273935
8.49392125253087
8.49950853265466
9.11204986643233
10.9036200836519
8.58905366884355
9.11423993833759
9.31312173801943
7.71097238396223
10.2826201629027
9.87257773673559
9.3299013334514
9.48393488034108
12.1862385702009
9.82476610202416
10.7230781437955
9.83629694252863
12.1452134169652
11.4268038426913
12.1833448786441
10.9024277687331
9.16705581822559
10.7795609359128
9.43899075107076
10.0206521398059
9.76978547802436
10.5794237873214
8.90717352944455
8.94359386618524
9.88362974207587
8.84414204643288
10.6360347793777
7.35762629410608
8.52511175725991
10.347477227368
8.10511763920539
10.8933925716685
13.1856980422122
8.38019785193572
9.88145848125605
9.79190933967053
9.1212602937286
9.1993039743728
