8.77116641141899
8.91877014496151
8.49317830015505
10.439254186779
9.86651426696161
10.2570500563747
9.43148661481645
9.12912181141438
10.031184482716
11.1237360812729
8.25265404038794
8.33475960744688
8.35794912080106
11.4709903228767
9.02771659211177
9.18342932554461
9.20262081733418
8.77116641141899
7.89638173273521
8.59586743483208
2.96943447549304
4.24479686897347
0.596837387189662
6.42672529999473
6.87374993956273
6.46630841632706
6.41530335398953
4.37723299007769
5.83824540668384
6.87183412264909
4.22334091203392
3.88263189138067
3.62705229464694
5.82709227422169
4.01777244636011
4.15784141874417
3.59014096304043
5.21352998803466
7.20899587833291
5.94854254611357
5.60185923209406
4.99736985770845
6.42034225163082
7.58100066241827
4.24582710534973
2.09788083027974
2.91168040154604
5.78946290064378
3.42988590472476
3.86377286123976
4.10152945817932
6.24059740598349
6.72978785925081
6.12187809964669
6.21194187119733
2.59803361029159
6.51765766550231
6.21126924402062
2.20413030733064
4.69661950962963
3.73306778576051
6.21870753508619
2.49006737351386
4.43933686734857
3.90539481366068
7.60249435036901
6.07452295658126
5.76290949327342
6.72773010442263
3.80041393378765
6.93456312840301
7.4818910436721
4.31546683883649
2.93206390875852
2.49027663069931
6.3847893324589
1.64558618036208
4.52055528158596
2.44638467986002
5.51288223993339
6.61586820868951
6.41419147696131
4.88738931795757
4.10863124340478
6.63079987056838
6.67782484289412
2.5219417675117
3.8732297090881
3.27418500720238
6.04364864836016
4.29452814375841
2.424258320251
2.95385716170435
5.98505389482555
6.52820009616427
5.80515942829715
5.18967326124747
4.13868681024068
6.48932978273953
5.78955527640891
3.21699735709026
4.50347508548671
3.61477133597148
6.80756559859204
