24.0607392893663
24.1228161965587
23.8545458879732
23.9553802052413
24.3280792277077
24.7401159837725
23.8420093239128
24.1372096717624
23.9829968827256
23.4694399659589
24.0267509797345
23.6808402668974
23.4755772357484
24.0375902644695
23.8225744126478
24.0794467797187
24.0788876859091
23.508451338447
23.7044743145061
23.8472740469546
23.38015523302
23.2859667605925
23.0651076995446
23.2993880155307
22.9108949105077
23.1317539715557
23.2422126635837
23.4834718176699
23.8755275361117
23.2808267793533
23.5809568724048
23.822930556789
23.553730918296
23.5528649024571
23.9189887802588
23.6522963480316
23.8065091370684
23.5519554753735
23.7572185065226
23.1726561547825
23.8977168606478
23.8461525153773
24.1540301339091
22.9037512359819
23.109014267131
22.8810085954609
23.8384991361749
23.9443967048396
24.1496597359886
23.5898197029927
24.0709548225884
22.6795190765685
22.6852183230569
22.9636787484346
24.0581325877529
23.8302952872898
22.4835461602221
24.8493479943463
22.60709351053
22.0497824967545
23.3998048178661
23.1195003685899
24.1229520033423
23.6438012398065
23.5913023329464
24.6823828798058
24.0916463852563
23.5463698011674
23.291995496701
23.7484409707015
23.8364680077482
23.2325331907576
23.2690944770376
23.392625633175
23.1649020617232
23.3077694858217
23.9585878559063
23.5130325169708
24.3749124682155
24.2031813527206
24.4423696059039
24.1069978558784
24.2784744340987
23.8381646379181
24.4875028606339
23.9346026720349
24.3621116352419
24.3168542188496
24.4442271545809
24.6888098574695
24.3220508936398
24.3113843127635
24.2717209641196
23.9303018510995
24.2563436807845
24.7849933543117
19.7819813922796
19.6505647017414
19.3355189016138
19.6379199597417
19.3336504582029
21.2211991891898
19.0365623115288
19.8079941370728
19.8468880503241
19.857289537374
19.3270714202436
19.7799021122741
19.9580722467779
18.584991054326
19.3213902000116
19.5313325627219
19.004475956473
19.424567521606
19.0448019737305
19.4883658633907
18.6237782393796
18.2302373643747
17.3919766839476
18.4787469488492
17.5701468184515
18.6239270743141
18.881559880259
17.8109301754869
18.5846251742365
18.2468628446559
17.9992095500318
18.3054352217197
17.9604040218824
18.5282666508787
18.6699391560086
18.5262115609213
18.3480414264174
19.0824937177426
18.9043235832388
18.808555143442
19.8427983182468
17.706661201983
19.5305431405697
18.8038687203333
18.6256985858295
17.9602165818724
19.4096017329964
18.9253458841697
18.7471757496659
18.1486270018597
18.9150608687809
19.1092687689606
18.3332660462706
18.0154411386626
19.110678711633
18.9124516935686
17.9206035234206
19.5502003397984
17.3311756732836
17.6458742149784
18.3446540966261
18.5339401961848
18.2629806923967
18.7657653810192
19.057965480166
20.2862352046948
19.2172865254109
19.2917498842015
19.2433434438315
18.6191163385715
18.9272566755517
18.5624305130903
18.42893288105
18.284760750789
17.215627294471
18.2692137138675
16.8932372505441
18.0910435793637
19.6985446106328
19.6218213625521
19.3997968945048
19.6175391318968
19.3125113219563
21.1626774536356
19.0078189723395
19.50751773624
19.5464116494913
19.5568131365412
19.5776742900902
19.5035696833117
19.6817398178155
18.9265276332714
19.4396998606421
19.4579239073775
19.1233072434947
19.3419018141814
18.822158500098
19.4057001559661
18.5495934203694
18.4951167779568
17.4587147627844
18.6147536891323
17.6368848972882
18.6732869124606
18.6031303586104
17.9557952326357
18.5566575810907
18.076488890121
18.3877369003768
18.6374409708572
17.6686630467387
18.5917735695475
18.935072386805
18.7815299525717
18.6033598180679
19.3007226985947
19.1225525640909
18.8635098333473
19.4198598150255
17.7794176119756
19.1034671978782
18.5402609340369
18.3620907995331
18.2888906468584
19.1449350173526
19.0479840033774
18.8698138688736
18.491110708147
19.2730340767174
18.8850755861271
18.049793938764
18.0281475497599
18.9913685783385
18.9961328574158
17.9644222435207
19.6501968656492
17.3066625131776
17.2938262323519
18.0981000640285
18.2860623032636
18.6515080427417
18.7354436442316
19.1855321928768
20.2580134918966
19.1880215598304
19.113771726724
19.0640414260303
18.2337017830118
19.0309150153538
18.4789937314435
17.975196987645
18.2640017032163
17.4246504883393
18.4862766398123
17.1022604444124
18.3081065053085
19.7827450862758
19.6147687265926
19.3365499887292
19.6389510468571
19.3025135489155
21.1796554617271
18.9638193541329
19.7564096976048
19.7953036108562
19.805705097906
19.2754869807757
19.7011568652896
19.8793269997934
18.6069283889223
19.2351467925765
19.4812698660457
18.918232549038
19.3383241141709
18.9947392770543
19.4021224559556
18.5734610054288
18.179634974365
17.2310732746239
18.4365684092362
17.4092434091278
18.5733246843044
18.8309574902492
17.6508209764122
18.5659002798937
18.2317667328563
17.9804846556891
18.2848192830904
17.9459059200938
18.4404885103228
18.6556649892114
18.5106135338004
18.3324433992966
19.0175335305931
18.8393633960893
18.7435949562925
19.4266642430338
17.6930339416917
19.1094954622206
18.663959525836
18.4857893913322
17.9794896546465
19.2696925384992
18.9105500909813
18.7323799564775
18.1343528350625
18.8388581733511
19.0956415086693
18.1205413206125
17.8027164130045
19.2145283416676
18.8391766239549
17.9215910688567
19.4604683715214
17.2731669584334
17.5878655001282
18.2971807781373
18.4851430173724
18.2157614935604
18.7682729815937
19.0079027834898
20.2757088684532
19.169291580531
19.2437549393216
19.1945462650192
18.3554994069725
18.936128378051
18.5288026322386
18.1655704867256
18.17439104663
16.9807183505211
18.2395456560884
16.6583283065942
18.0613755215846
19.6100260816895
19.4810530637655
19.3115457586808
19.5290206029535
19.1717430231697
21.0587577734753
18.8301036913058
19.3666510738326
19.4055449870839
19.4159464741337
19.4368076276828
19.3627030209042
19.540873155408
18.8373647268602
19.2641742302675
19.2962494238317
18.9477816131202
19.1663761838068
18.6604840165521
19.2301745255915
18.3879189368235
18.3844925365232
17.3480905213508
18.4530792055864
17.5262606558546
18.562662671027
18.4927606544514
17.8451709912021
18.4319300797919
17.9517613888222
18.263009399078
18.5113310821989
17.5425531580804
18.416247939173
18.8103448855062
18.6568024512729
18.4786323167691
19.175995197296
18.9978250627922
18.7387823320486
19.2581853314797
17.6546901106768
18.9417927143323
18.4155334327381
18.2373632982343
18.1272161633125
19.0202075160538
18.9232565020786
18.7450863675748
18.3663832068482
19.1344554285899
18.7603480848284
17.8881194552181
17.866473066214
18.9145251893278
18.8184175763821
17.8537980020871
19.4519820207354
17.1962928090186
17.1847672753894
17.9451327955108
18.1330950347459
18.498540774224
18.6337811551008
19.0238577093309
20.141993205626
19.0350542913127
18.9608044582063
18.9110741575126
18.0720272994659
18.9202907739202
18.3560836276524
17.8135225040991
18.1533774617827
17.2629760047935
18.3455083410257
16.9405859608665
18.1673382065219
19.5457480887985
19.3628527026392
19.3949825403275
19.334149248482
19.0467170940794
20.9703358087139
18.7119033301795
19.6671274746653
19.7060213879166
19.7164228749665
19.4017243332718
19.6390354498666
19.8172055843704
18.7113477233504
18.9303449942015
19.2567014639216
18.6134307506629
19.1020981909158
18.8831274901846
19.2004157299794
18.3149055182434
18.3353872356513
17.0666039413006
18.1015528898678
17.2447740758044
18.2980377947196
18.7711901761
17.91739079396
18.345387942621
18.1221353433571
18.0900016241686
18.394844908497
17.8342941332241
18.4996847208197
18.7607312301454
18.6170036350581
18.4388335005542
19.1732857918794
18.9951156573756
18.4683080667077
19.6811238347009
17.729648475222
19.3688686570238
18.5314264444967
18.3532563099929
18.0140616737621
19.1376759941074
18.9483331574087
18.7701630229049
18.2394190759965
18.992001796089
18.9845412676618
18.1715915627247
18.000964892707
19.0343518595698
18.8471609155715
17.5947142438261
19.4646645351959
17.0065971408856
17.5368152580159
18.1916868281084
18.3809729276671
18.3255329993146
18.5169046542981
18.6807714211846
20.0572583031697
18.9173755565776
19.1387826156838
19.0903761753138
18.4574418550257
18.6011128586825
18.2918056347613
18.2672583975041
18.2873476618845
17.2694723863606
18.3439649905165
16.9470823424338
18.1657948560127
19.5053572621795
19.2452443381634
19.0614943202972
19.4243517834434
19.1982141097517
20.8161234799093
18.582941397717
19.2619822543225
19.4401523888263
19.3112776546237
19.3321388081727
19.2580342013942
19.436204335898
18.7326959073502
19.1595054107575
19.1915806043216
18.9813352762537
19.2052545769845
18.6983086711208
19.1255057060815
18.2832501173135
18.2798237170131
17.4429530725308
18.1993797545392
17.4899833009426
18.3197713688734
18.249093188632
17.8088936362902
18.1961213541899
17.9782324754042
18.0272006734759
18.2755223565968
17.5819562102474
18.3115791196629
18.8368159720882
18.4209937256709
18.3739634972591
18.9331038951424
18.7549337606386
18.7723359951821
19.5023355227845
17.4156817107188
19.3241653882807
18.5002537012522
18.3220835667483
18.0820906923866
19.1162355420919
18.6845026393952
18.5063325048914
18.1305744812462
19.0297866090799
18.6556792653183
18.1254754804769
17.9600117570704
18.8693997184019
18.5823518421925
17.6194864056439
19.2159162865457
17.1595039082444
17.1342472076959
17.7093240699088
17.8859327411571
18.3938719547139
18.3863643242374
18.9191888898209
20.037324386116
18.9303854718027
18.8561356386962
18.8064053380025
18.2783840297545
18.6665913228729
18.2514148081423
17.8857941912143
18.2580462812927
17.4414009110986
18.1028711585246
17.1190108671717
17.9247010240207
19.7312163197444
19.7555370253792
19.4248011245533
19.5849495460913
19.5773668908754
21.2835751418875
19.1415346351666
19.7580001387598
20.0754464945161
19.807295539061
19.2770774219306
19.6982061932947
19.8763763277985
18.5565761120766
19.2719283139164
19.504721866948
19.2325022884473
19.6576514945078
19.2994288610701
19.4383718650777
18.5963913799399
18.1459328068469
17.201927795526
18.4671029866901
17.5190965763392
18.6836943884634
18.9413271944082
17.7598799333746
18.6906277811925
18.490833814603
18.1052121569878
18.4109291717487
18.2158331431545
18.4794422364641
18.9200233754245
18.6353410350992
18.317540015681
19.1422610318918
18.964090897388
19.0123943292683
19.4493400802703
17.8177614429905
19.4101685920759
18.7886870271348
18.610516892631
18.0029416555489
19.3944200397979
19.0352775922801
18.8571074577763
18.2590803363612
18.8384381751692
19.0760507230583
18.4262876758354
17.8203190248733
19.1570195983885
19.0168919049886
17.8939928276468
19.6584286791606
17.3822259153959
17.6969244570906
18.4501480466551
18.6381102858901
18.2346437189048
18.8699354707245
19.0313547843922
20.2576441115504
19.1876521794842
19.262637164666
19.2044984330669
18.3825672209538
18.9156127133926
18.5065975102755
18.3272449702715
18.1479318379682
17.0036487250322
18.380313954875
16.6812586811053
18.2021438203712
19.5938757911228
19.38601263695
19.1500128492405
19.5128703123868
19.3389824085383
20.9200431600696
18.7606566787507
19.40284891673
19.5810190512338
19.4521443170312
19.4730054705802
19.3989008638016
19.5770709983055
18.8218588137614
19.3350310411321
19.3532550878675
19.1568609066283
19.3807802073591
18.8599831546667
19.301031336456
18.4449246008594
18.3904479584468
17.5535773139645
18.361054238085
17.6006075423763
18.430395610307
18.3597174300656
17.9195178777238
18.3208488554887
18.102959976703
18.1519281747747
18.4016322452551
17.7080660989057
18.4871047500375
18.961543473387
18.5457212269696
18.4986909985579
19.0578313964412
18.8796612619374
18.8970634964808
19.6640100063304
17.5404092120176
19.4858398718266
18.6249812025509
18.4468110680471
18.2437651759325
19.2409630433907
18.809230140694
18.6310600061902
18.2553019825449
19.1683652572073
18.7804067666171
18.2871499640228
18.1216862406163
18.9462431074127
18.7600671232262
17.7301106470776
19.4141311314595
17.270128149678
17.2446169118549
17.8622913384265
18.0389000096749
18.5468392232316
18.4882813506428
19.0808633733668
20.1533446723866
19.0833527403204
19.0091029072139
18.9593726065203
18.4400585133004
18.7772155643066
18.3743249119335
18.0474686747602
18.3686705227263
17.6030753946445
18.2436394573111
17.2806853507176
18.0654693228073
19.7709674054632
19.7065455950103
19.3245049147974
19.6269059729253
19.3945474259207
21.2343291742439
19.0925432047976
19.7969801502564
19.8358740635077
19.8462755505576
19.3160574334273
19.7930320973281
19.9712022318319
18.5957950855777
19.3103762131953
19.5426481398357
18.9934619696567
19.4135535347897
19.0561175508444
19.4773518765743
18.6348392792188
18.2407587108804
17.4162197139827
18.5495084710007
17.5943898484865
18.6344484208198
18.8920812267646
17.8343709715894
18.6413818135489
18.3077598123737
18.0559661893443
18.3621947499673
17.9717195989963
18.5157179309415
18.7316580687288
18.5863496047302
18.4081794702264
19.0930150642482
18.9148449297444
18.8190764899476
19.7938068878779
17.7174652332347
19.4815517102007
18.7546227526897
18.5764526181859
18.0408679284366
19.3603557653529
18.9862861619111
18.8081160274073
18.2103459145799
18.928190853835
19.1200728002123
18.3575090763056
18.0388819347651
19.1913300581972
18.9679004746196
17.9319191005345
19.6094372487916
17.1685119759827
17.4832105176774
18.4014136248737
18.5891188555212
18.3197373317092
18.820689503081
19.0692810572799
20.3427377243548
19.2732674186798
19.3477307774704
19.2985221031679
18.5512381649635
18.9980181977032
18.5514165262739
18.3613092447166
18.111762192847
17.166635864102
18.2800177451192
16.8442458201751
18.1018476106153
19.4788327256966
19.5560079199192
19.467847079581
19.2647611511457
19.3778377854154
21.083012864174
18.941748521119
19.6533313192497
19.9707776750061
19.7026267195509
19.3879281778562
19.6448421531715
19.8230122876753
18.6674268680022
18.9517399189708
19.2870964321836
18.9123138935017
19.4057844374075
19.1947600415601
19.221278542531
18.3453004865054
18.3080883421594
17.1882747781021
17.8657405174737
17.5002729471916
18.41455623563
18.8877086170104
18.1712932211657
18.5225023624132
18.4372152372053
18.2671131550257
18.5733417156487
18.1111643236445
18.5209384822909
19.0821789107369
18.7974965704116
18.479952559581
19.3041620299296
19.1259918954258
18.7432561764349
19.8641802236593
17.8608073980183
19.8200951323288
18.8060730449192
18.6279029104154
18.1733357600586
19.4136464548536
19.1288572524726
18.9506871179687
18.4214928802613
19.0005937104816
18.9713819035482
18.6219268509163
18.1642132087516
19.1118941274626
19.0764844801198
17.5075724973904
19.7254744595588
17.2602450308167
17.7904631479471
18.3970410151195
18.584746245767
18.3970562628048
18.6693731930112
18.7111663894466
20.0888365951129
18.9881230740242
19.2095301331304
19.1511343929438
18.6402287306293
18.4477175472334
18.2542139162277
18.5849064799469
18.4198629303546
17.4532924342177
18.4911647108006
17.1309023902908
18.3129945762967
19.4865917616935
19.1569722328995
19.190443594349
19.2749929213771
19.1167675724516
20.8067706453894
18.501494860417
19.6092690389123
19.7874391734161
19.6585644392134
19.3438658975187
19.6088454715265
19.7870156060303
18.6044179913104
18.8730186706661
19.1489853863919
18.6948485361623
19.1877869678504
18.9186810503995
19.1425572942264
18.2071894407137
18.3054802348705
17.3829229084158
18.2542740751006
17.4243504760898
18.1256373198601
18.6080003660783
18.091189731366
18.1395074728813
18.1937355309303
17.8841182654938
18.1889644387573
17.8716932814487
18.4447175880019
18.8666736201488
18.4410365345855
18.4038211453197
19.0037479061843
18.8255777716805
18.5824729376039
19.9674542087266
17.5202436398445
19.7892840742228
18.6689393313157
18.4907691968119
18.282183505482
19.2830347227212
18.7738056189172
18.5956354844134
18.0664412467059
18.9626140516814
18.910514176071
18.6314448866829
18.3167463449882
19.3100086326615
18.640501810853
17.7272683707849
19.261888332673
17.1379856513005
17.6682037684308
17.9858063583686
18.169240597581
18.2576180036309
18.3049177869374
18.6490500124636
19.989343307486
18.8494605608938
19.0708676200001
19.0224611796301
18.7886313238581
18.7538340439153
18.2326493076564
18.4648743690255
18.626023163239
17.6076313507676
18.0964611458721
17.2852413068407
17.9182910113682
19.0782557284308
18.7463855700447
18.7821075610863
18.8661193732804
18.6993553416329
20.3801311560942
18.0840826295982
19.1998998333962
19.3780699679
19.2491952336974
18.9344966920026
19.1851325797655
19.3633027142693
18.1375109478493
18.4633847460516
18.8828538884248
18.2852146115478
18.7784177623343
18.6525495524324
18.7331880887103
17.9410579427467
17.5661996581999
17.4898285020421
18.376832637793
17.5321201616052
17.3850484673059
17.8646676438767
18.1991334883311
17.877373509473
17.9276196082334
17.6231779456059
17.7309800559463
17.4045161162729
18.0392835104892
18.7813394920501
18.3570262668105
18.318487017221
18.2631590536302
18.0849889191263
17.8431923609333
20.0651010200997
17.4124193249264
19.8869308855959
18.8090138287308
18.6308436942269
18.4260288737342
19.4237163034378
18.6934111642212
18.5152410297174
17.9892565468948
18.5383690477026
18.8045815013257
18.7386022981583
18.4239037564635
19.4495906505366
18.2272270195044
17.8673428681999
18.9647006502744
17.2351159257261
17.7653340428564
17.5659382080984
17.7425468793468
17.8311784050491
17.8782240687032
18.786404639476
19.5626495892518
18.4222452162685
18.6436522753747
18.5944436010722
18.9252520168643
18.8763926066077
17.8237757595597
18.6009835161694
18.7850451214363
17.7530665860473
17.680442484876
17.4306765421204
17.5022723503722
19.388266802882
19.1098239320234
18.7966890864618
19.2444727634633
19.0654818321053
20.7135208959933
18.4502091200706
19.3632293055629
19.5413994400667
19.4125247058641
18.8823065887337
19.3683026374837
19.5464727719875
18.1795474650793
18.8424985127524
19.0538889422027
18.6643283782485
19.0886909348167
18.7103734536813
19.0089420639137
18.1460800815858
17.8462716720098
17.4744084479922
18.347309323878
17.5187505479102
18.0974679078704
18.3643113786532
17.7531858292722
18.0607009480498
17.9947350160461
17.4752853238452
17.7841434859261
17.6623423306532
18.0486188654774
18.4521223701187
18.0280661534667
17.9892698952896
18.5445393433236
18.3663692088197
18.5543035256143
19.830874602856
17.0310805675957
19.6527044683522
18.6795579630354
18.5013878285316
17.9303388614504
19.2936533544409
18.4335485523886
18.2553784178848
17.6616202938747
18.506551642203
18.578724110769
18.5076626686728
18.0460204266624
19.1729124898434
18.3312309511505
17.8062083403499
18.9577001595837
17.2164090839179
17.5311076256127
17.796504980973
17.9715327833102
17.8446447335769
18.253632046591
18.6663401472372
19.9045921084696
18.7981748205475
18.8726381793381
18.8234295050356
18.6579340822434
18.8468692926927
18.1343243488448
18.3341771274107
18.3828961234995
17.2614145337173
17.6741992581895
16.9390244897904
17.4960291236856
19.4673551862146
19.1664799501203
18.8757774697945
19.3235611467959
19.1270539246513
20.7765716947434
18.5112595862254
19.4410197975436
19.6191899320474
19.4903151978448
18.9600970807145
19.4370717446153
19.6152418791191
18.2522410677588
18.9197568925153
19.1247525413125
18.7415867580115
19.166735964072
18.7820237022835
19.0867325558944
18.217730330188
17.915295316416
17.4256005942638
18.2985155810444
17.4683929849809
18.1649131546784
18.4276191859909
17.7028282663429
18.1173569661468
18.0570781828142
17.5319413419422
17.8367875152057
17.7350359333327
18.1250986102616
18.5144966965972
18.0888596110339
18.0516442217681
18.6119845901315
18.4338144556277
18.6233271700205
19.7951429669814
17.237144572577
19.6169728324776
18.6438263271608
18.465656192657
17.8946072255759
19.2592865416094
18.4902045704856
18.3120344359818
17.7142643231543
18.5745185154021
18.773856827955
18.4583382779969
17.9964414987118
19.1408872458061
18.3908878474826
17.7704767044753
19.009530499655
17.1806774480434
17.4953759897381
17.8491490102526
18.0325832494649
17.9054410800793
18.3154586764116
18.5772651502016
19.9656425746244
18.8597469130935
18.9342102718841
18.8858038315141
18.6050747774953
18.7980755498591
18.2134127321774
18.2797681134617
18.3220239690997
17.2010691964472
17.7442842223205
16.8786791525203
17.5661140878167
19.6780762667657
19.4275766518837
19.0864985503456
19.5342822273471
19.3832345519657
20.9872927752946
18.767961839931
19.6517408780948
19.8299110125986
19.701036278396
19.1708181612657
19.6477928251665
19.8259629596703
18.5022595694123
19.1304779730665
19.3766010465357
18.9523078385627
19.3774570446232
19.0330855580142
19.2974536364456
18.4687921859187
18.1260163969672
17.4269981466898
18.182868958189
17.4713402466078
18.3756342352295
18.6383402665421
17.7057755279698
18.3784536679102
18.3124877359065
17.7930380437056
18.1018962057865
17.9850544349862
18.3358196908127
18.7419318340025
18.3178756173505
18.2790793591734
18.8227056706827
18.6445355361789
18.8340482505717
19.8365907832868
17.454537087596
19.658420648783
18.6852741434662
18.5071040089623
17.9343641837207
19.3012559843059
18.7233580162724
18.5451878817686
17.9514297577585
18.7852395959533
18.9909726891593
18.4602523673704
17.99861012536
19.1694028707418
18.6489836710109
17.7506903140359
19.2754528794441
17.2226468907399
17.5373454324347
18.1142577008334
18.2892855031705
18.1623974534373
18.5713847664514
18.9032339639798
20.22234482833
19.1159275404079
19.1903908991985
19.141182224896
18.613160916648
18.5571110522341
18.4241338127286
18.2894039618153
18.3301101082523
17.209926409822
17.9969113625224
16.8875363658951
17.8187412280186
19.4068664004751
19.4323186419841
19.2489601900707
19.325860921739
19.2541485074803
20.9961722048652
18.7811122609368
19.16478928397
19.4822356397263
19.2140846842712
19.2349458378202
19.1563001178918
19.3344702523956
18.6501532851607
19.0633661790139
19.1092925194067
19.0234185271536
19.2473378278845
18.7539860602619
19.0283127357289
18.200705023811
18.1831729394073
17.2432961405962
18.2745287380367
17.5512823208684
18.4995655565547
18.4296635399791
17.8701926562159
18.3831956580106
18.0341668731329
18.2142749772966
18.4625966604175
17.6373790621139
18.216326807431
18.8927503698168
18.6080680294915
18.3000818492194
19.1128980828237
18.9347279483199
18.8139077002198
19.2153538886309
17.6054441430332
19.1710117887128
18.4948868879504
18.3167167534466
17.9402592588876
19.1011364375611
18.8742650717097
18.6960949372058
18.3176487850668
18.9339043859238
18.5675549044971
18.0553775857231
17.7474203882378
18.7273965702544
18.7694261460132
17.6668410976622
19.4029905903664
17.0336291117176
17.0221035780885
17.8963983737294
18.0841036043769
18.3199903066742
18.5845351874572
18.836900804906
19.9621188777526
18.8522348263579
18.7822539906565
18.7198462616525
17.9722635393252
18.7417403063704
18.1481154401687
17.8475867785442
17.8413596911757
17.1581816240389
18.2967710303092
16.835791580112
18.1186008958054
19.5883435188639
19.4484124168394
19.2890689856061
19.50810911435
19.1322768082796
21.0583527905426
18.8344100266267
19.3980877186932
19.4375137441623
19.4473831189944
19.4682442725434
19.3976641513074
19.5758342858112
18.7595479023362
19.3313235817043
19.2888470837561
19.0151879731445
19.2335255352435
18.6530816764765
19.2962701384193
18.3815703353569
18.3931697137964
17.7750337298996
18.6479789304322
17.9532038644034
18.5713398483002
18.5006616680588
18.2721141997509
18.383248635378
17.8962543764443
18.214327954664
18.4640320251444
17.5006399617262
18.4867845641369
18.7827811291048
18.6360642628355
18.4578941283317
19.1987756344344
19.0206054999305
18.7686453457385
19.8454020474913
17.6453405214895
19.5312604203798
18.9504241375024
18.7722540029986
18.4273697016451
19.5566946649995
18.9030399400324
18.7248698055286
18.3456450184108
19.1687094136243
18.750998495641
18.3661129058792
18.3439290020411
19.1333683679482
18.8227239117031
18.0366693629967
19.4604725579329
17.5829171055185
17.5700598468064
17.9246911183158
18.1139772178746
18.4780990970289
18.5633585588425
19.0929821502818
20.0846045461839
19.0151342405089
18.9403627810112
18.8919563406412
18.6668336998974
19.0641402566537
18.3682658225448
18.4083289045306
18.6016390412321
17.8360439131502
18.3171998161908
17.5136538692233
18.139029681687
19.3147537510104
19.0145900081865
18.7231760345903
19.1701574776593
18.9705049168561
20.6302159015914
18.3921791870685
19.3407664958036
19.5189366303075
19.3900618961048
18.8598437789745
19.3259992421729
19.5041693766767
18.0111542788249
18.8544299518617
19.1574849872251
18.6762598173579
19.1011416302992
18.8142240359783
19.0211382221215
18.2499306638828
17.4610497869234
17.8157177816367
18.7540266967745
17.8580094411998
17.7111922841751
17.9752918853103
18.0942381543291
18.1178014956737
18.0523471095322
17.5323858714691
17.6415703691691
17.5306260049312
18.067094366326
18.6905474179133
18.2662341926737
18.2276949430841
18.1723669794934
17.9941968449895
18.1834394376677
20.2267755036456
17.3894320516874
20.0486053691417
19.0804179412286
18.9022478067248
18.3721837818445
19.6951204159356
18.6717165915955
18.4935464570917
17.898464472758
18.4614281203945
18.9293090026245
18.9002767817042
18.4383800024192
19.5264340395473
18.2732010181484
18.1934866850691
18.937193765937
17.5612597425953
17.87595828429
17.7143358172028
17.8909444884512
17.7640564387179
18.1219935096198
19.1635986984575
19.7870568313636
18.7175865256885
18.7920498844791
18.7428412101766
19.0869265004102
19.2025364234769
18.0946680310079
18.7626579997153
18.7827127476155
17.6992214941576
17.5896504107392
17.3768314502307
17.4114802762354
