5.73932310969835
5.06698928652337
7.17495442769214
4.59411108302636
4.32535856717648
3.5828535878918
5.16598475725799
4.47189598826787
5.0845002091738
4.36763611420002
4.62242163645348
6.32724117786299
4.09888359835015
5.33181952408412
6.63951567096849
4.61549286565246
5.28394075033167
5.18276290761909
7.14959255919299
5.39148301847155
4.71611709123517
4.50244061809548
4.4788247590689
7.05172124986019
6.63772841180415
5.76898228869987
7.77376639705733
6.99950946376642
3.52211569107958
3.85160610374167
5.20077692072338
6.2339713375306
5.67496272041732
4.03872495838189
4.19426454550229
6.97700645771713
4.45642423919514
6.31155291162698
6.48822200350098
3.11821913842038
5.94157867507436
4.1682534908971
6.32436841334434
4.43211177370804
5.11744003458002
4.98486960708505
5.05782674273996
4.01308407407098
7.01824724752883
5.44373943913689
6.88084004334312
5.02839158434067
3.38697165427025
6.61440804724166
6.31521423036465
5.35598890543302
6.11702363900008
7.18647622392496
5.08762715795876
5.17817793139224
5.67795971627182
5.24429889797901
5.14003902391116
7.55963813860379
6.77627678594659
6.24511037196201
5.91807435195629
6.52097810951423
6.42748410668876
7.17649349376494
6.53898202149814
4.70717284306111
6.43410436241462
6.62110736912048
6.70322704855879
5.67282615922448
4.43171432293923
7.16378697446167
5.69825599354361
5.62611317386363
5.7232689526918
6.00690154811343
6.27865507733627
6.30407213607254
5.8965774343827
5.99023420937732
6.16747438705673
5.48172943521794
6.01053048664911
7.32799852526398
7.03187263325248
4.72517675504501
5.53836264015975
4.86234225988722
6.70946927296933
8.61581081942226
3.57962507535172
4.53370128657357
4.52143611553564
4.25268359968576
4.29303712790976
7.20228299119952
3.88148290054403
3.39437078688952
3.36895357976706
4.34953343307161
6.84607545676458
3.10020106391718
8.18286284450406
6.96528848249456
3.3336328900773
6.73681821595724
5.27094021351397
4.83564190849791
4.02990586812905
3.83661303566964
4.44146009549478
4.89738344353835
8.85206331535325
4.13071629373354
4.57696788553504
8.32491332009346
5.77549754155026
3.73261816473106
4.56178964375964
4.94458129362682
8.61077798088802
8.22729453870758
3.96604999089116
4.34633230350854
8.45328494553274
4.72025687442338
4.87948477859285
8.28207178643977
3.76026421905599
5.37177461643864
4.31061750516623
5.13235401017951
7.90924849737184
4.54763597594429
4.10536555151951
4.99684622013925
4.03182072623763
9.01132345042566
8.21887191726863
4.56688939264804
3.95582606139962
4.02901673490587
8.80498693945567
9.20653114099365
8.54645835309734
4.02833457535012
4.5618565541138
8.54644484586018
5.10805493912301
5.19650250213014
4.79504180350693
4.38416233044811
7.64734993614396
8.64540687826453
7.82836567515973
8.56181778990393
8.38644366160391
7.72438091231335
9.02364001009225
5.74685578824037
7.36923531677111
7.36898172591135
8.36661009933593
7.84086962316815
5.00137831447692
4.99404222880749
8.63822499785148
5.12955001884775
8.11488715442226
7.88153520077126
6.09507885400832
8.43692132541573
5.1993064934619
7.62716402135169
5.31571552786012
4.99634547594268
7.52247735809985
5.33823914381982
8.88914619112063
5.94966037972264
4.98900939027326
8.32056264111496
7.6480320956997
