29.2999276398615
31.2958719986649
30.0216069035058
30.9413436083793
30.6002412366249
31.6021351029825
29.4083515751436
30.7100307012412
31.1865375598872
31.0768664590235
32.3696410198326
30.4799906447693
30.275940335758
31.683291535424
30.4091986148462
30.4839328819026
31.7903534146261
31.5824471279245
31.0806325281507
31.3524829716059
31.536335689229
31.105637138299
31.220065675521
30.7616819342574
31.0531998514527
30.4101999694012
30.5854960495026
31.479110203052
30.3247590013831
31.6898748120268
30.8886481473799
31.479110203052
34.4551989578059
30.9145659943682
30.539209534643
29.8517733622581
30.2442545576825
30.1869772203346
30.3460031284805
30.162575617134
30.9983192482436
29.4527904416397
30.3600932529159
30.1577848168369
30.3719127402795
30.5561126747684
30.1519620878138
30.2222844582481
29.9491706036081
31.1505379768223
29.690343661337
30.5150169825256
30.2984866330892
31.1521082173541
30.4071168674446
31.478455140365
31.478455140365
31.6892197493398
30.7568703743528
30.4763150900098
31.4222736469741
31.3403265289977
30.155780210062
30.8748185628669
30.9421333331048
30.73136872413
30.73136872413
30.3167574867978
30.116382732546
31.452837834758
30.7043066311106
31.1403246549852
31.0113805998514
30.622787533956
30.27265132001
30.0167292346823
29.8183698953946
30.5410800255994
30.2087859168701
31.2725984188294
30.4487947805134
30.5498882886245
34.0863829681566
33.9363985160545
23.8232489474997
25.8611417767324
24.4588384794702
24.7551954385626
24.661036189302
26.0408911965177
24.0939203718325
24.1124348321707
24.6277305861789
24.5453465070631
27.139995335832
23.9361413730312
24.2347946293666
26.1879121959027
24.9853353424923
24.8327087108335
25.989104031478
25.7474778112881
24.4987472619535
25.0329692131199
25.770440712657
25.515448490981
25.1250324695055
25.6477295759445
25.5892769100755
24.3950311090077
24.3707850072079
25.793937921645
24.5546325397204
25.9166490583575
24.4665790674581
25.92475445769
29.7772564509186
25.92475445769
24.5403092551943
25.0963212159956
23.9897924820667
24.2651171550165
24.206226484188
23.9837591062555
24.5489631465738
25.0898611649566
24.4084241940198
24.2590771446756
25.4710122255332
24.3289376209005
24.265737275757
23.8068475397806
24.3295446462195
25.8589927309615
24.0254466573315
24.8887153107267
24.648789609388
24.9455953089758
24.1612947834855
25.8367009854277
25.7058844493827
26.0474655944025
24.0740434065091
24.3221685335108
24.5740794771435
24.9141728824977
24.6804053654533
24.2349529958251
25.3107327703376
25.2511494359695
24.9691516253178
24.3810592043393
24.2936853001951
25.836307826273
24.4356194596092
25.4091092151769
24.8079934278143
24.8718007982768
24.3125854898383
24.5639287778103
24.7739379583198
26.169882965805
24.9761356681517
26.4651657380081
24.9408402006639
25.200037266568
23.6953797591583
25.8896218928059
24.2936778066753
24.6273262502212
24.5331670009607
26.0693713125912
23.9287596990377
24.5028508536461
24.8441645883002
24.6333999793254
27.1805968964729
24.3265573945067
24.2581067156319
26.2166492060774
24.796605689331
25.0491427129548
26.0173222161512
25.9696004985358
24.5492523556611
24.8442395599586
25.8584941849193
25.1250324695055
25.515448490981
25.4825689031497
25.6773303823378
24.2063014558464
24.4588384794702
25.7563895430903
24.3894718669255
25.9671541520651
24.5546325397204
25.8872060791353
29.8178580115595
25.7595937848952
24.5027608766396
25.1196333022608
24.206226484188
24.2275687764618
24.1686781056333
24.2001931083768
24.7653971486951
24.9619919766153
24.2805550056785
24.2215287661209
25.1523238644971
24.4169910931628
24.0770076225957
24.197263561256
24.2016754578781
25.5403043699254
23.8975774689902
24.7235546379318
24.5209204210467
24.968907395241
24.2117998771931
25.92475445769
25.793937921645
26.1355190666648
24.4644594279846
24.1334388803495
24.9644954986189
24.7863036941563
24.5525361771119
24.6253690173005
25.3340448566029
25.1232802476281
24.9924637115831
24.192329551178
24.3169973864604
25.7987594477183
24.4589315458744
25.6255432172982
24.619263774653
24.706640125482
23.9221694683628
24.3987681050155
24.8619914305821
26.1696260717038
25.064189140414
26.4649088439069
25.1572742027852
25.2880907388302
