5.98071407389256
6.26279334682095
5.45016193698149
5.09111600865849
5.61931299261161
6.06970474248804
4.83005721472687
5.66416939538711
5.8186425596944
6.28505313130004
5.42371745607991
5.69139288994699
5.37637033843372
6.49626736962024
5.9026071282672
5.72057674009306
5.56034346504888
6.07483531722231
5.97003057978677
5.72057674009306
5.42371745607991
5.28147957567922
5.98071407389256
6.49626736962024
6.28505313130004
5.42371745607991
5.97003057978677
5.08312165154043
0
3.26452283186416
4.70842364273982
2.54395132630288
4.12886471136642
3.78220802406372
2.59375553550501
1.52327843828298
2.22308302560085
1.45817335294514
1.5519606122451
2.22308302560085
2.86205845851239
2.5144402980396
3.40325461443204
4.70842364273982
4.85401966196892
4.10328434363177
2.01342402376084
4.48830380638823
1.78487739452854
3.51998837971237
2.5144402980396
1.26923962075955
4.0314347585398
3.84129017382509
4.89971679280426
3.08945530328038
2.92339462117784
2.77249795553519
3.47475014017544
1.97456277914895
2.13854663473512
3.01635770240886
2.04606953231431
0
1.04179492325991
4.61441862049548
3.80762696173548
1.96833904193033
1.00427460905441
5.06863658105837
2.45713730727861
4.31980923667291
1.45817335294514
3.04167011850671
4.32011412141276
3.4024978941511
4.16741468151525
3.27831919815285
2.28038601636184
2.47819345645246
2.03914784617247
0
1.6263643597977
1.04179492325991
2.31818170470596
1.97456277914895
2.99158174622024
4.52448846331142
4.8742652400209
3.58154763739735
1.27638678144605
4.30436862695984
1.94495503234119
4.36208296508348
1.5519606122451
3.10168764414316
4.34442949667888
2.71423276661889
4.00310759905884
3.61937283634272
1.04179492325991
2.31103454401945
2.84551560827077
1.6263643597977
0
2.41216732717186
2.46415966321192
2.13854663473512
3.00535581913157
4.51637509427152
4.80207888006271
3.92260127558722
1.61744041963592
4.56552676880583
0.821849007319141
4.28989660512529
2.01342402376084
1.80835173293895
3.24810168186538
3.23226800796894
4.11766440597209
2.20630675860547
2.35922001020036
1.97035562788257
2.91057552919797
1.27638678144605
1.61744041963592
2.31818170470596
1.04179492325991
1.00427460905441
2.04606953231431
3.81227629284286
3.80762696173548
2.80633514698672
0
4.30377002595098
1.95612103299986
3.51766690902028
1.78487739452854
3.46334671256493
4.509160475797
2.49201054439667
4.00310759905884
3.68028911254455
1.86364393057904
2.54395132630288
3.18611141281025
1.94495503234119
0.821849007319141
2.75276313171135
2.80475546775141
2.45713730727861
3.34595162367106
4.56552676880583
4.74355153234097
3.94557973064505
1.95612103299986
4.56552676880583
0.821849007319141
4.23136925740355
