13.6580432779801
13.4277532049896
13.9553180669094
13.2088723220446
12.6350582143869
13.3572512631266
12.5076312754862
13.2369762931749
12.0547050877482
13.8557663964752
12.3859326511996
12.8793439425248
11.9264674444806
12.8640249051451
13.0734661416421
13.6477560176557
13.4483318062701
13.6841257407655
13.526868097736
13.0421619422132
12.5628834543759
12.8616481036209
12.7868414038494
13.4180180693524
13.1881614010692
13.0346735038547
13.6013519346935
12.3686148017751
13.5491932495965
13.8808849258706
13.1484257469555
12.5402527572527
12.8576943291345
13.5312229910377
13.1260985159726
12.9762744314059
13.1430462055807
12.6731723282346
12.0349601914325
12.6846584630299
13.615990778803
13.6080938484856
13.415158127017
12.6065951623608
13.6748846483249
13.2502382249176
13.2364305948141
12.907729323769
13.6539657217643
13.2965780247456
13.4110110485245
13.8639372362625
13.9880769452075
14.2212058534225
12.747052703427
13.7789311978997
13.5805150567742
11.9510796748248
13.3763654892296
13.1327519547971
12.5484450536721
13.7254916436385
14.0912441975239
12.3818113307917
12.5059510397367
13.1554327677834
13.154532340376
12.947356485079
12.9535421551124
11.8596902933809
12.7617944275136
23.1577938746729
19.2912791839851
19.2417656335301
18.699531336918
18.2192988211667
18.1541077287354
18.7175979722369
18.958401234
19.6007828946603
18.6241000253088
19.1059914127745
18.3426848906503
18.5555543175691
18.5302872069031
19.4899776748068
19.4845616269575
19.5497527193888
19.5451406922027
19.3983216147556
19.8188628356486
17.5579251822664
19.7504079972279
18.9830105298565
19.0356819156742
18.057284326521
19.2146774822105
19.0835235593087
18.9646196556137
19.0756331648604
17.6562462588722
19.5837063918138
18.6295005153007
18.5280030935474
18.4478271408517
18.1803191945124
17.7992382313523
18.5205328678683
18.2413946765731
17.4649370226611
18.5793895676393
17.8007211756937
18.0835984493535
19.3277657077129
19.7130569949665
18.6303504472678
18.7777042150263
17.5060834214053
18.2411481366706
18.7589494943899
18.5762672769835
19.6428037011789
18.7941455490264
19.1292646893394
19.0557473853359
19.2139894595574
18.2231944124226
19.0244262499436
19.9499622070333
18.7413319561692
19.450383518686
19.6412376239642
19.4468920835781
18.6735268896793
19.260364060724
18.5334616904332
18.2510717101126
18.0873310349072
18.5771788296057
18.1251561771165
19.127299162979
17.7649615012031
18.0303084809696
