2.39927366269553
2.39927366269553
2.39927366269553
2.39927366269553
2.39927366269553
2.39927366269553
2.13111287248804
1.36482432223918
1.36482432223918
1.36482432223918
1.36482432223918
2.13111287248804
1.36482432223918
2.39927366269553
2.39927366269553
2.13111287248804
2.39927366269553
2.39927366269553
2.39927366269553
2.39927366269553
0
1.36482432223918
2.13111287248804
3.73260454781469
4.00565341851018
2.95721136481643
2.11504146558928
3.24314291279159
2.53968096223083
1.84935114010053
0
1.18715000236014
2.65312245863949
1.7404770025206
3.31532359637988
1.36541363715035
2.66600513591915
0
1.34305853598415
2.40438326695756
1.60468040494574
2.29501022707605
2.95721136481643
2.27094999921328
3.28415427446116
4.01853609578984
3.35633495804945
0
3.73875686862645
1.36541363715035
2.34483580949814
3.56157017179397
2.380073587944
3.0704034100743
3.73260454781469
3.13547499960664
4.44134117929758
5.09128782849714
4.42908669075675
3.0704034100743
3.34345228076979
2.29501022707605
1.45284032784889
2.58094177505119
1.87747982449045
0
1.84935114010053
1.45284032784889
2.58094177505119
3.31532359637988
1.7404770025206
3.73875686862645
0
2.66600513591915
2.66600513591915
1.60468040494574
1.7404770025206
3.34345228076979
4.00565341851018
3.39036651210033
2.14317014997919
2.53968096223083
1.87747982449045
2.380073587944
1.7404770025206
1.60468040494574
1.60468040494574
2.39150058967789
0
1.87747982449045
2.53968096223083
2.14317014997919
3.2712715971815
4.00565341851018
3.34345228076979
2.34483580949814
2.66600513591915
1.34305853598415
0
1.7404770025206
1.60468040494574
1.45284032784889
2.11504146558928
1.2915278268655
2.62785600638174
3.36223782771042
2.70003668997003
3.56157017179397
1.60468040494574
2.40438326695756
1.7404770025206
0
2.39150058967789
2.58094177505119
3.24314291279159
2.62785600638174
1.2915278268655
2.11504146558928
1.45284032784889
5.09128782849714
2.53968096223083
4.01853609578984
3.36223782771042
2.11504146558928
4.00565341851018
3.31532359637988
2.65312245863949
2.65312245863949
1.18715000236014
1.18715000236014
1.84935114010054
3.13547499960664
3.39036651210033
2.27094999921328
1.2915278268655
2.62785600638174
2.14317014997919
1.45284032784889
1.18715000236014
0
1.7404770025206
2.65312245863949
2.70003668997003
4.42908669075675
1.87747982449045
3.35633495804945
2.70003668997003
1.45284032784889
3.34345228076979
1.7404770025206
3.31532359637988
2.70003668997003
1.45284032784889
1.84935114010054
0
