15.2133034780189
20.5165925453603
15.4405149496878
19.6733821945914
20.5165925453603
19.6103557562214
20.9484169980121
21.4310738102822
19.7950366472214
20.7839818405333
21.1879014049817
19.8507238035536
20.7839818405333
21.2918690585954
20.6800141869196
17.8489484231223
14.7510781271776
15.2133034780189
15.2470297207604
18.1327353876704
20.3813562333408
19.2690307196699
19.7015254062909
19.3669754598032
21.3669304560894
19.3669754598032
20.0157602025483
20.7314639731689
19.5148483977542
19.8882536224
19.9672905125132
19.9689763737459
20.476863591808
21.4691939131377
20.5472418519728
20.0678729575167
19.1459208963519
15.4405149496878
16.6813520131458
21.5542489562075
17.143577363987
15.012015841588
21.0463617381454
21.3891441323759
21.6124377765394
21.0005829048636
21.0005829048636
15.2470297207604
21.3452746336398
19.6699116286858
19.9672905125132
20.0793302392314
16.6642516960056
14.9782895988465
17.1264770468468
21.299495800358
21.6658433515838
21.0647262590564
21.4310738102822
19.1402677376632
18.981558900069
15.4742411924292
19.9233259853325
20.2998048764782
20.8971633408828
19.0970995091758
17.0942979499479
17.4242225750077
20.5091217491174
20.423322572475
18.4530986686134
18.4530986686134
20.1885530311734
20.1885530311734
19.9272386496707
19.6170680688609
19.3009647108417
16.6813520131458
15.012015841588
17.1264770468468
15.4742411924292
14.7510781271776
16.6642516960056
15.2133034780189
18.4962068206439
17.6973026153761
19.0527190476477
19.5302135092707
20.0858180192098
19.5779308011477
19.6103557562214
19.9689763737459
21.8748176741515
18.7584656885917
23.298861414977
21.3160894325126
23.9066069643311
20.9078228328895
21.2986605939222
21.3709170083075
20.8271132737264
20.3170611034218
19.5500105329502
20.5023865802108
22.3223148644242
19.7445955901255
20.18832835533
20.9125019234378
21.5360435683513
19.1069227146629
23.1640666151117
23.3364666620151
22.6616381440629
20.0602652876191
21.2016633082943
19.9450211523042
19.2642118618372
20.1408562938013
20.647845068257
20.164247232897
22.2482666291615
21.5467248519678
21.0113580880281
21.1579341891782
20.6067869285802
20.0940519555545
20.8182255236623
21.1565767761351
20.4015358952099
18.6300997967863
17.9098994847231
23.9454869801335
24.9436322579401
21.6109240411429
25.0926413657479
23.1170079518159
20.9025761501153
21.2910560992553
20.9876547435403
21.2658418437149
21.2797093249827
22.6850290831586
21.3052285493573
20.9309063031157
21.1421745342699
20.6492107971951
25.5374402844563
23.7730869332301
25.7098403313597
21.4989192080755
20.8793192711074
21.2999328984723
20.6752679489033
20.7170062083072
20.993249724756
23.312798937815
20.4031668798333
20.8822881615557
20.0555620190217
20.7054164528757
17.4581652690168
19.2460407984356
20.2739045390791
20.4108309332336
19.6322489148769
19.3191781368413
20.1626912264121
20.5128099438573
21.0509372946178
19.9516438900156
19.7687566407057
24.9202413188444
23.1170079518159
25.7098403313597
23.2894079987193
23.1272041620681
25.5374402844563
23.298861414977
19.8141258208005
18.96150308554
20.993249724756
20.7537685107754
21.7580422042372
21.0338686361295
21.0338686361295
20.6998792845641
21.4026321823395
