11.7755704284898
6.42471135730293
11.1562981189683
8.13118531665
13.5197906588551
6.92609685369906
10.844159508846
6.61700892554377
13.8633503854966
7.33472051924055
7.29518949006691
9.5155876658228
11.3284430671899
6.86814716404151
11.4350087837942
6.98712477970884
11.1287783546686
11.2599415934179
9.21006286175608
6.65958927606182
9.03813692907779
11.4650148070925
8.00102053019926
8.63008633952039
7.87517782584906
7.15189023371403
7.6722884318617
7.97685436560899
5.25376901843023
13.1349470246039
11.1107500101119
9.56463177801118
11.280934679575
7.71387277146377
8.51831396949369
7.98994282720243
11.280934679575
8.94396046892215
13.0056482731079
8.55273481249461
10.3961189977178
8.43809490304018
8.55141880029495
11.8366752328413
8.57337140722829
8.69424487717726
8.69833698968343
11.4524772838289
9.1854151088642
13.4104135479538
9.22219745830415
12.9360561250295
13.5805723481386
9.51034735710089
6.85662827260041
12.9789447860269
6.95918161922862
6.55462117019825
9.02058656784189
8.09562949808557
10.9728504337954
8.05618479984066
6.66746794768241
5.93941125995362
8.51431953999552
7.93550148474233
12.4903500211757
8.23244757724233
6.50762624308048
7.69816377846339
6.47084389364053
8.83491704453787
9.09456169491841
7.92439905023065
7.92844744737976
6.64158640942315
6.63753801227404
6.39188306370756
8.51380674586115
7.78840893917506
5.39832553003497
8.7348048018977
5.24772915202873
7.6907407777746
9.05570651808226
8.61847005100337
9.12545434363352
9.28687478707266
7.8588519010358
8.60966592247995
8.69298977839165
8.57306777435446
8.32534040754915
10.7771560564071
8.77153471023754
8.95375639650566
8.77634587361931
8.04135629342548
8.04616745680727
8.95856755988743
6.61514867910043
5.7991612957049
6.50609073839399
6.59167649319134
11.053343942446
6.33350391284227
5.90180722321183
7.89171209565707
9.38735068828255
6.75821013805827
5.8342432659155
7.56409384778015
6.7382295172042
8.18202339872533
10.3118999841753
7.11259252250531
7.64351807300792
6.90632264298757
7.84042147115214
8.97084628842907
6.35795345140176
9.64780355665178
5.60287840304943
5.60940976962581
2.66332810613272
8.63931083333626
7.28138896234751
5.87170671808713
7.18057990889536
10.8035156468999
7.83007227130071
5.48517299161222
8.06263746432828
8.2266916949626
7.43382293218332
6.66923580692767
7.90821519571813
5.59644397313301
10.7978065554739
6.50644757101672
9.47102437858638
3.51525741598422
9.34105105579593
6.8687910343923
6.21048251060532
4.65024497758385
3.71901412006632
7.08450293143406
4.99812871957219
9.58501795198744
6.77090160741857
10.6506918279043
9.48079188541527
7.97761725102919
9.52529535777008
10.6935804889017
9.3111775905713
7.5433641057018
8.74321808161661
7.9311315905536
6.59737927412523
6.11521444702378
7.45586342433323
6.63311487411779
7.3641369572261
7.38458761789938
10.0973751628917
7.71165840692182
8.21633354437711
7.15262721392708
6.44356065653073
5.06936201070878
6.50011772354175
7.31328820833858
5.5405153204922
6.98023689208511
8.75300977993149
8.33570141855243
7.66409821947775
3.78746448496475
5.28695193620135
5.89132533163137
6.76181953239197
4.06010572513985
7.24978970288544
6.72382553677505
7.61654686539774
5.02135384605344
5.83897928138259
5.55667746821959
7.09459093626418
3.33820879887731
7.03974315547569
7.61933197691033
6.71333646567074
5.7991612957049
6.60251247649052
6.68809823128787
11.1848767271548
6.4299256509388
5.99822896130835
8.02501092883963
9.51888347299134
6.8546318761548
5.93066500401203
7.65879483075597
6.86783987775211
8.27844513682187
10.5309616703244
7.20901426060183
7.73821905598374
7.0027443810841
8.09439492917942
9.0672680265256
6.45795502895985
9.74599134322209
5.69757938602525
5.7409425543346
2.79486089084151
8.73931241089436
7.38139053990561
5.96812845618366
7.3218142121851
10.9386282710703
7.92649400939723
5.58517456917032
8.15905920242481
8.32139267793842
7.60140277017028
6.76565754502419
8.00463693381467
5.69114495610884
10.8942282935704
6.60644914857481
9.56744611668291
3.646790200693
9.43575203877175
6.96521277248883
6.30518349358114
4.81782481557082
3.85054690477511
7.18269071800438
4.99812871957219
9.68143969008397
6.77090160741857
10.7471135660008
9.5772136235118
8.06891975172243
9.6199963407459
10.7900022269982
9.40759932866783
7.63806508867761
8.83791906459243
8.07613073092586
6.69208025710105
6.2099154299996
7.55056440730905
6.22462611161328
7.49743579040867
7.48100935599591
10.1937969009882
7.80808014501835
8.21633354437711
7.24904895202361
6.44356065653073
5.20089479541757
6.60011930109984
7.41328978589667
5.64051689805029
7.07665863018163
8.84943151802803
8.43212315664896
7.75879920245357
3.91899726967354
5.47534856851552
5.98602631460719
6.95021616470613
4.19163850984864
7.34449068586127
6.85535832148383
7.78412670338471
4.61286508354894
5.97227811456516
5.72425730620655
7.22788976944674
2.92972003637279
7.13444413845151
7.71063447760357
8.13294849057581
5.50988285414964
7.54813396266514
5.31685957858107
9.94419308819095
7.2184151249842
7.80078374910511
7.39270456575991
8.27819983402753
7.56089029521242
7.41330760581194
6.78837761373849
8.30939785536352
9.20391488249331
8.8521834226667
7.36125989824877
6.04519496476836
8.4425816035748
6.41115671100637
8.99723887466534
6.82214450867873
7.83415651585335
5.57543388747489
5.67179472227741
4.41666399870476
8.98387224501304
7.31308214316606
7.48320854833793
6.80533226750877
9.50278187084045
6.39745798521861
6.60779790485793
9.6172198518511
9.71945421719597
6.56605242474838
5.63657303770113
9.46279758324095
5.40843996939071
11.5257063240683
6.47114110937991
10.3303352710221
5.42202956560047
7.90294075043357
8.02130136229174
5.42226201873311
6.09997239852991
5.15737246724761
8.26850081546146
3.65302291531661
10.1553660006511
5.42579580316301
11.2558772776087
9.95603264735288
6.56510966487757
9.34616994913583
11.2987659386061
9.44638129571469
7.94383104550882
7.95627451835961
8.10105333552453
8.63751040251823
5.91642316794046
7.50895483751972
6.34506814735033
8.362558348613
6.68876563698353
10.9608623607537
6.86773787063503
8.43791861237373
6.33615274581626
6.66514572452734
6.91572115909475
7.88407061260856
9.02311388898559
7.2503410011392
6.37690968671571
8.14968257456209
7.72854644763891
7.24339353812464
2.5999279298736
5.31434829377164
5.47062065027826
7.00815199460438
3.02227648817794
5.64889048295257
5.68599629981314
6.95743047755501
3.23067435701228
4.5758313380508
3.96244221609314
5.98952035685267
1.29921200165057
7.43092649803392
5.94793313677093
6.79035811583764
6.06410591777384
7.00708687383254
6.31265390974311
11.5281350107679
5.80181213204885
6.06299508187649
7.00146952016529
9.86214175660452
6.63737883890022
5.30255148512207
7.95229858937886
7.12659236934056
7.64856556945814
10.8764228372444
6.67987962291449
8.11910431298352
7.35240633884037
8.21346989632248
8.8088271018899
6.86717781462752
9.81955763150172
5.54806807856446
6.06601346045274
2.04735635477241
7.93585693618653
7.07593584576141
5.88752225758233
6.19413288723088
11.2830955762229
8.34042402356968
5.99439735483799
8.5231049020004
7.59282002300899
7.26678384606988
6.39447546464648
8.36868263339025
6.17081791580579
11.258273993146
6.98543106401176
9.66001034495083
2.92536540872293
9.14236970664219
7.28822269190201
6.75799566760007
4.48320589147043
3.90624853853314
6.80909633533964
5.40993065989773
10.0454853896596
7.18270354774412
11.1111592655764
9.98178802085383
8.17099703079133
9.56538105629777
11.1540479265738
8.79397453535847
7.54485195402275
9.22430521185197
7.89190765055924
7.16428883015443
6.05302592332097
6.75811042614973
6.68237325052748
7.61755779450387
7.44110972966383
10.5596563915516
7.72747394641701
8.22925430625845
7.16844275342227
6.45648141841207
4.45339025934848
7.00934208676751
7.23446503152655
5.46169214368017
6.89234412448025
8.66511701232663
8.32396919869257
8.23847216215052
2.92972003637279
4.30050491453688
6.46569927430414
5.7753725107275
3.31498367239605
7.82416364555822
5.97870348403125
6.75043237101477
5.43315578637899
6.03369309033792
5.32637057597558
7.0873952625448
4.28052619748108
6.98493283099073
8.10041910714569
7.85940608134178
5.51930219210815
7.91583126492114
4.60905690324969
10.0191688021914
6.6630152666132
7.80912268726929
6.38151014987965
8.35317554802799
7.16306418878793
7.02695681201924
7.44592372262159
8.45919198045003
8.89398579545243
9.51140725871167
6.96584516081815
6.52825879988057
8.68131747731518
6.91573192341315
8.42236876281967
6.98720642340313
8.47425018280524
5.43780956699776
5.94635276992408
3.11998415973812
8.35825449289309
6.67887906565633
7.02576834787299
5.79413785162851
9.9823618001634
6.91721983762157
6.82085048581224
9.7107262765121
9.15765054959785
5.73081253308514
4.97655307059834
9.55630400790195
5.98172606598858
11.9209709231646
6.5361547483289
10.3127442842699
4.84638633402221
7.59782821122123
8.44073301980145
5.64808403082206
5.70308693429891
4.68094661061355
7.91954648641597
3.81650754745658
10.5205573033366
5.58928043530297
11.7567563564754
10.4587495379121
6.91664046484796
9.10311219904993
11.7996450174728
8.86949806822395
7.57269606760038
8.68203663453478
8.08568196071756
8.81945490949997
5.77879884746332
6.91450771220875
6.093089612616
8.393190076521
6.69824789971448
11.3550328916948
6.73769077966372
8.18144882368664
6.23197898527577
6.40867593584025
5.61904132012814
8.08596437231814
8.57098767782556
6.79821478997917
5.88692008974738
7.65969297759376
7.1740283865538
7.71180456306016
1.29921200165056
4.07769155416497
5.93903167521377
5.77149525499772
1.72156055995489
6.25281582915416
4.38528037159009
5.39805227332279
3.80264775165676
4.2210880055436
3.94417984943892
5.41399250823472
2.75741013117475
7.29330217755679
6.73540352861292
8.23113627714613
4.96809525846255
7.51125686757911
5.00479255417309
9.66723711039523
7.31483686308072
7.91625011699169
7.58110119807409
8.00124385623181
7.65731203330895
7.52301844752803
7.16175532963075
8.36898779172709
9.47737705766748
9.22723886572082
7.54291565785605
6.26950630829211
8.50389229505907
6.78793290918119
9.17679735237392
6.88531428450385
8.34083306492818
5.82217483973979
5.85912592654176
4.38620843526799
9.16170996760091
7.49091986575393
7.55780834344176
6.99372889982294
9.6378944950108
6.49387972331514
6.75479846046382
9.71364158994763
9.83319982996184
6.32514350023083
5.73299477579766
9.55921932133749
5.50314095236653
11.6221280621648
6.53254483673126
10.4320576037009
5.36103058463721
8.19950886471349
8.11772310038828
5.65026183489151
6.17285125354105
5.20557334274534
8.36668860203179
3.2445341528121
10.2130968526738
5.01730704065849
11.3927106568998
10.0541751405701
6.74943542138477
9.44087093211165
11.4355993178972
9.62593977342326
8.03853202848464
8.36644100802599
8.36624917282418
8.5970987613237
6.16316412020535
7.73959337243442
6.21089664388523
8.45725933158882
6.87821063089401
11.0168724576557
6.96415960873157
7.80396752614282
6.43257448391279
6.03119463829644
6.88526559565798
7.94724038843368
9.09599292896873
7.32322004112234
6.47333142481223
8.24610431265862
7.82496818573544
7.43809609865855
2.75741013117475
5.27728260235942
5.66532321081218
6.97108630319214
3.17975868947909
5.84359304348648
5.84347850111429
6.71652155303746
3.63916311951679
4.29887536025508
4.5385108165846
5.74861143233512
1.70770076415508
7.66707196912191
6.35470114415472
