0.788091400132188
6.01003891640898
2.65020214383614
4.77591629520564
1.57618280026437
0.788091400132188
5.8896154702879
5.56400769533783
4.03605892410018
0
6.67770687042009
2.05352473427516
1.38585678026405
2.17394818039623
3.98782489507346
4.77591629520564
3.43829354396832
5.22194751627679
4.70372687811129
2.84161613440735
6.01003891640898
6.67770687042009
5.48503268525484
0
8.56854542289606
4.33350965915962
6.0883596460351
7.10118842243432
1.69227919733675
3.31950037317998
9.6315513562695
6.49786146165405
0.678269911357113
6.54803861862828
7.5608673950275
8.16419435580776
3.65523974780252
2.64123046182287
7.55571664649684
1.01400928597965
8.61872257987029
7.15136557940855
6.0883596460351
0.678269911357113
8.09204304533993
3.65523974780252
5.48503268525484
6.49786146165405
1.01400928597965
2.64123046182287
9.15504897871337
7.10118842243432
0
7.15136557940855
8.16419435580776
7.5608673950275
4.33350965915962
3.31950037317998
7.07921426894071
1.69227919733675
8.14222020231416
6.54803861862828
