3.46010643494833
1.70551639396679
2.15220442625541
1.57848912170215
0
2.67030261735045
1.45411841157059
2.55339824975074
3.28082059507094
2.69542444600186
2.04782333936802
1.81197221390618
3.0026413932504
2.12476758554908
1.26869199197692
1.45411841157059
1.81197221390618
1.70551639396679
1.77608463348636
1.11291962263148
3.21474417869373
2.71453656424343
2.12476758554907
3.10750736064143
1.18011884498424
2.72322221715751
1.64943751623328
2.46549722334403
0.770612677230265
0.648300928160005
2.05906253436212
3.57232124584342
1.5900306812146
3.05848987406341
2.55828225961312
1.26869199197691
3.24015191007706
1.55252118751199
2.58848599070893
3.58328911191333
2.99789296284426
1.93233762661583
1.83273606241977
3.3051099100928
2.81545277255281
0.904206055900431
2.33092163000578
1.8307140155555
1.45411841157059
2.16036977697029
0
1.77608463348636
2.29944123790557
1.64943751623328
1.24651300130165
0.679966064972401
2.02126203608504
2.42438556164635
0.904206055900431
2.80682195407718
2.30661433962688
1.81197221390618
2.66327217338244
0.679966064972401
2.27898702989851
2.05906253436212
2.02126203608504
0.770612677230265
0
1.64943751623328
2.88900425611783
0
2.87551635462671
2.3753087401764
1.70551639396679
2.82419712932726
0.904206055900431
2.43991198584334
2.46036619385039
2.18218699202986
0.939144332590885
0.904206055900431
2.18218699202986
