19.3310004640869
19.1435351628718
18.9236748191518
18.246724867995
18.3008601939879
19.5298658919088
18.8695394931589
17.3431386360229
19.5652921949174
20.2714241740314
18.5558061141192
17.306659403445
19.8516687792382
20.1838641822823
18.8389584383364
17.5823340619068
17.7421806846132
18.592285346697
19.3310004640869
19.1711538413805
18.7972172653106
17.7620525033358
19.5298658919088
20.3498727238373
25.9632417501924
25.1340033777586
25.5670458219558
24.5360114379796
24.5360114379796
25.5670458219558
24.4634575157992
23.8966100756888
26.2411252123586
25.2484631643272
25.0974416232712
23.8704737221154
26.158942424143
26.080511051594
25.4277510794076
23.6652872693757
24.7598707811301
24.5066092012625
25.3698699067038
25.3493197068586
25.076891423426
24.8420535693457
24.9725013524511
