6.17101162776517
6.21288145734354
6.00188481521367
6.82678375542051
6.42951694855917
5.40113193845172
5.6568186450699
5.55767278258384
6.12826483827658
7.50827184461846
6.00612543027395
5.95480812579426
5.80206729626347
4.95645676530104
5.17158399910892
5.63889996736706
7.2246672297494
5.57132035470825
5.59826348180706
6.06903305226143
6.34635567598124
5.13271896019892
6.26619541710022
6.29525032157046
5.57522831219649
5.00566911232617
5.77392049685471
5.36994549303272
5.86036734849866
5.08326748973757
5.73252725889944
6.0344175359152
6.80816037851391
6.16167490795769
5.2113555616084
5.56022937945579
6.7057078262056
6.20045221040897
6.04160346604593
5.35997907557685
6.61743538231958
5.63001589588879
5.05109837012755
4.47048802005804
5.37333480642069
5.22128674006285
5.64039509220958
6.20927830753044
5.29692475877395
6.77903091155015
6.829848659536
5.93432628220701
6.42521610436896
5.12822612770655
6.36287439582684
5.90314173449671
5.89688583453142
6.6180134084236
7.36666197031397
5.89436508844599
5.84185259688527
5.73137053276036
6.96719376258831
4.76621249882621
5.52784493985655
5.25091399139525
6.16330887506697
6.36994529321487
5.11362781596901
6.74357174790022
6.05736332079837
6.49947676699495
5.32556413221514
5.79615173718819
6.20811211827377
7.224367198554
5.63043221278908
6.02186389990814
6.60152349024035
5.85749776197575
6.3863023056748
6.27911560832376
6.55742902061162
6.1107702236585
6.90371275895319
6.4925389950522
5.8557409995177
5.82190433616361
6.35922643891713
4.82018400503708
5.97448015373154
7.00781210558562
6.08204613536597
5.71656904651924
6.74148306134409
5.26830253478579
5.40576580369261
6.04042983564568
7.86455644883145
8.10043030342547
8.0231723285197
8.59400339625524
6.82897738658274
8.36529886907516
7.55630679533074
8.28812302938484
7.29429133465372
8.76703076974924
7.22023676377529
9.20147481170835
7.51578106469928
6.80648249897658
9.28319131836627
8.00085293814996
8.18287542851317
6.23116210228568
8.97952787759831
6.88971438931637
8.51218761390683
7.70505923543785
7.08834543935261
8.40893164010107
8.04367222145256
6.84339441731275
9.06924457187535
8.54515992174018
8.39374337815252
8.11739033627478
8.5183390416649
9.19860845044638
8.15540432272266
8.23313170802965
7.09409607008722
6.44134520597261
7.66005074468475
8.70040864464321
7.77468391198357
7.70491269620831
8.1561638588105
6.7739671369369
8.04169620897867
7.92496754662369
8.6648602399258
8.11079891291826
7.41947920772029
7.59701367694811
6.97895859408968
7.90800182507673
7.63283428715545
7.23677132219277
7.367206738339
8.15726274739313
7.36025057887829
6.68857680017551
8.1726524379327
8.67919539052254
8.76943029599792
7.39553961854584
7.91961181881808
8.4309672364546
8.06519386384542
8.07828997807201
8.50205382212681
6.74255568672421
7.82953134318988
7.83701180838641
7.44683673181407
7.27210457273991
8.67792699357425
7.23052830217525
7.81400587497392
8.06700855855855
7.00667569853073
8.14743640795274
8.24189418998334
8.39662886708654
8.33228539231203
8.61714852521803
7.43142295252362
8.50477276033062
7.74013849445172
7.72644985544586
8.23645705280016
7.75145108931176
8.49741549454638
6.62188053999209
6.92954069079201
7.57297520591734
8.36379092640399
8.39001768830211
8.95851761813806
8.01993824650967
5.32376532013474
7.15149342468315
8.34672156969445
8.57254327703991
7.75337083226796
8.30252334578767
7.09737655991757
8.04970934676518
7.5735945396878
8.00996654447755
7.28857995519379
7.68048300787004
6.7438673681025
8.49930392961228
7.41171949817411
8.84614248711074
7.22204126018937
6.82254527112559
9.01546447822932
8.0736185129578
8.37435816291199
6.99292733103403
9.1280090912476
6.55153014036202
8.98023755765878
7.77782481024568
7.37645850124325
8.65711717715874
8.39300500561352
6.56953766011465
8.80422321505976
9.06991266815098
8.31497826290803
8.08900866397933
8.16300671706728
9.21015430298391
8.11781873744953
8.24467756056718
7.07692347493042
6.25469164707059
7.32186649573039
9.22516139105399
7.96616664638239
7.49264845909792
8.40434939586817
6.52609385576459
8.01024054076666
7.46811946232759
8.63647856763036
7.65468958145578
7.70759226961095
8.34163083005319
6.77515695954439
7.96473087489232
8.14081175574038
6.97174996537717
7.38326951048798
8.00206982553678
7.70995187563445
6.77885896322179
7.9688508033874
8.69074124306006
8.50170345586096
7.19210649659573
8.38766176257003
7.99920710524513
7.69382501425556
7.74721716591033
8.51359967466435
7.22775370611942
7.83837171240606
7.50593899622473
7.11576391965238
7.06867145078982
8.4102001534373
7.57986108633621
7.99665320899025
7.79315180136047
7.14103379342626
8.33891914235156
8.64561664197902
8.92138161349734
7.71753393400455
8.68991410002586
6.78348689358063
8.16658851137626
7.86729373709427
7.66483281584463
8.76120979921095
7.13669963100429
8.04888008551106
6.24340025360956
6.55106040440947
7.74762933824107
8.32620534113086
8.35243210302897
8.75471598359276
8.21136765665925
5.34056940269632
6.82042061252147
8.19152864783812
8.62853357402189
7.90185204591724
8.08268518625013
7.23972785650572
8.06685742240842
7.38250912261989
7.9655221000331
7.71548066116877
8.32844531396977
7.15555850227729
8.54642818831238
7.22063408110621
9.02156244936057
7.58928794991971
6.98155846814475
9.03261255387258
7.83808865144546
7.96340833914979
7.00455824501714
8.89247922973525
6.58150632341885
8.5692877338966
7.73218317237078
7.14018732931831
8.24616735339655
7.93761073740688
6.61666191881476
8.56795204313482
8.65896284438878
8.71026263185215
7.67805884021715
8.52831490295457
8.97388313105896
8.0569675277744
8.22827079533651
7.66403457135505
5.78214930322071
7.54173090242466
9.25394038068039
7.55521682262021
7.96830780506617
8.40315220243771
6.50968709053392
7.7595011074541
7.83536615205793
8.66525755725674
7.61024513701133
7.91104991107456
7.930681006291
6.31976269133776
7.85749671692971
8.09636731129594
7.17520760684079
7.03822640236233
8.41376095971155
7.71069318604705
6.57256397435369
7.46470607566019
8.6743344778294
8.54882771456106
7.19284780700833
8.00668812186469
8.41089823941992
8.05913320014283
8.17531506531576
8.71705731612796
6.82963198977082
8.29524860143789
7.93403689563017
7.54386181905781
6.84954835450813
8.86707704246913
7.075716358609
8.42355391496524
8.25002869039229
6.76437434826974
8.36769813197794
8.53526548189804
8.51043178973515
8.25514508002331
8.64427246215095
6.73904244913619
8.70419965739502
7.75694257701329
8.20244396186338
8.35025997544876
7.45444637032875
8.41538546482879
6.1373632890774
6.49020919473436
8.08132118709747
8.26535413145575
8.29158089335387
8.68303307359324
8.15051644698413
5.73585377164044
7.24851851192692
8.82308418870718
8.69518160007101
7.88618659109918
8.00542721134434
7.22406240168766
