7.09322904886263
8.51674700813439
9.17942490919609
10.6066406361501
9.85744390345312
9.53285661463458
8.24614077788699
7.39235226554069
7.03150104355367
6.39936806492346
8.2153860679423
9.45887258775134
6.03366865571851
8.19170948982523
9.19934408453475
8.88984207383221
6.75005176942926
6.77197254033707
8.10988982759693
8.48872806305672
9.14065746963877
7.89034854963313
8.64857019645913
9.69289401256621
9.4609326823116
10.0773808504367
9.62916743489266
10.3020149721834
8.76323218959772
9.27807476074544
7.53457200134442
8.01875072404196
7.63319814776041
6.05564792561741
7.65279931631542
9.39744662119928
7.035901051609
6.77350469409449
7.75920612309113
8.55462831564346
7.99769000170119
7.3124148676043
9.69426748034381
8.76340197586542
5.94826960190969
6.59786471828074
7.61121887786152
6.44120050189896
6.51248643837734
6.88499298270761
6.85739322149734
6.29319715893512
7.50942176846101
9.12849840683292
9.37537378113167
7.49638709845524
6.59455809912721
7.07337588178603
7.09322904886263
7.7689502716776
7.01075081872558
9.08666596985742
10.7390557506754
10.2889340364426
9.53609369941006
8.97211934858309
8.90081731437048
10.5836560419466
9.80421962964789
6.17047970502369
10.4661852649084
8.90809869967573
10.4795272474588
10.625488478922
6.48717977541948
6.92867915797571
8.9000432389029
9.09682581130196
9.29410479528871
10.0603634966484
8.84660883702292
9.35884247094434
8.51583679858482
8.6303135706156
9.27348028877518
9.1912030140243
8.71259084536648
8.54122874439106
8.77232438188456
9.121473162895
9.11721506727032
9.57943570093752
8.47364935423383
9.50635122930588
7.67384394092195
14.7250911461209
14.8735312589865
14.5298969090888
13.1796592389083
14.3599387069699
13.2856634847676
13.2409966255041
15.5374645662529
13.8650835700637
13.8091228249987
14.4412558036289
14.8312578492809
13.2179456864011
15.1017140284288
14.2279162495083
13.3859384612957
12.6363245344171
14.3107695584625
13.9771155998934
14.4355141073466
12.7372548214624
15.5640301217694
14.933741609083
12.7285355692147
13.3918878382536
12.5801461671893
14.9863371654712
13.5191652747548
14.7268086622546
13.2446364689822
13.8205262149469
14.8255288557296
13.4612388700695
13.7628228648778
14.6701937316044
14.2657496677706
12.8889930406584
14.5843579100852
13.7580690065297
14.566000352513
13.6499203029686
14.9205470480376
13.7202355882674
13.7555489848731
12.9649192793329
14.9169514198957
14.471625281617
14.1943431617022
14.3078876383315
15.0447328425464
14.3340862864595
14.2429104082576
14.8729991550695
14.747831930448
13.0087845438826
12.7033651844758
13.9579594515839
14.5716382148774
14.5146570289949
14.8128091605218
14.5798391555533
14.5066609848035
13.1421527091801
12.8441418150412
12.823876951647
12.5306319659498
12.5191973797438
12.7798429815425
12.7213931918449
12.7758145389141
14.9065774417227
12.7730113314255
12.56054279432
13.0121345899358
12.5880250265475
14.8183959031687
14.9190335140078
13.049499882276
14.989294818052
12.306524734686
12.9714467197091
15.2251467431515
12.5814975861712
15.5559187815896
12.8043173093117
12.2178364395517
12.334963594225
12.6871901546385
12.8096440436269
14.0225716231603
13.0871606907548
14.2182399948851
13.5191652747548
12.7013017644909
13.5870244249597
14.2023392058935
