4.47651128317285
5.83265447350941
5.38042318620155
4.73008251010633
5.31325971648646
5.90736240886936
5.27819414280486
5.5839725185302
6.09635380398531
4.76581285734973
4.86126117136639
5.88788812997674
4.85500598163648
5.0262301101321
5.28905607693362
4.57189430072066
4.8620194532043
5.22890607878634
5.4551311215615
5.18231379741419
5.08790966080701
4.33779735267981
4.92874257048071
4.79002863998766
5.36849337295378
5.10479404247789
4.63567837349915
4.91684311408207
2.73283064942105
3.04716511716175
3.35372809860746
1.31479557188324
1.72912763226814
1.32757793498401
1.97104514738243
1.48735895458176
1.00882892520845
2.44957517675574
2.19811721155101
1.49658363630434
0.96221622217395
2.85408386104844
1.46186045973297
2.29296983881558
2.87032753697255
1.52389347673167
1.63414091642972
0.898298559508632
1.54265860854468
3.49906753498325
2.38333598792553
3.19250455353753
1.40386100949479
1.35382234293149
1.42532593758307
2.08457545772552
1.32757793498401
1.72912763226814
2.99848507928428
3.52569514653506
3.04716511716175
3.47701510865759
1.97511366567764
1.71958718217772
2.53063117719217
0.925681700024043
3.03027541475119
3.06274972465786
2.57886839625824
3.15931078262897
2.14562464464276
1.73508079622999
1.38823949442931
2.39157572651756
0.987363997120177
1.97507871414294
0.971862498531451
2.63501928060165
1.87352885050399
1.89146693928111
2.49884084172525
1.4714009098234
1.82722217254303
3.15803439316142
2.67950436378811
2.30575220191634
3.18930825246871
1.46186045973297
1.44762170955173
1.37388461294497
1.94726594711076
2.86964120621345
1.42885657773873
2.7752906379796
1.05490389744879
2.24096160077664
0.940036581508387
1.95957721555423
1.38835951090607
2.37607422792884
1.76132520417747
2.16346733506774
2.09196374041617
0.996939398745312
2.37228231391439
2.16897367725574
2.72174971307884
3.51061374287072
3.0320837134974
3.20027974245215
3.06274972465786
2.33797937857607
2.02446015567872
1.59231950285714
2.52410439323775
1.97511366567765
2.52923459299952
3.35212908410659
1.75247666488113
1.34643406024084
1.31102455291038
2.57049376978948
2.17782221655207
2.98699078216409
