14.8768677981497
17.7974058512934
15.1964543795001
16.7787868377186
13.9607850198944
14.9152770610405
13.3979006425831
14.745684845872
16.7300814946372
17.0237796895829
16.7990245343465
16.5647086675248
16.2641361327218
12.3095576699421
13.6476982608364
16.3915186737382
13.7160140958652
14.7792701382204
16.9330136761709
14.0059031114086
15.9324346008482
10.7969550519228
17.6084052212752
14.8839501040538
13.6768573401015
13.3137108332304
14.8211519447269
14.083389893608
14.3408024989195
13.5118707816291
14.4308211657824
15.0543960828646
7.56114665246515
15.1839107047106
15.0791546508511
15.9271276203597
12.9129206994741
12.995894619977
13.7707975427387
14.257688433997
14.8778384139403
13.8480014825706
9.4561780630916
13.7205502213025
11.9930196174426
17.0924827215048
13.2975506138204
15.4900212516947
14.758859499599
15.0187092140459
13.4516871184004
13.6747917647844
16.4893398056028
13.8370859099673
14.4699721727282
14.6070097894254
14.4442146447007
13.3443889336598
12.5189740369069
12.251924058611
13.9333438966685
14.2416556638653
13.6645910037537
16.4778165759898
15.661682452906
14.1740974699895
11.3866651456515
14.2009696412092
12.7588536165491
14.0986214242934
13.1422782447098
15.2429796870431
17.157912496527
17.3948954256481
16.4639174643159
12.2248541689964
11.8313762621338
12.2313181737573
14.903181226893
14.8054376007134
13.2991868431164
10.4393196512394
16.5195837258647
12.4708264330658
14.6167454306879
12.5984135650618
13.6465500943612
15.6138463012087
15.756567532383
13.5545241495192
15.8590064098536
16.1029116124601
10.9724802317973
13.8026029242459
14.1506914831805
15.8913403936267
17.9960879692129
11.595226405393
16.9910562954857
12.049769575157
13.9510852126781
13.094547496525
14.0132576913323
14.1522523199587
13.6152463799076
13.7928627864463
14.549752786864
13.4141297392683
14.0804286361026
15.8760359622476
10.7907046962828
11.6889112641714
14.7972080880622
14.5278504496579
11.4481390949714
17.6172373986511
11.1324051183118
13.9690217505775
10.4256749375554
17.3426090119536
13.4258320271539
15.9120599999807
13.9671834012415
15.0093613092694
13.2122582306041
12.4156261454936
12.9593878425629
15.1091771135558
14.7067971091174
9.2738536934824
14.9781051775717
12.4218722620128
12.7173503382086
12.2698180078001
13.7880156769293
11.9573457548483
13.7232894799362
13.2499409364888
11.964846218267
9.80940608511192
12.0262317664318
13.4835265893006
15.835393858371
13.100243720515
12.744372434612
12.9551819673297
14.3215588083807
14.7234206009104
13.7549444176015
11.9709372668811
14.9097161331285
13.4692428394172
13.5840683780808
14.6716766755585
13.2194559930158
11.2978798627885
14.0182783612205
12.7828848378206
13.381018237429
14.0117340385648
15.7359657948953
16.7070789374842
15.5669393070668
11.4783673941309
15.3049832958849
12.8136595222345
13.6273335741171
13.441982226213
13.3990246447755
16.7481574274329
15.3063174154091
15.4766678292623
13.1124223996077
12.555156282444
12.311031965481
13.7566496724139
12.9765477843805
13.3251430890513
11.6800627890446
16.5134242950957
12.494312247562
14.703915961007
12.9643280518181
11.8466306474892
16.1778650954105
15.3856592399576
12.0861861257544
14.3557833556889
15.649651223477
11.314460545835
11.2348418834631
13.7956143603242
14.8645191013777
15.9327982743698
15.3579410990952
19.5570362030192
15.94726050332
19.2634132699663
16.3304161691839
16.5332116145079
14.9675303062633
15.7543690912815
16.2549326954203
16.6279445151411
18.8646641543115
19.0907815469559
16.8823901030507
11.3555840990115
13.8805754651484
18.0284704789165
16.4995841420026
14.6467781139523
19.6375357756987
16.3922801629088
18.6479552333762
12.1968966733763
18.7848663196692
15.9170593767999
14.9539167748653
16.3384486465193
17.052289288435
15.5138506699879
15.1354334398329
15.0297053423122
16.411769395727
17.7207828550404
8.6411944465537
16.319851874701
15.2820372853545
16.4432358920443
14.3582339717686
16.0395514756382
15.8115743062715
12.8302690299093
11.4094014477305
13.2735291345613
10.0097919454915
13.1696200653219
14.6821121341512
18.6274376355612
15.7186537752952
15.658182845552
17.5235996319075
16.3854191537212
14.1788813573661
16.2058100542278
17.5336843289158
15.029363206029
16.0139175806434
12.4153933917333
13.072845875063
12.7012034364388
12.7393934338471
14.0821987436978
15.4044984748028
16.2468955210736
15.6876068466758
17.7788267340238
16.6775234717669
16.0592227967801
9.3333257131879
15.9560796035804
13.3323484489304
15.9273396429422
15.7148338394488
17.4170352948855
19.1970151575587
17.3258057611583
15.8575665920597
15.2218706216649
14.491553969321
13.0484789867885
16.1055945145984
17.7588448003516
14.2141094734331
12.5487850251442
19.1527594985943
13.2841379489072
18.4386175480158
13.9599651517804
10.5260143554008
18.0470566111569
16.9072540139555
14.7894287991734
17.6902315691088
18.2119480397265
12.4863829316231
12.3637977006963
15.7743941075356
18.1837240877358
18.4390657188367
15.2885849679179
17.9248132149487
13.4094097201039
15.6915228613808
15.0570863599516
16.2898761528021
14.00620020916
14.3960865451094
15.9991643645441
16.995412241565
14.7556944980995
15.441178381624
18.1854078637146
11.6998805339654
12.7691814459109
14.1600168337954
15.5833464510653
13.9842781214388
18.4740216682266
15.3928439675486
14.7366009302006
12.4878385273897
17.0283986647827
14.2300027391222
17.4118973511986
15.3944106478685
17.3170366076789
14.2508483498584
16.6461850413731
16.6591074010518
17.3241753069373
15.8637264223447
9.15451161051105
15.9307768858599
9.31806085563419
16.8959707318042
15.1881384444497
15.0260814432497
15.5682683337252
11.4731529983564
13.7139352478266
10.3234120651793
8.3673023317153
14.5268325791579
15.1915053235477
16.1615612525503
16.0286119016833
15.2031545054335
14.3846637803981
17.1309527928439
14.5400250837363
15.7457777746067
14.6618380139111
16.0776192264653
12.9362002267505
12.184542121598
11.5247642044303
15.1444794387911
11.9201242679784
15.3189021937017
13.3590129472008
12.9322625081692
14.9325382546109
17.2444952867154
18.2140829937879
17.4435853517571
13.4472589728811
16.7861386117143
15.8122872902447
17.3143054608163
13.4367009926765
16.6008802177994
18.0440931576192
16.8423609881369
17.0702583125833
12.2298198847588
12.5972108896628
14.1762656419735
15.6924450905801
13.7675540378008
13.4291886649933
10.9161329180504
17.5319344995026
13.3158824796173
14.9429605474297
13.5350648467084
11.5118524263284
16.325567299846
18.7873317016058
13.3521585169032
16.6012199877016
16.2642817685131
11.4536544239083
9.73636503331446
17.0067634785706
16.343453400469
17.7811544057108
13.5079916928447
15.8625482498876
9.07382355694247
13.0125507701978
11.1720203530375
13.329946966976
13.0438469845083
13.0329275098003
12.7375512867479
13.4275780409124
12.4656737757068
13.1181799244274
14.9589938436435
13.1768831556253
11.9780722774758
13.8185486228591
13.6741935902518
11.0361462057568
16.9571263278357
13.0715628358732
13.2762425145701
11.9777730994475
15.1500100088507
13.8697520526194
16.0385879076994
13.6449789639734
16.867965570504
13.3734855029543
13.4743630770051
13.8196459117683
15.695895365478
14.2410689141341
8.97454389330616
15.0132539816855
12.3360264036318
15.641754469034
12.6604826408923
13.2855742304361
13.3926724806695
13.4649199038755
12.3292751538605
10.992447831414
9.43575053655
11.610095148689
14.4079079945426
14.6379427445335
15.0955356741137
12.3157866036935
12.7133469660142
14.8492922580807
14.5649916737007
15.3988897661079
12.8039669753009
14.6121280912131
11.2188806567654
13.7549601839338
13.9168858037857
12.3182665737872
10.1013695469928
12.5291217168036
12.0449558994646
11.4002151909289
12.8955590979416
14.1028679673986
16.9762515677379
15.080875117
10.8778063223973
16.4360408675688
12.9180691168643
13.7085629504763
13.5241615671105
14.9138267989307
14.7116046612997
14.3667045857301
14.4404502503686
12.7738174378924
12.1000034833384
12.6844076404711
12.6875605128598
12.0504571109517
10.99172190015
9.55374989368541
15.5873739310886
11.5755837890311
14.1917038454142
12.4487082886474
13.2685915661585
15.0276163475252
16.5548536675182
11.4230873417646
14.4651937386724
15.4252498142282
10.5441994808962
10.3021998634867
13.781186208524
14.5314371878133
15.1497313111829
14.3487897385281
18.0804896648233
14.6713210854073
17.4528723895519
15.0238287611343
15.2028097365546
15.0098806397236
14.5249805404619
15.2333955174916
16.2883685422879
16.5771170395503
17.756859843425
17.3503350680302
12.2340829513902
13.081668259624
16.234482872042
14.6197423564992
15.833141748121
18.3189782240285
17.2682509228489
16.7240441035704
12.9411999123183
17.9329044456979
14.2738433713689
15.607583379797
15.3363285987289
18.0052450055181
15.8771941464367
15.4919502708467
16.2257173652291
17.5812857323786
16.1523230821453
9.36948222240206
16.8791744415399
14.9521269672773
16.7481844477098
15.3449569560017
15.0917782825917
15.8142118679303
11.9953088432316
10.7304091017497
12.5610834747985
10.6435634601149
14.5823637552225
15.2623822835474
17.1014358128006
16.0128324658481
15.9007337323247
15.3329323314876
17.206243689488
14.0207264237462
17.2370295165809
15.3139613911569
15.0139666730781
15.4259181426915
11.4292411753514
12.0228606745193
14.476957078477
11.2534059550585
13.632748804812
15.5594959487891
15.2473495633101
13.3652277149282
16.6451439468745
17.873151731404
15.8561859977907
9.17904956202691
15.8803051657582
14.4102180621573
17.0457736900855
14.2907552809755
17.4937609240234
18.9603985809943
16.7325800999675
15.2643409308689
13.2183900581757
13.2732076929994
14.0983569553245
15.0877525025473
16.6514956200187
12.8639309094819
10.0336403451543
18.0622746110317
13.2202301724016
15.3551007888547
12.6016485548949
11.7588124744025
16.4070397872777
18.4462474512414
14.097195734248
15.8556507912917
16.3344143103284
10.3379379162098
13.0704032598211
17.5602185897464
16.5187759442803
18.0957080878761
14.3832605574495
17.3014036529628
13.2386888999835
15.0291070564547
14.1269688560473
14.338398241205
14.2279980747204
15.189368512449
15.5348007416218
16.3917587813029
14.4819612644387
14.5484402686565
17.6532008729818
13.7537317937811
13.2991297656399
15.2819264032151
14.7942505578374
11.792962721442
17.2091164099432
12.8080653172353
13.7329331640505
11.1070863431412
17.5561564625472
13.8955449478066
15.1393701773461
12.3835075511795
14.1446180116833
13.8320874627304
14.9639739481365
12.7960734587212
13.6363658854431
14.4043042305114
7.26671992310144
13.2707087665637
14.3805187675943
16.1583424977345
13.2260446834795
12.8109730733421
13.8564606008082
12.7637819540413
14.4700327490235
13.9515377592355
7.94303732582907
12.8262968189373
11.8480966492109
16.1930249118042
13.484430612622
13.782473453355
14.7178853580806
14.7178656577629
13.881090348648
13.6455433409494
14.7307801260437
14.4044155269276
10.8215839871034
14.1214826542091
15.3393625834703
12.6570215417522
13.1572283873764
13.7996749459663
11.0931291907157
11.6307264608643
16.0086181323811
17.3276532627086
16.2646691105535
16.7438941336546
13.026118580233
15.8497039581252
14.991059678796
14.8917383760078
13.9769337292068
15.75849934636
17.7663630745006
17.1630460579052
17.4410039708357
12.9993180178317
12.5035129833857
11.9451181608027
15.0499620006431
13.5834854112205
14.9403655051004
12.4690942229064
15.6704908579415
12.5177898701603
13.9629312959801
13.9618302582086
13.232093275853
15.478084188274
16.3155520176357
12.9081996375956
15.3335339936491
16.1486744166327
12.6114708148227
12.116086826518
14.8870687311377
15.2298231146064
17.872773591344
12.6664893406136
17.6021472427104
13.2520884502813
15.7463720517303
13.7599138632536
14.273427485535
11.7264560813309
13.5146944667008
14.8257679438261
14.5183599151582
15.7110922594228
16.1513734545728
14.5095549406161
12.7708422675188
11.4285239829143
14.8326521890377
14.2058720463355
12.7058941463824
16.1867615133366
13.6572719560442
16.0020132404757
9.35615760937191
16.6033760157146
13.9826531977911
12.1111015875143
11.3521037515275
13.8620120934313
12.8622248405121
13.3820451663286
12.6449286830523
12.6572818958055
14.0597753333324
7.87362942295869
14.7746876347398
13.9900397920879
14.4439549865908
9.70088636526553
11.9198506639421
13.0724942922844
13.8230289034314
14.6730366626575
11.6233717759057
9.15015498857318
12.4752721881215
11.4383888465168
15.9652539954396
13.2247599525905
13.3211989137324
13.8733238872765
15.2291160139093
13.0422388402113
14.2302914419074
14.5185521705645
12.2915686153552
13.7958365806495
14.6230849960144
13.2404702991091
12.4661844219164
11.5203336037141
11.356792789823
11.8137849600741
12.6297163325753
12.9880520745157
14.592496748063
14.9429975119001
13.1427767250123
10.6219143413826
13.4395389759356
11.0798209976094
13.0268108108469
12.0569392305573
13.8973783711139
15.8518660506609
15.1285085857797
14.1651231348606
11.3957556801345
11.1230603590802
12.2882254121183
13.7032301891311
14.70498017718
12.301565664166
9.49819601444964
14.3984169631293
11.6751882236925
13.4923372286322
10.8807443733797
13.3942800710296
15.2913169999592
16.052187087477
12.0780845371536
15.2972139678311
15.3873031650929
10.7539351140486
13.6393839221956
13.8883970065806
15.2223201473421
15.9214473482742
13.0995143455805
17.6240078680296
11.9544363517118
14.1839930047752
13.4048684365174
14.0858032214032
12.1172148807704
13.9054532661402
14.6684374421991
14.3534572263834
14.1487132124677
14.3262080882825
15.1601510493175
12.7568371903455
10.9969652640504
14.7061768018207
15.2711071502025
11.3283454212358
16.3200383000412
11.832106589754
14.1768478741854
8.92459889050804
16.7960688888375
14.0484263538599
13.5803588620554
11.7798897184586
14.0491748642709
13.0183706435036
13.7416192799284
13.0020913030608
12.8444446666451
13.6487159339077
8.54095176603492
14.8168649485444
12.4514959768563
14.5295993191229
9.2898269658409
11.51650256951
13.0962676986629
13.8106746183583
14.5096200823822
11.7958277518513
9.37940505637506
12.525910401141
11.0019646152382
15.3560301847596
13.7266654624283
12.7243362468548
14.2639517629325
15.2902550904063
14.174837097007
13.7751708652749
13.9216895036869
13.5865348527583
12.2828469460615
14.4422965076448
14.069130921109
12.5175809152155
12.1489122958942
12.8164873038063
10.3313095098017
11.1297792529712
14.9912971707772
15.2137840999499
15.7609877369757
14.6463399508969
12.8795134822689
15.1892714790312
12.9123549280951
13.6310859083816
13.0998603367645
13.8525192391755
16.3816197618484
15.3239663940112
15.4747979997904
12.4386767863417
12.254778684586
12.0158788699526
14.3286820061185
13.4108843064332
13.0610513382272
10.9666427853808
14.4897937575128
11.4028416815268
13.5417988584889
12.3491911443109
13.0421774099735
15.9789750786656
17.0597953339673
11.5604865867397
15.5565907069102
16.0956325624114
11.8856534395544
11.7903312823394
14.0227309844937
15.6381070904504
15.9489044996729
12.6149290492131
16.6144805229708
12.4992222974542
16.2529396226834
13.1621027537743
14.5994562495444
12.6437232375838
14.1295764299589
14.1656293949529
14.5898799990576
14.6444358886819
15.6499583998367
16.1483999784406
13.3083820028802
12.63810199124
15.3489897750601
15.0279812446467
13.0664148722821
16.4601755369505
14.4266266017816
16.6669886958637
10.5304534363622
16.3775420235024
13.8923967064743
12.3688222868476
11.0173350618931
14.4414953922093
14.0210732386945
14.0692041826822
12.7500517270245
13.8425632943925
14.7502990835934
8.27712730344917
14.138722950959
15.2767290467727
15.1217947826928
11.1097723871939
12.7549389067949
13.2701332605983
13.5515737141239
12.995313991696
11.5149473802991
8.7492031336706
11.8830664640159
12.9657526168703
15.9255295885408
14.4991202356128
13.8621066782898
13.5784720222522
15.5640152910061
12.6513622173208
15.176928602237
14.9987275972611
11.8954781182158
13.3467909799303
15.0597191980762
14.1083816929582
12.2039852550299
10.5843015837102
12.2399280050485
12.5135545070938
13.2301213082496
13.1330086519341
15.2463478437392
15.1476460688038
12.8687991870206
10.2954969353933
13.8907770192367
11.7224247074676
14.0149215771993
13.3684157092811
14.0074935709664
16.4599183433643
15.0557516522614
13.4466869046739
12.6789986672398
12.3300979675679
12.4173280834577
14.1895332726493
14.2579060266812
12.3766443050881
10.4184448714015
15.2946179237698
11.3870582888437
13.9474104214882
12.0672149674658
14.5592661223412
15.6790563477766
16.3480500309685
12.410455956607
15.1676969634159
15.8485004762652
11.3309549651963
13.7768101883859
13.6371407017985
15.339250352027
15.9696416883663
13.2671930639654
16.2704782630698
11.6711316436324
15.0522964411877
13.4868389513345
14.6861535433656
12.3072441078932
13.8494121660278
14.2916678773107
14.7041686096147
13.4437927071862
13.5053259988171
16.972577734669
12.5064040783877
11.7429777177793
14.8104691688561
15.4198916705226
12.120900816019
17.1846669057972
12.3295273695174
14.5223562948441
9.63532916290154
16.4627112997441
14.1828011226693
14.803141060189
12.1151900190599
14.4461476034486
13.6679894888208
14.7142943977198
13.1098241067211
13.8472155056318
14.2246730489748
7.95700419938905
13.9620339856364
12.9104521214625
15.9098205318605
10.6892232703397
11.9248637250277
13.5439548680165
12.981688250658
13.0509774880626
10.9379953301053
9.14495005026056
12.612017127811
12.184646798396
15.0089042574289
14.7406165977679
13.4933961222245
13.9509269852848
14.8554795870043
13.9005843453943
14.0521144176062
14.669508111496
14.0377520269854
11.2933525958392
13.9294813623191
14.494032089623
12.3257611794942
10.9166788193442
13.5514311280136
10.4601161230027
11.1766829241586
15.1848586302884
15.9115241696982
16.5751855155157
14.9887323513472
12.8630185509528
15.5504072593588
13.8939305181718
14.743707553766
13.5433444265764
14.8071437662419
17.2484726926243
15.3867261958078
15.536398611077
12.8539273845351
12.5007185322766
12.2689675880802
14.8359898775333
12.9623919804045
12.2903301412026
11.2739406913253
15.6201678281963
11.2386977934662
14.2799674016914
12.910801377
13.4830257175745
15.7908789544113
16.934709274651
12.3172355197847
15.6987530463988
16.0260764169561
11.0457756663481
11.5742176968884
13.8604433656273
15.7792292645324
16.0791462693393
13.6765854359875
17.639481007707
12.5836135473436
14.3695339547279
13.5020124092406
14.6355591458914
12.5240665733448
12.9308924228707
14.3689256325551
15.5674756982738
14.3327029661247
13.0828238840312
16.5604871324466
11.9244582806193
9.75503394843786
13.6033953134223
14.7306447755953
11.9137080206628
17.521197944388
11.2850637597208
13.6720262560324
8.84729151180358
16.7542611771556
13.5531641854739
14.3459773270086
12.9459952103238
13.067233297269
12.8337688586236
13.5672647747023
13.5838913972608
12.7760347927058
13.3540058704824
8.21161366703194
13.9786042841475
11.345180192268
14.5689803395804
11.3783623698855
12.39953391426
12.4598579503177
13.2532837162022
13.7756888865685
11.6328605584282
9.18011282406599
12.3444744539945
10.9605651789119
15.2794358083667
13.1356117288791
12.6162034566949
13.3292257444301
14.8964015331551
13.3071846500874
14.3705953290003
13.0142379702089
13.8856699323709
11.351682935175
13.8885767229303
14.7781838680911
12.585205382736
10.6500613253931
14.045588786174
9.95332473772875
11.6720922065951
14.6358982470499
16.6393958166917
16.860813523481
15.5116786192616
13.6859657137953
14.6045282600201
13.9088232432937
14.6751245318608
12.1911950082755
14.1259178772753
17.2053691055139
16.0008101339568
16.3205965430683
11.8616351816701
11.2700009791385
12.6585011462845
14.8201486674184
12.0984057596275
13.1856792593582
11.946832034925
15.464505774522
12.2202056393676
13.6549974404333
12.541547248328
11.8715902929423
15.8067549606229
16.3803941529901
11.5600106589914
15.5364516342592
15.74259107264
11.8340898759422
12.0649627657038
14.8465396494907
16.0295360856682
16.8175682574505
15.0055070882633
18.2450310519237
15.071065459991
15.5573103930586
14.3243811766927
16.0220165998963
13.0887007510039
14.7135018569272
16.4353240190626
17.0691372801707
16.4010238277013
15.5193585567657
17.6117747779468
12.845491707489
12.1389288074931
15.8573034861246
15.7752070920058
12.7259559560053
17.5230161644312
13.5334703001173
15.39975016554
10.2553643302388
18.3217701122764
15.5436235053089
14.9447075127145
13.7956380957859
14.4021675891807
13.9103373509248
14.875167537631
14.3733233964037
12.9847479540443
14.3716135674756
7.55238724956456
14.8452898411207
11.0267981367628
16.3133147641903
12.8029053840986
12.6976519412273
14.2472633842057
13.8129448898541
14.9927997041812
12.1525023965062
8.98729800922093
14.11635101322
11.9730803864961
16.4614832022209
14.3050145082089
14.6673364647072
15.4113498742337
15.5351984809307
14.2708212119149
14.4981263686119
15.3153440660538
14.9251501217672
12.2850897437827
13.5677791753483
15.5974073754519
13.0183750111678
12.2184798363487
13.6530513732081
12.2094018706863
12.3718946910891
16.5054119938145
17.434005998445
16.2756041947901
16.5592532159997
14.1022973701486
14.865717812843
14.7096738532139
15.3546725154438
11.83004587068
15.2127356481764
17.846067470547
17.7011132142093
17.7742070940463
11.8963724906351
10.5036409077355
11.5697747873705
15.3748711005633
12.9557449182951
15.0198757858975
12.3260204390201
16.4207261350617
11.7823832805739
15.0097631877191
13.7120060383398
12.7431078651297
16.4390712538471
15.9148932525135
13.4734187743465
16.0477219916591
16.8702540683221
11.9953435590359
10.621857666813
15.1256690311119
16.5512343707112
18.3960308172148
14.4510138965374
20.400821209124
16.1833710564922
15.5984311155974
17.3823659668986
17.9326545043849
16.279249812074
16.0824021973714
16.5319897942651
17.5470616542969
15.7298922242611
17.4359188597309
18.7773305585588
8.33610080834062
14.9878045314546
17.3598547249789
19.3270423176149
15.2747644332272
21.6977012192889
15.3097606928274
18.7401727733824
11.7872437519721
21.0353132471279
15.0370729269469
18.8098780605854
18.181408717351
17.5393196250388
16.6976516405889
15.8870359275294
17.6408726622414
17.6455186934137
18.2769403382303
10.1629581601202
15.5866535392292
10.8496633582223
15.5626213328534
14.3394688302686
16.6459842524432
14.7005733700276
14.4410204748372
15.9514922699696
13.1767364315367
11.6123092726004
14.9243787417139
17.1341855529995
18.2648011853804
18.1573241889152
13.9003787643991
16.9093619110077
18.1864875083346
16.0026838854168
16.1824872850712
15.852849733129
18.5054321582054
16.0242243406074
13.5209466079464
14.6065560959858
16.2002863927282
13.7452205353141
17.2856162787865
13.7352056850436
15.8761024129664
15.8122292332169
17.606420592001
18.2957727424316
17.5739507483297
15.7795077682577
15.5379996837872
15.2554651614975
16.956029078677
14.7073321379753
16.6543319803318
19.4736177823341
18.4775846073539
18.7476012329522
14.6952161532423
13.7669436606508
16.1889002501379
17.2722262812908
15.5892383357805
17.1102010399136
14.0517994592972
20.2392218624192
14.7340026683562
18.2250219231154
16.206636240827
13.8860483321748
19.1307410960458
17.9462985452131
14.6935237166793
18.438191127944
19.2118667704822
14.0440018397863
10.6996755833237
17.2742014332899
19.8569490304853
18.9825858945731
16.1471893138079
18.310865257072
14.1761776365027
16.0428731640674
15.7721807283949
15.7558422427982
14.3040421638486
14.5414926272695
15.0092664567332
16.6811535111862
16.3195111766269
14.895191512508
18.3039401114101
11.6407588685615
11.9782627395874
13.9506748206576
15.6315707175298
14.9149129124271
18.599598394315
15.6208709391681
15.2464280736553
13.3721394024626
17.9255401280291
15.9611285976387
18.5330559671736
17.5040647318603
17.5487101364197
16.5968673180713
16.65633829673
16.2316115216572
17.303909011329
15.50782674576
10.6045916202222
15.9294620618809
10.9052522073304
17.3327198688416
16.4403181341461
16.1029922288348
16.1226783697381
12.5683459543415
13.0494590440567
9.82244991748653
11.0555169314853
15.7462737724809
16.3286749290968
16.3795754293292
17.079295840432
15.7696366286224
14.3399360741214
17.9009145952169
16.0806184280772
17.5510598093309
13.479403213305
17.3806699218473
13.4853697686291
10.6437570418218
12.531631839408
16.0969752142454
11.1261504688588
14.3363476475529
14.9210982817727
13.0614362618418
15.3129610800845
17.4318833578463
19.5024375028085
18.5112327870357
12.2151691453563
17.63711669635
16.3218703031048
17.7747268334259
12.7245477958905
17.6677396332986
18.0949192440492
16.3564016833779
16.6216209754029
11.9194089884242
11.4525812477287
13.032872118442
15.5506730670224
13.0812449069018
13.9682861656641
13.4965158731718
17.1144806500905
13.2286363405707
16.1671851521727
13.7827309726626
10.3924990113551
15.5016392876363
18.9822586931036
14.9581374233807
15.6507367342425
15.730499683458
11.3052645070143
8.18630267850902
18.2479369783194
16.1800380716376
17.5848718171456
14.9741954812441
19.7487678415878
15.5465747811138
14.9463777480613
16.6540889426555
17.2668495458996
15.5456694904032
15.4456059219931
15.8951935188868
16.9102653789186
15.0778388567249
16.7045931161012
18.1405342831805
9.17403678552436
14.3600487294455
16.5892151491188
18.6902460422365
15.1063079227316
21.0080627192379
16.2287856871196
18.0088470297527
12.3643661408725
20.3089296359184
15.6761704407998
19.4256008366662
17.3364351380297
18.4633247639495
16.7144722341685
16.4178593719824
17.4641775736234
18.5695238323244
17.6491845362212
10.3574722344756
16.5106586781399
10.133581937128
16.1890142264873
14.9331225906546
15.8753446765831
15.3096743800391
14.5690503015275
15.9013270193853
12.4060968556766
11.8400650746096
15.5619016397426
17.1946610142165
17.5312208637097
18.1094552193757
14.4041805811253
16.1757815893369
17.9956754598834
15.136141684264
16.0272193382434
15.2160534577506
17.6369819967061
15.2535847647473
13.1728232970788
14.5523798957269
16.7318350895258
13.1084242599357
16.6142212158524
14.6592108239543
15.1054628371063
15.1601758656808
16.9478004570895
18.2801569009106
16.8892773085376
15.8003130569002
16.2200303183772
15.0961126372009
16.8483864441982
14.0795763359661
15.9829587212287
18.7902948129267
17.8255312398177
18.095547865416
13.9245765773822
12.9963040847907
16.2757412783773
16.6354300059124
14.9090762577576
16.4734047645353
13.4150031839188
19.4984108463009
14.8620324950465
17.4543823472553
15.5698399654487
13.9429055342921
18.4304058722862
17.7869460209165
13.9228841408192
17.7795709930326
18.5115315467225
13.3621386434405
10.6341660555729
17.8417325669549
19.0863094546252
18.3457896191947
13.2151056511369
17.042645981769
14.0979765245845
16.4811992167674
14.1612053023465
14.3961184655428
13.5629491701189
15.2491561140457
14.6195161336954
14.306333177212
15.6819209669299
15.990200278437
16.2106714980351
11.2974297972065
11.5316156588127
16.1147841015754
16.1484549461994
14.1435154377364
17.9753132264657
15.2363729649156
17.2314544339561
9.9908680953974
16.732749066772
13.0305244951375
14.7947897686098
13.0536654700138
16.5567973684892
15.3472306179992
13.8879511349424
12.7027222321871
15.1499303491121
14.8060138557914
8.78421123637786
14.19565178876
13.8717710973016
15.062805831649
13.2050973041641
14.3059780692827
13.649812114782
12.7445095012377
12.8546043789718
10.6124064669423
8.68742189730673
11.5283025402396
15.0043769916358
16.2933771226967
15.3670851896527
13.9646799835188
14.3259473855343
16.5546955462442
11.544161712537
16.0225969328001
15.1061937381227
11.338877863515
13.7369401752977
13.9510603519365
13.3444404168343
12.0263902948875
11.0861890358912
11.5653177209289
14.1138798941691
14.4599347006844
13.4062444763004
15.7992416928021
16.0512527985961
13.9630872467909
9.61444351460181
14.3325003645636
11.7237620762194
14.6268821068822
13.5247457527547
14.9982748352656
16.8355237911535
15.1810271761807
13.2047475338321
12.828153473578
12.094776082793
12.8948941274795
14.7374712525598
15.5913922638957
14.2692514943647
10.6326601864921
16.1995839121956
13.1245992888513
14.8143781223095
11.706335425674
12.0938117554869
16.154365884214
16.1926714183626
12.8093455349789
15.7795700915526
15.9138964826502
11.773594259893
11.7646344466238
13.6733928893015
14.604621162855
15.02007120504
14.4219157671457
16.4466699817014
15.1276807582734
17.2677855184071
14.56543386552
14.6750621597139
14.6954043073558
15.5710254779584
16.0180089294158
16.7573757999516
15.6655752047554
16.8351449996765
17.602654491245
13.3758931000324
13.8454609153394
16.4584747584056
15.17200998395
15.3637662613782
16.5023154989792
15.2707291421796
16.7312829539517
11.3679774564097
17.5909022494482
14.5916209003668
12.9903885423836
12.5559468785415
15.1567029693372
15.8102737015729
15.2752457465339
14.0832787672416
14.6180224955373
15.0661367613941
9.22712037363858
14.7509293422004
16.489496918165
16.2640007361662
13.3117313655897
12.9650224737479
14.0191472489918
14.3398315301337
14.0611793481626
13.5915895023948
10.8950554770646
14.0300254632743
13.0772367922975
16.9596496862422
14.8999461999334
15.8112161121887
14.6881828768933
16.5653001036831
12.3742116461442
15.3928121600151
16.424397264569
12.7035394207037
14.3296103659737
15.0554432429216
15.257064362383
13.8299407604551
12.3683782186997
12.7632920742908
13.8714534152981
14.6208283150873
13.7676485436498
16.5734246860836
16.7000196084878
13.6785418369124
11.5952870830029
14.363685777568
14.1909705229921
16.0444883438068
13.8736373304652
15.6503629590246
18.7937521175378
17.0111262155635
15.4650516250108
12.8525965646065
12.8353195887521
12.1394228129876
15.7146958939585
14.9968535388371
14.312003105428
10.8778139592153
15.948209093464
13.0055291211289
13.6022828284506
13.0754036943456
15.1998807880758
15.5249882693794
17.6885284985124
14.3756457190825
15.3082228215695
16.3932989230968
12.368771914792
14.8849154742362
15.0088191059592
15.7083981421734
17.6360985624675
15.9247175119656
17.5251540075738
13.064375911028
16.0463671663003
13.7643734512739
14.7081463261942
13.8871479803702
14.3017723327968
14.1485586251202
16.4217135318139
16.4989369968462
13.1929470834368
16.6300232901963
14.3607281921839
12.4610241384256
15.4684919018336
14.0701467537952
16.6150696050583
15.7190753290612
16.1659381815941
15.5373514477343
12.9362951876463
16.2571985185414
15.9145229974837
15.8806889205347
14.1974495503384
16.3828716808667
16.7776572723159
15.9970027904674
15.2829196892346
16.8240190682629
14.5753330516968
10.9029271662132
15.5025804932108
14.7461772134417
17.7212142470095
15.4317317305009
14.5760857076118
14.923660803663
15.4963890712629
13.7408532017822
13.0878418803389
12.00006210919
15.0999172398618
15.8521348867697
15.643824585685
16.7287557761095
17.3891450738578
12.3301172441349
17.1265670352449
14.308154689988
16.5098134227514
14.8976894093934
14.664348089516
14.2688846076558
14.3590134636877
15.4109259583216
15.0506209562472
10.0337073429717
10.6623432280733
16.0082652379392
13.4760149916078
13.3022020112862
15.8260344769126
17.6371166160218
13.7265987260073
12.1968990542501
15.5774881817889
14.4257756703356
16.4879092993477
12.3754927097306
15.5712320292231
15.870989623107
16.1197833505635
14.143503708215
11.0726409613656
11.1480482994674
14.3691358289889
13.9316750039928
11.8994034814128
13.1663686906207
11.3787247400704
14.9606699136399
13.9892655123819
14.0872492470207
11.3470734926824
15.7350176279418
14.0415614524468
18.6657044045229
14.7908834519839
12.9000901834665
14.808656434391
9.48958395065174
13.8240325739499
16.4920526877675
13.8086605535897
17.1105293575826
14.6165353813729
16.5299614867911
12.1614915138759
15.5765415047668
13.4497354887085
13.231092069854
11.9390566616021
12.9856998403892
14.2993312981976
14.1199380825489
15.3543910740273
14.0106406849724
15.2712926959619
15.1034975676659
11.2800121493641
13.4796119674967
13.7239296207483
14.701781552599
15.527937377763
14.4035231610585
14.4453485697873
11.7528871358272
14.9537314321358
14.6972499910546
13.5345539947964
12.9564785486419
15.7575789150103
13.6611821157994
15.07551267682
13.292970161072
13.8628997257951
13.6143794921734
10.0175136217277
15.4580304852513
14.3669998675315
17.0562653149684
13.0910006437084
13.2217519103964
13.9445212539468
14.9774512383631
13.770797826178
10.8789448406872
11.5799749591874
13.7215722932369
12.4885660481556
14.3837470601764
14.2374603883839
15.3477165915282
11.705480117281
16.2963977075783
13.1846458681872
16.0020152307956
13.8357234386199
13.8696775061095
13.2189038777067
14.671098768696
13.8816101248669
13.3096042154456
10.2733954682506
9.55955476910712
12.3224153361288
11.4731805913543
12.6708076435812
14.5204485667485
16.4428525842597
12.5178287628582
10.53994714639
14.1368916967761
12.5472865034276
14.4740662753889
12.1902369719551
16.060734527533
15.2984585718881
13.0226939013042
11.9278612323653
11.0210129482824
10.8873038114756
13.6238331798494
13.0964223389862
13.2837206887925
11.6536689311088
9.34124603228309
13.5108989874986
14.0523150719535
13.2048200064543
9.93074676763514
15.085357207767
14.0891202110101
17.4464096440409
13.3856884932194
14.1539346820718
14.2475598063907
10.7128142630204
14.2895061625558
14.8749039586754
13.5081060377177
15.2749119042771
16.0483302777868
17.5767109246628
13.7011709533625
16.1289119256527
15.32474074794
14.8380660731538
9.42412510588423
12.1888462207258
15.1002745475646
12.8325998043614
16.8902099828358
15.7268859976801
14.0260825668304
16.9020421803738
10.3842551544052
15.4663561616015
12.1583528161882
15.5273361113329
14.3992827182805
16.919540376423
13.6815917544803
13.2074628834319
14.2774942678648
15.744564475465
15.1693124520635
13.5540523159059
15.5797682455708
15.0295936937071
16.1514482962501
15.1453743686158
14.7552816991008
11.7879989407118
10.5593078659047
15.6342211705428
13.0385009554914
17.9811376478741
14.461443289153
13.3882084874387
15.8433516515304
15.1328069747641
15.8797812633304
13.0386314692338
12.2922999377979
14.4027089990429
14.1599446325574
13.0383932658387
15.8304879175755
16.4407298592291
13.7012276819164
17.1529939942455
14.1318768184632
16.1028466425042
15.6133147385732
14.638030216541
13.7252805820655
14.1265620679086
15.9245997772103
14.316209458739
11.3116775358947
11.1638915117351
14.1227653280953
12.7956030078609
13.0971237876896
14.5598140967917
17.9729618317327
14.1837812039401
11.7043382013692
15.5088221686368
14.195218153982
15.8208652789076
11.7168204776218
17.5538655327757
16.9076280880171
15.2427738687759
14.147941199837
13.0166373900218
12.524843454302
14.6144017612652
14.3667125770206
15.2388078625399
11.285373612968
10.9972558594972
11.9888055792944
15.0644634301826
13.8892285860608
8.87717290167873
15.6829541043993
14.754134788481
18.7586468945274
14.5289320645183
14.4525277474807
15.4396406123247
11.6094493979209
15.5171216817049
17.1312188929652
14.6049283179785
15.1030870405845
15.3375508465121
18.5964438446167
12.9336894024432
16.5412529262249
14.9168476213764
15.3968983437963
10.8444358399852
13.2220594911077
14.3167977518203
15.6693495690354
16.9492922681683
14.8936386037753
16.4037053700735
15.4091332383447
11.8560569893439
14.5754931391672
14.3924934540818
15.9554016672674
15.5055050003002
16.9515964835513
15.9497190137135
12.0723249978024
16.114753728043
16.3120776371654
14.9291634111948
14.2291337605681
15.569884632268
14.7533342262868
16.9497567754077
15.6736132644455
15.0912174298449
14.1447256055716
9.68716039242385
16.2741985003514
13.7354740972804
18.1423241100866
13.5463403824668
13.1446132289467
16.1509496404245
12.8145829874891
12.8041707197637
10.6336782294371
9.44924627177917
15.2404036381582
13.9305430672808
15.7592581466122
15.9071928663126
16.7292565158548
12.7175480827768
16.7716003792477
15.2958275350137
16.4492465065476
14.997698139204
14.7438258161758
13.8458182368426
12.7338453369145
12.0214468182627
14.5375482272863
10.5440939023337
10.7369673244542
14.5764058859843
12.0256187693765
14.1775602523485
16.0564469300547
17.0517598893636
14.2902006090333
10.6922018874489
15.0931248382966
14.112444072399
16.0804104832619
12.1696991298545
17.0248845248558
16.0234141782329
15.6506650497405
14.7482436462651
10.5087053100372
11.040193446177
12.5719345106386
14.091647224556
13.9640118104229
11.9718562300591
10.1135618236974
14.2669260354866
11.7821476917079
13.8413065700993
10.1438977392702
13.4773939214102
15.0068924965353
18.6457036326864
13.5373902483633
14.342458390385
14.8618578881554
9.158071814073
12.6349969941758
16.848326467365
14.4483073917672
17.1632287423145
12.9042351287978
15.3522764827581
12.6225509724925
14.4405312771132
11.8773717325081
13.0112082646676
12.4522466613027
11.9353371623402
13.1980184931487
14.3300184928084
13.6795505492698
13.9543110203757
15.5094094147875
14.5254809785906
11.8252042229262
14.4654113740194
13.4678931697546
14.2603655705685
16.4313048860621
14.4934355205332
15.4232644802731
11.4284212344867
16.2405578291837
14.5061763567656
14.5210724221076
12.1943618103222
14.0411620846995
15.0674204343557
14.1356987242625
13.2756785397996
13.3106062630653
12.4316972585027
9.62206737094491
14.8030790231821
14.5067676589983
15.6154077169846
12.8191932230585
12.4194422356855
12.6357421532793
15.3064782608724
14.2292484713894
12.3346620505924
10.5739922287489
12.9808468388687
13.0223003624342
15.2733454237668
14.1850477932241
14.6100346858905
11.3610930661171
15.4599397316327
12.8517572334068
15.5640270864564
13.513535858738
12.3402816807306
12.8658316083563
15.1326036907063
14.0948397802922
14.3327524037524
10.1847502848761
11.4355694566153
13.6705880286055
13.3325069978758
11.8658973233048
14.1052675880784
16.9548942230243
13.3929153411418
11.2608625281236
14.1588257578259
13.2511738373352
14.296783007985
11.9134629565799
14.3084667495874
15.3082437842941
14.9528540278441
13.9630629731723
11.5540780811847
10.8632281836957
13.1232171502852
13.3223671807627
12.8694226746492
12.3346909440493
10.1689021705842
14.291670071348
13.1328564327284
12.1828825946593
11.6090452231484
15.6767527027088
13.9547754278494
15.8154647314116
12.3660594671074
13.561380116848
14.0828541778191
10.5774758360007
14.4030677754029
14.9581672800326
13.185966497534
15.3986942942597
12.7514659048012
16.1133596834296
12.6706906925556
13.655862719277
11.6908313648178
12.6007298377469
12.9416016935085
12.528789235073
12.8968650317422
13.6408288677882
14.4718775250687
13.373963650351
14.082744980836
12.4077503980423
11.3437535688157
14.0581232514413
13.5089842935017
14.2938096419155
17.0957858418168
14.5981474115864
15.0110480400479
11.0585352365599
15.9169172425821
13.149735581297
15.2091693302741
13.664246729892
15.6920578957024
13.9935836085731
13.5049607954022
13.6065127323039
15.6858044248246
13.2839958597563
6.99644217507959
14.8676521257602
11.3650009873384
14.6153441760623
13.2489705691021
12.3444428767153
12.3309075917086
12.8500017943599
13.5262438842344
11.4663992190452
9.04503111500062
10.8453227496097
14.5174588364007
14.397651883846
15.1715289072676
14.0820912308922
11.5291802300992
14.813931885952
10.9463596611176
14.8935437370496
13.441062429454
11.3717499122636
12.9466472193262
13.0529692077325
12.5274528232268
13.1573391999279
10.1440513430944
10.0221856208432
14.1608104678527
13.144117193242
10.6020224272855
13.7301773806723
15.9162545459328
12.2610453947847
9.91705802475616
12.2884481782034
10.7629597046399
13.9076695095915
11.3367685146228
13.6637077133983
14.1247665309842
13.9929886197533
13.0494259358363
10.9655887685912
9.86823208085645
14.2540045924542
11.7586605740016
12.7454565818803
12.7338034563305
8.25899616418475
14.8382582004525
13.1158270568224
12.6845162143014
10.381596546361
13.1692896137199
13.8912235349948
15.7026635264792
11.0596735427238
12.9924869985516
13.3135158952526
9.4951577351362
11.8091482890044
14.5187396198766
12.8580534218237
14.0952725930758
15.6406273362957
17.3459962776564
14.0513477292999
13.9697072287553
14.0112553012946
15.1042277263522
11.9658643331439
12.6842479323153
15.0218024785379
15.258773716767
15.4718545383105
13.9227896800912
17.0957591781135
14.5236725397113
11.4168240025278
14.4108819012686
15.5748368406614
15.2532840852133
16.1744545438315
15.0879320252301
14.4432410724346
12.611616510985
16.6052645134814
16.5880060299708
16.69179063813
14.3028233094429
16.2828547805832
16.1760206163601
17.3292014172152
16.4476037464352
15.839054186252
12.7303547145838
9.84322640695639
16.705887407393
10.9727279360646
17.7764913332012
14.3655013641164
12.6306538214508
14.5383483890406
13.0935406571773
13.9341842543703
11.613840381856
9.63481682795105
15.8025052450807
13.9370751074993
15.0388599820336
17.2863105051842
15.9925604151857
14.9092587106677
16.6446872893562
15.4858188526259
16.5058693571022
14.6232424694248
15.5124096888012
12.1392636527877
11.5406033303868
13.6375176826593
15.9408754227406
11.4714398676087
13.9642058790558
13.1842950236169
11.933709184244
14.7396257035042
15.8216520544671
18.7643249819386
16.7377209215218
14.1116417519819
16.0926002333009
16.3890149467872
17.0625173653866
11.5512699288353
16.7958906891389
18.001979197808
16.593292224319
16.660457590105
11.6511975288818
11.2418525388331
12.8284012942749
14.9546474742964
13.2867038400684
13.075296336541
12.052036602181
15.5850687610314
12.0143786764424
14.8646625390566
13.1088510639326
13.4140683080831
15.3553355859972
19.5776458211364
13.2486462717447
15.1551837162691
16.1767536635042
10.6560912691788
10.4846434876657
17.9036376714127
15.8693731418885
17.3863185716632
13.8189369577968
19.248088835296
15.2853978343013
17.0772337801823
15.6842693965212
16.7957606342084
16.298543723632
16.297998156595
15.498848653366
17.0761644481776
16.7751213397167
16.6583522497994
17.7216663150985
10.124026777575
14.5338342310975
17.3201562149858
16.8025117629884
15.3543256058836
19.4481441090869
15.8537822220509
17.9977976835411
12.1381516425245
18.8110514299898
13.5979322612534
16.1424997391283
16.0265195971223
17.0231266148423
14.7122118511491
14.3624196388754
14.7677492112774
17.4852209639933
17.1042851680621
8.85453385063408
15.1606813464682
13.9743672663194
14.5588936172984
14.6760899948871
16.199420750978
13.4794935393206
13.6869526453909
13.718297961768
13.6700053339737
9.76348981092521
12.5197428530858
15.9560936458188
17.4113642585284
16.4308369396673
14.8576400304135
14.3597266225086
15.868981832456
13.758911298762
14.9560930417422
15.2385637742708
14.9996365588118
17.0266453533344
13.947076075162
14.0197569394159
14.6362092491289
12.6384683783161
14.0662037754705
16.1472117157307
16.537531355044
13.0790352448614
16.6645274794335
15.2282188085777
13.4709608687678
11.5803082090505
13.9023957716053
11.0157164228365
14.3685555843301
14.2855073356722
14.1730367337882
17.2883529220134
17.010020046366
15.4380526070713
14.2489417943268
13.3632112373584
15.1915113518115
15.548233913959
15.4438363385628
16.031038216369
12.9621417346319
17.9112579412003
14.644500027623
16.4271985040751
13.9866318436714
13.7107028726189
17.6005377724138
16.1372128698808
13.7446132585021
15.4015865439491
17.009227261855
12.7094777672603
12.7753688366319
15.8505921375367
16.7050088042673
17.7058049959866
14.0156703695604
17.5788628166334
13.6565550368955
14.0334661876679
13.5270591892223
14.5608680372036
12.9346971120251
12.8214094763932
14.5309591930242
14.669145372037
15.5018972868087
15.1195104120721
15.026999308696
15.2095411119449
12.2118542637073
14.5948917947013
14.3160374845755
15.1592339843845
15.6741165000783
16.4785321059202
15.8338411531248
13.3453691112704
16.2059006439328
15.9875409523467
15.0979001029629
13.2395496838161
16.2717825397803
15.5761182658113
15.0110844343116
15.0854995583891
16.1982780435908
13.6949202570999
9.77378130884767
17.044662236268
13.7164999091698
16.5796572614233
14.1221665738309
13.2430867616513
13.9734398308927
13.114344436892
14.701844752665
13.0671017890988
9.06833776734903
14.6023816207205
14.8128660292392
15.1242373305795
16.2991716713864
15.536831301994
13.5537835131496
15.7114033169988
14.5989309192593
16.0907496611271
14.3541545348815
13.185047172262
14.2041726639747
13.3985097437976
13.0411025317828
15.400353009892
11.8601605881193
11.8336548922322
14.7868614972952
13.73614368601
12.1640751814902
14.4831741827755
17.1662331241988
14.2092050777318
11.5209822278779
14.7781287818859
14.2470680588811
15.7145281673276
11.444304476067
15.9745611457086
16.5767631683215
15.6943646472708
14.7466239640974
11.5399239235268
11.1348870860648
12.8739870709794
12.3996869585261
14.157761344461
12.0853209545196
9.34260582436468
14.4446985076031
11.4058852105658
13.7033017647573
11.0670178572053
14.1756067527004
14.5639411492845
17.9216042318591
13.3030951207297
14.3342961040837
14.7130405368489
11.4793342368142
13.2993608694188
16.6353869453638
14.6495216382063
15.2854319766625
13.5652039190959
18.291053654143
14.3953847446382
14.9691846409195
14.459155912175
15.5031823237891
13.5629645865525
13.500844262995
15.3761980154504
16.058780846691
15.4298485710034
14.7727343142434
17.862023223526
12.9371114549329
12.6254031352519
15.4265288457425
17.0988073883008
13.0919441617128
17.9350638449924
13.9470339771786
16.1155258703084
11.1133140631639
18.2888264753508
15.1785273753724
15.6091822944464
12.9846735679089
15.0478479869298
14.446632289232
15.9201352078521
15.3674721846075
14.8327691346485
14.5377390437552
8.10114124756216
15.6797594006678
12.0211368212068
16.306264508399
12.3363617668992
11.9408282786937
13.2618350974655
11.6279834035643
14.2108006865268
12.5166562441304
8.23882117916406
14.0717371355764
12.8715869405081
16.5347306546252
15.8251922976946
14.4791713618899
15.7592033448199
14.6611948936141
13.8948263966307
15.2859634130083
15.3137271738295
13.7226927941289
12.8431061445436
12.8178197345189
13.8020463246449
14.7118385838623
12.3773513083838
14.9634361396939
11.7400607688193
13.0141124472358
16.2042539264277
17.2343802332549
17.5102542020113
15.9468824631633
14.0500060317443
14.7315458290771
15.0735997995154
15.6958257700096
13.1388759674183
15.6061979690339
18.8024332807509
17.0850108941101
17.1521762598961
12.7533282702374
12.3439832801887
12.8561883654573
14.9750482198501
14.4150571635727
13.9260491944223
12.010766737344
17.208869402454
10.9823819232459
15.0979120713107
14.3944864177573
12.6730232595509
16.5334908238805
18.4291137456074
12.4196173422687
16.239684450817
16.6684723332953
11.3815206862321
11.0267703354661
16.7618490684337
16.8244534482111
18.2207678752616
16.3075600971231
18.4115574900506
15.1744885306131
16.4573988075001
16.8385159086194
14.8616646743094
12.022521106681
13.7350054213194
15.4384318607332
13.6368860024033
16.6100751662502
17.0936582570846
14.2534327635117
11.8701564304464
9.790202267898
15.7071268773674
13.0014845359438
17.5576391072469
17.3455659210612
17.504152294265
14.3754697542417
13.093828252647
16.1526847759058
15.5807182516647
17.9566301096558
17.5215368045669
18.7821806717524
17.0563790898124
15.9938130887543
16.0241445249801
18.0002443749835
13.2140720674946
9.4395404539546
17.2319135458212
9.86488768170334
16.2886421965858
15.9557279255522
15.9289590432944
15.9339903816203
15.7155310567778
15.7477286537787
12.0723663398985
11.5747509765921
15.2755967069387
16.3547986651732
14.9778069506233
16.5654751236201
16.7979381806647
14.1423322719523
19.5242535041223
14.3732223166845
16.5455232679907
14.8361027961328
15.9148152692537
16.300975484231
13.4467809135966
13.5804370691993
16.3238768474123
12.7896111351681
12.8375975772118
17.2695431015792
15.82633890506
11.9019492850142
15.7546981655944
18.2857346014836
16.009958774164
12.1866576020742
15.7043533007193
13.7750457578885
17.4147122982737
10.9026627847744
17.1797224291172
17.2134119871434
15.7944472239066
14.8679565595044
12.266787983252
12.3718578594614
16.2147562179757
15.0222591698484
16.0695425829452
13.0394266895979
12.1405266875649
14.7289123296951
16.7991356085752
15.8707200380857
10.8157327720023
15.258781293551
15.6835296283412
17.4536833242611
14.3139892776928
15.9241415148491
16.3141926391024
12.2609760719754
13.3124209418679
17.2027709975251
14.6770872177541
13.7093402831933
16.4690674370674
18.4786258075703
14.6745146205452
16.7296174006652
16.4904894731903
15.7696721399458
13.2246673369556
14.3497981993604
14.9405755846853
14.1705904490472
16.765870748701
16.9109130658474
15.5605468469042
12.528574829539
10.4249439171874
15.6237111251765
13.8646070822879
17.1025604495583
16.8627067703524
18.1619911448657
14.5152046770366
13.6304129423597
15.1337740016926
14.625171412863
17.4549273614058
16.9812254349763
19.4092903252325
17.2556296665911
16.0625722390017
16.3684649557822
18.5996988849252
13.4628061432417
10.1029065157072
16.8372070377349
11.2783139870683
17.0013705934079
16.9134723604239
16.5178975608404
16.4008184776815
14.9561802793561
15.0892401235606
12.3397073367973
10.7487267982794
14.6325209873596
17.0659501772039
14.3283097600815
18.3709322663052
16.8589215287391
14.7279094770881
19.2592820151561
13.6753468709254
17.539803793544
15.3483986121949
15.4896984139642
15.6981838617916
13.4931732120545
13.7339235871768
15.6089248508965
12.3633299984276
13.3127779475963
17.2301637799369
15.9078775808395
12.0442553651636
16.3235427550646
17.6813773583855
15.5206675457045
13.4701119599945
16.561995067952
14.0731458020922
17.5565403675461
11.858298010162
17.5143313895371
17.4985554255252
16.0258932584164
14.4691359437913
13.1489957318376
13.2956864318175
16.8074025971868
15.1866484148437
15.83902499183
12.7608815264311
12.6186707455984
14.7504248736348
16.4091721878081
15.9189633797302
11.0577300745161
15.2903326139603
16.2994395994248
18.8156822443708
14.3308665335204
15.7961413913353
16.9055913604022
12.7923036927329
13.2153497116304
17.6429958027156
15.368234302373
14.6282124938628
13.3305410958754
17.0364128488914
13.5735080253514
16.5373692820604
14.640997248932
15.2343909647072
14.8398762540956
14.7662329787543
14.0103856023705
15.8598399826312
14.8956282152219
15.894359593191
16.5388770593202
10.1250640832556
13.4399704436989
15.9522485625098
14.725420700728
14.3257832020584
19.3425818706507
15.4361408304698
16.3196405827724
11.2899840869695
16.7859588008135
11.9291649214077
15.4477963247757
13.4237463087424
16.8344063259948
14.868287744768
12.9273746328566
14.6321218216931
16.7529210764002
16.3015462700245
7.95035186520053
14.075811650565
14.1814945275487
14.6260575924981
14.3329979077804
14.6747199979748
12.1924165300417
13.3327714353011
13.5399951095285
12.3700805855603
8.58965579114644
12.2179750499973
14.8942342271735
16.8972662906442
15.6126551219263
13.8159618342364
13.9278919165291
16.0857008031234
11.3388942720104
15.0306001541331
14.8648526571486
12.6904982603175
15.1231396736981
14.788879739464
13.3573861517931
12.6969141301469
10.2154288069326
13.4586468521041
14.8895665283735
15.8912682704679
11.0098142326575
15.0213840578655
15.4255393342203
13.1346102098954
10.7492365078555
13.609254739733
10.835649575553
13.73436936109
14.4637876279845
13.6363366738932
16.2065096905358
15.6838698983529
13.4728184809791
13.4468446418548
13.4007250917904
15.2170581031888
14.576861187473
15.1063077454644
13.8760213310344
11.5712247950126
17.6053404181993
14.3181568689888
15.2296881953363
13.3347871302052
14.0261933521926
15.2023484709411
15.9206794878845
11.9592770163022
15.3118275995436
16.231685433123
11.5360085149878
13.4639688278414
15.0205056300228
15.7840408913608
17.0682044219443
13.1884498926551
15.68680313714
10.5483517192571
13.8581873276958
11.6536290339345
13.3775268347559
12.3792967468256
12.6996446393125
13.2512379796945
13.3695263716685
12.5311967997162
13.4766914289672
15.6650474401528
13.0861729976676
11.8481100037797
13.9347103483396
13.9984533413725
12.2561763318263
16.9468040597251
13.6005915007277
13.7481538764281
11.2729560506044
15.9639669504679
13.7200235769262
16.3538347280672
13.2593203722983
15.8687262544808
14.2095270714475
14.7628584110177
13.7055874564018
15.5717439819759
13.433966953211
9.97622299153082
14.512124327222
11.4918926458559
15.6285453462357
12.0290714079489
13.5150018155036
13.3531319950105
14.2610814461728
11.5758889974465
10.131929498197
10.437765129954
12.2364755697547
13.679169284055
15.2203814688549
13.927048278265
12.8509909144509
11.3783746458992
15.6434071217741
15.065468863188
15.7973226026578
12.4224008527958
14.9758697133764
12.0042922145688
12.7148902151873
13.461398886019
13.7115861737638
10.3048667375104
13.1504447684397
11.96873687565
11.2816634251813
13.1003462973891
14.0097603581948
17.6823535047272
15.1584750079077
10.1644474982849
16.211145523402
13.3479776360135
14.1665177528978
12.9962410489382
13.9486895457947
15.3918596575783
14.2545358982493
14.3502503708576
12.2632001624791
11.8438362648793
12.4052445268394
14.0583717873056
11.8075934389553
11.859687736623
10.9735317646249
15.193197771568
12.7334149764182
13.8197396271107
12.0773665321969
13.1370461376254
15.1952176255835
17.3458040295366
11.5996419446997
14.1892502516548
14.8915280455717
10.0521099437571
10.7468079583221
14.4228799362702
14.3605195419345
15.0279246151951
15.6068281963122
18.0669238071012
11.3949975643635
13.0846680144504
13.6343741736905
14.2533814837916
11.0690713159115
11.8549159711882
13.4034132317427
12.205063279272
14.2767373562249
11.9251123184108
13.5620172300239
14.0770785876616
8.3081393587542
13.8154741307362
10.8863818715567
14.0080859364751
16.2472704435436
13.2755161179445
10.1560148409435
11.9380488024164
14.1056264249457
15.3234401082296
17.2781831778566
15.6097581368164
17.0416113218884
14.7196133105231
14.3677347396999
15.3610580631016
16.3172640636614
11.390894109574
9.58542093444839
16.2192804785614
8.70240027591733
16.4703067118636
14.2954570720425
14.5128170306675
14.509159082976
15.0843660557457
14.6190303273224
12.4646349118138
10.5683509673757
13.6300263132509
14.5258230547229
12.0833535761932
16.0081813437162
14.5528119034514
12.2919582101528
17.0525262268814
15.4692773292783
15.8397001012795
12.787433062345
15.5980872357765
12.9376592753769
12.8337768970216
13.8633915967289
14.2224343514026
11.0794758955506
13.7470622665621
13.3841055378822
12.2851098152026
12.9903567584128
15.3332792318585
18.6151683967053
16.6216642592791
14.0011411287183
17.3124919969359
15.3346781118158
16.3918226160617
11.3221395679339
14.835532567939
15.9979037319466
15.7423611536828
16.2602541673896
12.9892026629154
12.1902962531619
14.9010896963806
14.0021332690901
12.2655959254838
11.8254711873547
12.4906784046041
13.5360052382678
14.7188543772247
14.8448189667584
10.7370829376271
14.2541358053873
15.4234830453876
17.2824018188223
12.4545270424654
14.774941425466
15.6133954106301
12.1285397412244
11.708712614846
15.3477458449113
14.7110649184862
13.5046439619034
16.725507390986
18.2336197315031
14.7192686961677
16.2394110300774
15.3564951932717
15.4397623221757
11.2006682748232
13.6886029520527
15.4384743965464
14.6200474034338
16.8713447913119
15.5940649802395
14.4015880689889
12.951247058156
11.3278677127309
14.8438945750211
12.9723471787845
17.1235892089656
16.5917049510036
16.9612336123316
15.0122598787681
12.3999815126493
15.9342029282346
15.7374897161917
17.2678673707017
16.0124859460956
17.7115562873733
16.7837188680583
16.1608806871622
15.5082467615819
17.7485862798647
12.287412036799
9.21328292692171
17.0960912329603
10.2704086862835
16.9984470651985
15.336148863069
15.2141001456277
16.3281689474652
13.8123208207203
14.5924790361592
11.9160180682004
7.95910697910816
14.7737601685256
16.2904856290154
13.9123877724309
16.4066944017267
17.3207349305888
14.2725261182341
18.6359158142702
14.4940190977145
15.8761441140914
15.6290632634824
14.6998186160883
14.9370419282895
12.4641376568133
12.0991895551159
15.0952126349374
12.147252577166
12.1564102016125
17.0009785992883
14.6182211606557
12.5107948489712
15.595229372477
17.2806432801074
15.4465158077492
10.6594072159194
15.4876975153089
13.5595693185454
16.8464965062334
11.8904241762221
16.6182492395805
16.3887890788503
15.9627596189314
15.0362689545292
12.0870406332606
11.9390749934069
14.5103554947864
14.019907704431
15.2291775535714
13.1879314270003
11.0258879208263
15.0456922716343
14.1985399769786
15.1989501636828
10.6245722759857
13.8965441404297
15.7589102257334
17.7498244362546
13.7589057732557
15.6719165134766
14.7917082865353
11.6574993244537
10.8163442022262
16.5842635095288
13.6143370045655
15.0811132244088
12.4712660590396
17.5336377079612
11.9383206915193
13.6126412460467
13.362375148919
14.0349218464748
13.5719094314496
13.6219948717298
13.3158365940464
14.5789992841614
13.4091961300499
12.8780375855998
15.1935261317924
10.6515673512882
12.2841244365504
14.6038709574047
15.2709268297189
10.2428023603168
18.3909878778412
10.6028669450886
13.7537266038657
10.5659561240671
17.1573762065735
13.6905988105634
16.3181592198326
15.1565990325755
14.9181546084435
12.4235097278903
12.5110048112124
12.8890618084878
14.993639607109
14.9610463671653
6.95068715418309
14.8371508998812
11.5424243145148
12.9136953882627
12.1550251644008
13.5030485677974
11.6901357477479
13.4433462775995
14.4998906754903
12.3787577711005
8.22452798138842
11.9698749396331
12.4721636346549
15.0010453155429
13.3165882155923
12.4123466072723
13.5573415212176
14.1901789874074
14.7043586068773
11.828427024965
12.7920524611451
14.8796253068993
13.3957127764706
14.1717878054305
14.296567673209
13.1457731310184
11.8741689464474
14.784806873237
12.1615415199594
13.1912428772674
14.6709371113665
16.008501994752
14.8853876106609
15.3577923026327
13.5629569336885
14.6961400586978
11.8168526063881
12.540104428635
13.6921502926089
13.1515650396365
15.5544586996359
15.1039299751516
15.612352304747
13.4228420900205
12.8972576053793
13.922629695098
12.9361302115186
12.4399631757217
14.1324601762269
12.4892423823659
16.2968358012942
12.8262969969941
14.550238031408
13.67201844927
11.6286305217438
16.3338556695956
14.7530031802174
12.0325380194936
14.7406109192183
15.9551382990493
11.7691336848743
10.9600587917611
13.9092124919583
16.0171818772897
16.119739963368
15.0285949639118
18.6876660826455
13.2833037204383
14.5783492139653
14.658624040358
14.0807870991689
12.7984032309613
11.7642318500831
13.909017754186
13.2560825232917
16.0630731690685
16.2546657582951
13.5775255390068
12.4171548327157
11.1802044998433
14.7741152260429
11.6888290365583
15.9738129644689
17.7231328758216
16.3339049488817
13.8125060102089
13.9842328166527
15.3344012593454
15.0942424656956
16.2698746806058
16.0268867070017
17.9824306958075
14.7562936047127
13.9257606051695
16.1555319883791
17.343015202345
13.8390866312202
8.77789685382103
17.1821095282572
10.8711572783529
16.1136883686336
15.2272137838278
15.1192072021105
14.5573740640124
14.8789285167438
14.9881337260636
12.2471288857349
10.4852141630346
14.2059361457916
16.0115005367115
14.6590412114002
16.6364157165689
15.6045244038933
13.116159883712
16.6319287426246
14.5058318836813
16.788651258993
13.9864265150147
15.1865232344798
15.6584163296601
13.320052825288
13.5178598249699
14.1706409811476
11.0665840467169
12.5190292965885
16.3838307094035
14.9191044952563
10.4097374253462
14.6024377033098
17.9832177511819
14.5558255665996
10.8253406718421
14.7565034654621
12.553765951025
15.8484120332283
11.8850953072049
14.901479638516
15.7634908480326
15.3856081306717
14.4420454467547
13.1421745709912
12.0279210109384
15.5403908946927
13.3880095145319
15.1177864937455
11.6661341659539
10.7758395085199
15.7738447837731
15.0083350969837
16.369654783832
11.4271287034438
14.9418944770214
15.3589981774589
16.3195362049728
12.6259737457091
15.0968503067102
15.9570328067598
11.1490414798648
13.9162277067565
15.8315909136683
15.2794140105205
15.0253123718923
12.4714694545669
18.396759267865
11.7983856777876
13.5297062031912
14.0639294683356
14.5866909414508
15.7035725074399
14.1110419431706
13.8842373222734
15.1616586687747
13.5601601274173
14.0065364560943
16.664040961814
10.2315392317083
12.8342741980253
14.3632461323331
15.4229807637698
10.7593503346822
19.3645671077712
11.5897258873609
14.0655678696573
11.6954699232029
17.1055270292391
12.8149353557048
16.1723600216964
15.1008373556103
16.1331733704328
12.5420527524582
12.6074647886721
13.3360786871953
15.5049981561076
15.7684877886498
7.25022453340802
14.7299609512001
12.2618013763271
13.9352672453244
12.9214588890699
14.195807606396
11.7419308549047
13.0740621058424
13.8306581911694
12.5345820809495
8.0748605976244
12.2715796977066
13.0479669103359
15.7888438674617
14.3890648349606
11.5963896603264
13.39106663617
14.2170845978746
14.8123690743176
13.9237014377743
12.6351079321947
15.4229389081963
13.6768804708784
13.9246113130897
13.0246702676066
13.321094916449
12.2368105007819
15.2015090542952
11.7001326391195
13.5907243683594
13.8000684426672
16.2252528687735
15.7342751450526
15.5888636150127
12.5613679121998
14.6268927869182
12.1575437620036
13.4392315579615
14.3720031681429
13.9212436704605
16.4417580058966
15.9466917332793
16.4645847469861
13.8690158647356
13.5771104809133
14.0686520420081
14.3403252626967
13.4720004041174
14.009008009157
12.2852192437226
17.2605705902429
12.9936109386004
15.5878921134508
14.5471668690789
12.26920222372
16.3362539543332
15.4403711099478
11.4125787835003
15.7078792487243
16.9462503286691
12.7168938903521
11.3141076584404
14.3378387453317
16.5276389287907
16.447945851633
15.1674602326811
18.6408480361127
11.5185633240982
12.3410668836731
14.140683888185
13.9458022228474
13.1504512517722
12.1570442316087
13.5077709944366
12.8393122584644
13.8257908387763
13.8304804377783
14.0418001031933
12.6326838940844
10.8101221141776
14.375397806145
12.5632689155502
13.9184864665645
17.7911463644358
14.0089172483576
11.4996291229898
13.6448558594956
15.3964838271395
15.4593153280613
18.062394940973
16.4805072574072
18.1848058210843
14.8868863645357
14.2191304752346
16.3403984244546
17.558456736178
13.5451925850603
9.77165288236307
17.1013089639678
9.62308841554032
16.0585722768162
14.9033881338999
14.9688693429869
14.4765734997229
14.6981279524543
14.9831310286523
12.5344099088461
10.5962889465794
14.3245517497319
15.6531186857728
13.6706153661807
16.8704547235332
14.1340093057943
13.144138910899
16.6868415689238
16.2945531063459
16.0035098071836
12.5159114169156
16.8075393552975
13.7475488848563
13.3312831962671
14.453046746712
14.4885141583085
11.8219864261842
14.6637454285085
14.4930379364213
12.9550220159871
12.5741946545399
15.181159757676
18.9729859635598
16.585828674905
13.8679614306651
17.3825676299702
15.1491136796486
16.4271340875945
12.7985824248075
14.8650681097823
16.0495455112046
15.8432637393444
16.3611567530512
14.0556616885938
12.941408128541
15.1099716081681
13.7046229103244
13.2945420611683
12.4355872658215
12.3224569308195
15.6871498469074
14.5779158104592
16.2871430367246
12.9737461257434
14.7192545459888
16.093667865572
16.9438102170221
12.0827414337242
15.3863332353922
16.6736701547258
12.1791302645654
12.0329980196897
15.5402882760029
16.0328020229752
14.6295705988353
14.2045367808296
18.6403659097071
13.8203083227161
15.5592154748093
14.668996779307
15.583616507446
13.4249035816983
14.8554604793273
14.8269382338734
16.3912581275969
15.3735456569909
15.5381686679284
18.2886346518674
10.6491310541479
12.7983867698845
15.0560926909817
17.0866263674638
12.5414504277605
20.4377575162241
13.9290789969763
16.2811135589425
11.5431732046824
18.5231864928187
14.1692673474953
17.4332204276828
15.0906989257794
16.5678065733564
14.6543233263984
14.7437637034689
14.9649644243034
16.4633127716279
16.0458668592668
7.81359002232271
15.0757558719165
11.4097822820591
15.2676024288986
14.2070566689961
14.2903778159394
13.849336489315
11.3888184594952
12.7420563668193
11.7969093308539
7.7554822744921
13.0594645280953
13.9833891064837
16.5859421440518
15.8836255921345
14.2848024872018
14.7959167245748
15.2704602110119
14.3282709208986
15.0319691648853
15.0972323920927
15.3547258311327
13.6868602596322
11.587512583753
11.3332556531887
14.2447907133714
11.314279590725
15.9299739166954
13.1739865288817
14.1517233658277
15.7929970430199
17.4766582677051
17.0484277583767
17.7265950750741
11.6349541948107
16.33080862593
14.1664768625509
15.0041443595181
14.5037720365074
15.6529441530254
17.7785528678405
17.435596879298
17.6233480541204
14.2190730132717
13.0600205311909
12.1937425345627
15.5597505013032
14.0293439712662
14.6754106699037
13.5326948314862
18.1556231351184
11.2981503600904
16.7576248203197
15.3970254039353
10.6290344061922
17.032063408978
17.1258587344814
12.607956990187
16.7268232283407
17.5839300996443
11.9825293908232
8.08300625856097
15.6164747081606
17.0436903382282
17.9164423342487
14.1287619871307
16.3494384373115
12.2210721339078
16.075279066002
13.2742082996766
13.6116519654417
12.6728448223235
13.208836664107
13.7124549285138
14.1273233121481
15.1473314116289
14.5636636926569
15.7645524347883
13.9235014437834
12.0136013605606
14.0044679051603
14.1038100461656
14.6997764224607
15.9835979460181
15.2267479458235
15.5901816521921
12.6424965282275
15.488114250449
15.7882373920079
15.3627297720658
14.7395844873502
17.3560503950838
15.2731197708301
14.6027600833957
12.51350754012
16.0644332526081
14.0225761538468
10.5674662665857
15.7420145017763
14.0734336093151
16.3144270413163
14.6206849445228
14.9297342841888
13.8375517266852
14.2895652948016
11.6516978185008
9.69331587997912
8.99112087834857
13.9352684766702
15.5257522971694
15.9382946171672
15.4389794761201
15.1187752990316
12.5041077591149
16.5154710715609
15.2486822662402
16.8441959709011
13.0867285311235
14.2984386898867
13.3830525939268
12.4574832327033
12.5303947265398
13.9739587162036
10.1062398882774
10.2984547765863
15.4335832193151
13.6246435442359
12.3602084814806
14.8982105449261
16.7479963737753
13.773169575722
9.12810302114939
15.2482800729125
12.5267419440298
14.2242248148859
11.8820618020286
15.61621240582
14.7174519010916
13.5953158646001
12.631930413681
10.712837778356
10.5791286415491
12.3147096001876
13.2880655750297
13.2531243913554
11.5222834291191
10.3111006592929
15.358936750288
13.2070512049286
14.9346284620699
10.4049427161027
13.1919380470686
14.5411864671411
17.2363795981443
12.5399540419061
14.2007252417864
14.6840096159804
10.2661445294256
10.8106792864575
14.3193377978273
13.4199793218478
15.1566690065325
15.4948244062422
17.8297198479914
15.0808015096473
16.9605709347539
15.4030933260401
16.8853037236393
14.0464113335929
15.3740184856318
16.4318755300253
17.625347185891
15.800806270957
15.4053464018143
18.8432419312851
11.9740007658452
13.2024483709638
16.2306897348271
16.3630121512386
13.9519343750745
19.0212738561973
14.0372867194939
16.344955548607
11.3882123596688
19.0509021623069
16.2436255908937
16.4957609341809
14.8721278519915
14.3150779001887
15.7445970525475
15.4468617039873
15.3712154831503
13.61215392396
15.1039585451866
9.28144471254011
15.8255778911252
12.6016388231683
16.8288430494234
13.5263652192778
13.8754119234398
15.1059367045024
13.2740423837752
13.6416229292446
12.5335751961874
10.0833008241411
14.9630271358482
13.4660072081193
16.903114088887
15.6965879621586
15.7982464322915
14.9791007898096
16.9790917402821
15.1381928772531
16.0409278709701
15.4106154573004
15.3993070623021
13.2519404191915
13.4560600091963
14.596394790003
14.4176959581741
12.5876520886358
16.0075357488273
13.3262766073481
14.0345105937688
16.7650883756488
18.1956027705071
18.6252329300971
17.6861787806988
12.9600992020712
16.7117265452497
16.1438161278139
16.8424678200737
14.1455566652534
15.5012759941592
19.1534820184629
17.5974553186084
17.6444198533975
14.084217171287
13.1853107615335
10.2180418496165
16.5628440387216
13.9275595556827
14.9591395173176
14.1160511528088
16.5692213109556
11.0009862024629
14.9327202538754
14.8177549950424
12.6233859827351
17.4397128845651
17.4288579278824
14.5204728155831
17.1849486406651
16.9794725616077
12.7620891255915
10.4837338250212
15.9455064288305
17.1499639544978
18.4058122161958
15.1624138495925
18.2593523832424
13.6242544668163
15.2236197944555
14.4077161136528
15.8843914835098
13.2995868858344
15.3893708114845
16.4175657594768
16.3164507100842
15.201838906968
14.6546329152467
17.4995596904001
13.3207679599245
13.663880863434
15.6182456096662
16.3334605690809
12.9255292258653
17.7925049581416
14.1823745496198
15.4545318046111
11.6803340257529
18.5781256923994
15.2441997113816
16.5372280909123
12.9732329983116
14.8079054640068
15.2445928646604
16.5558295569309
14.3723417907595
13.453850570721
13.9169586459459
8.27763754668322
14.1844628414426
13.4755534631061
17.1035621584749
12.3037412557472
12.3229177093051
14.6039120487986
11.8377766922367
13.984141985558
13.4246533544731
8.85386590889091
12.6602094594768
12.9205523850932
16.1360052501003
15.3770648869093
13.8518061195027
15.0807397560446
16.1262196242039
14.2253966528743
15.3982830065632
15.0532428880399
14.3600939973132
11.3284575619473
13.1286566034198
14.6002059349627
13.9749470202367
13.7503986690956
14.2062030541489
11.1621693501598
11.1146343230217
16.6764966019173
16.805002531664
17.5382872590866
16.6319216910029
12.093966385055
16.1115562419479
15.0444490434893
15.5045605466144
14.1649156174223
16.062396110195
17.243440689071
17.0681720943632
17.3879585034747
13.5578785659608
12.7425196405001
9.80295952012819
15.6517774328496
13.8644123401924
14.6191534719119
13.0301448368532
14.6948828692166
10.1181175695184
13.4909900855092
13.7286609637122
12.5926832556747
17.0954229377515
18.2294947031677
13.3642010324459
16.4014659084241
16.4675979856668
11.8437947349379
9.82574309116439
15.9739597010695
16.0809110290379
17.6474625547707
14.865735421954
17.4311056261866
13.2595939660061
15.7833949744123
14.9506160394405
15.8741646451129
13.954587546814
15.1178717153538
16.0238158790721
15.824813934149
14.6861575219149
14.496327662276
17.2411258378126
13.0741599112887
13.457942067331
16.0181507443635
16.0864946131163
12.8404141810791
18.1375153925014
13.8766423388313
15.6771510040977
11.314143605633
18.3872639157437
15.2844652785646
16.188466214899
13.9567290967513
14.0219369509565
15.3984968713951
16.0872026998893
13.7736272427492
12.3945601325582
14.1701787740312
8.29941700335591
14.0180266912706
13.9769574562706
16.8923852341042
12.4757174515212
12.9272186318299
14.0475858067345
12.54803945772
13.3165096723828
13.0846999986074
9.37724284605315
13.117996506494
12.940971268874
16.4299354192911
14.6571638108104
12.9576833612327
14.5197149864693
16.735190827683
14.4184278716496
15.2749970199523
14.336873118318
14.5247978388934
11.9027065984522
13.90522566648
13.8261599111677
14.2765459589478
12.8116023703661
14.337711165971
11.0423712167425
12.2658054386803
15.5676258063574
15.9177266322675
17.3954151122041
16.3176795158772
11.8312603340153
15.5828736860834
15.0026287077049
15.2507615578642
13.6319701542027
15.8706385604819
17.3908511068912
16.4328301971722
17.0441883423784
13.0655794596169
12.6837940832854
10.5611855261823
15.7670832721559
13.8214070850559
14.1001812300315
13.4089385873366
15.1315589402727
11.1596170377234
13.7971095541685
14.2720433144854
12.962177994821
15.6665328759626
17.8021713142232
13.4578226792822
16.3225659214947
15.7434920526322
12.2920876674531
10.9812333920434
15.7643064944515
16.264218760264
16.5341123559134
16.75696581098
17.6320396131943
12.5136366667307
16.1651001397746
14.3605717083197
14.7249015478996
14.0067408315245
14.5421907675747
14.5105165357986
16.2878113428872
15.6478837452583
14.6715630763498
17.4922576211599
13.7209609050569
13.1488315770443
14.3804966402762
15.0511442420511
15.0889184611319
17.8012148954925
15.6174505811325
15.2110914693722
13.5279506471789
16.9337936162439
16.8228341440103
18.2372755284424
16.3169965846406
18.236929806093
17.374009275118
17.0744294868496
16.238358407357
18.1179486892971
14.9336757683456
10.8251761054232
17.8492354153316
11.9665481360581
18.8095533307997
16.1232499122865
15.3947202380102
16.6154348703778
13.5569721922956
10.7947124907513
10.5930785052349
9.91437297308807
16.3158715456027
16.508749971571
16.4471227509729
15.8587894865824
16.0321450101098
13.6424077556554
17.8523019067012
16.8737806713834
18.0084587377419
13.8932200109288
17.1925104900368
13.8157268894083
11.9499660543157
12.5964150383112
14.587242896919
11.1831381351551
12.6881956731614
15.3619607985662
12.72870153987
15.4390865302042
16.4202514642063
18.9271336086038
18.2729286497681
10.9810424919137
17.6361187602366
16.4534255808405
17.2790130350008
13.0893116084552
17.994201907118
16.6872946260039
16.3017769688509
16.5506965045053
11.432328887364
11.4282936490627
12.9074987395433
14.0297256061624
13.0382283072539
13.1787674056428
11.6360552480609
17.9455318522141
12.6553689104108
16.8762943753532
13.2486647008586
13.046465926539
15.1057433814827
18.4044468861647
14.1897460016313
14.9437228665118
15.6611254944862
10.5790195787747
10.3331068855657
16.5774291463512
14.5344381775505
17.8305540121904
15.2538868543104
18.2548607325871
13.2419003296421
14.0776186326613
15.0890325014116
13.9064043469786
12.2904045780405
12.7572933446956
14.3632946152692
12.8501443294476
14.7605903415969
15.5843047180104
13.0968825225672
14.3541044505276
11.4622432223794
16.3516887262357
12.8407561587953
13.6995993735716
16.4591492783124
16.433938707435
12.9793741503768
13.1904607342513
17.0899545161222
16.4823383642937
18.8901917934422
16.5000798198776
18.4987117963873
16.5868044166858
15.3831025958548
16.8125551895176
18.4840440787003
12.8278988153908
10.7484022493036
18.3498354139427
10.367304022261
16.6016169640145
15.2178253861272
14.6919393139965
16.214746861683
14.6995883510151
14.6682763909951
13.4338089809157
11.6790031520305
15.3970488431562
16.4431521387851
14.7197787527579
16.5551280797693
15.8102028205597
14.9637664917866
16.8788883097475
17.1498917287138
15.4664859498477
13.4962545951868
17.4635153384477
15.2897930322649
12.4861708868517
15.5636295539866
15.5428660972667
12.7139029072138
14.4186416253905
16.0458076045965
13.7757429236625
14.1954531024451
15.0763084147654
19.479675419357
17.8261099605766
13.4774312610904
18.5910835676217
16.167194775635
16.8091373521838
12.8697847021955
16.6061895101188
17.6598508338889
16.2767498773318
16.4542118738163
13.5532150169775
13.5778076788757
14.4334728875887
13.5272867877
14.5617305790178
13.1704571536351
12.2744390741926
15.5012570937866
14.1709493118858
16.1580617658951
11.6498901073976
14.5535482970059
16.5630855576518
18.2241802762572
14.3156357557567
14.9072383943695
15.894301634971
11.251746593485
11.9764108172137
17.2973038654979
15.9001852946199
14.7736471179589
17.6827002929079
19.0685038820831
14.9160320177375
15.5193429138576
16.5949805592645
15.5282321223361
10.8110501269278
11.9786530268764
16.0186608811156
14.2277060730016
16.5997995002867
15.4916188702402
14.192397282691
14.443644137925
11.4410567393307
16.1071152377156
13.4267974417676
15.9448638076689
16.9205208900967
16.9404539066655
13.4264077365654
13.2062520017704
16.6992208762105
17.7060738771642
18.8336797599049
17.326357411908
17.4939923445396
16.7885273957798
17.8434603159281
18.1435777137366
17.2761572249783
12.5856368314923
9.42865634495842
18.4535546088119
9.32992093231002
18.7437033904425
15.5699618721399
14.112271308364
17.0723866194782
13.1633621789152
15.2292703625436
12.1061319989795
10.3826154482642
16.6184177589338
16.2038920335277
14.5996114448858
17.1743205472112
16.7595400137443
16.016024943538
18.2050654486439
16.1892398393498
16.2630935355066
15.2311735312979
16.2209144093796
14.8502335422768
12.5945938835209
13.8918648104007
16.5494396011895
12.4612485694689
15.3779959716201
15.9146503361646
13.899372396978
14.8252944354933
16.2605413321996
19.6449017536287
17.5622109186981
14.5945314850469
17.9037698852241
16.9024949977305
17.9235666013181
11.8524735370325
17.798231560946
18.1137523951963
17.3123401721546
17.7876478419905
12.3951857388784
12.4176127398617
14.1368764381056
15.3171639363849
14.858799979613
12.3635816479354
12.4478598625861
15.6138410741043
13.8280536913403
16.3649332605605
13.0779194685306
13.2569152315801
15.5541024828473
19.1996127593485
14.1035968179105
16.9111397947862
15.2371450483728
10.8897490592762
11.2427585898582
18.2523868252642
16.9751895012621
15.6334637391055
16.8622428169543
19.0132591042357
14.3495767377775
15.2419662407038
16.1654278263545
15.3892897280076
11.8149431243693
13.2697778922883
15.9702732250768
14.4216562738622
16.0810614736829
15.2962108255373
16.5335709346379
13.9407529498003
10.2595516694998
15.736625384803
14.6223499590407
16.0900171801379
16.8862324272518
16.2314899825313
12.9247742782593
12.4182916135429
15.8322682260409
16.9596977832778
18.640120627567
16.6157750209837
18.7837376423437
16.5961289116958
18.6340121745701
17.8686307655728
18.1287584830423
12.688820565481
9.37507946097338
18.1674325441695
9.59887801839106
19.0256303538784
14.7552060943842
13.9299405089505
17.2420335082162
13.4054159139774
13.3562641651358
12.5216655282582
10.6907962798685
16.7327995993743
15.3170833308746
14.1463623847643
17.8261261135632
17.3854385517686
15.5100547027159
18.3634581595098
16.1980496288895
16.9702209937142
16.0308186781675
17.5360017199896
14.2359533789133
9.61031788518289
12.3527017001597
16.6825803764951
12.7411542040797
15.2396916494497
14.0721036933822
12.6423135933302
14.9981498867537
17.1645828596836
19.82806795149
18.0705714288572
13.9415245331236
18.2825675825107
17.0377979736081
18.7103147558564
12.0611164463688
18.4975316382256
19.0575027768121
17.7713910102734
17.9210638636978
13.0736177853652
13.2201823077767
14.293305814604
16.0738113246301
14.7075681772923
12.3210097740534
12.3795732789
15.3180047175404
13.0848775264317
16.3001671631743
12.2578587134204
13.4016555165291
17.1078359431707
20.6229213108834
14.6135814380714
16.975511026652
17.0900621302308
11.435987728124
9.58804395064855
18.6589096610503
16.8357325226733
16.3398903904897
12.5059705506067
17.0925214929959
12.3722979656964
14.2014548264783
13.5422914438283
14.5897459616729
14.6438495107419
14.0201220305411
15.1735164402114
16.1230850037716
13.4639274979459
14.0054511031824
17.6438651048361
11.5426573328466
13.7605453878057
15.0479629858807
15.8660580736321
12.1369787246812
18.6997750183741
11.3322267571205
14.8288783210569
10.6365229399115
17.9346281413647
13.6615948890103
14.9917923490141
14.1288526967061
13.9778180212926
13.8103553852728
14.4869870685539
14.1167981222083
14.1009283108909
15.1894610745987
8.766477882016
13.6288268471358
14.1489525772111
14.8871885150428
10.5854501065922
12.7096599839535
11.6052666865508
13.5343318790352
14.2851283646419
13.4761704538666
9.5692031081756
12.5724407778349
12.6193308120107
16.2302069995373
14.2465417995259
12.5661644114109
13.3985521324631
14.9920933571381
14.6401386716706
14.676918875259
13.9763000806154
15.2149987066784
12.9635785353071
14.7376087923362
15.6211712265404
13.5518188719176
12.7406820622405
15.6602734385316
10.3563742980749
12.6765827621319
15.468712356615
16.3933579426097
17.8848595403817
16.1861994905017
13.3349048572995
14.8743687998897
15.1314607239025
15.0132162740376
14.600309509191
15.0905700238642
17.9394628954234
17.002595088076
17.1330888463313
14.385399964818
13.6405609198073
12.8928769633491
14.9877396128297
12.6475265890398
13.4213368350042
12.524499786026
17.445985772795
11.7579729066478
15.473711116772
15.3221956613891
14.7361129164123
16.247034445029
16.6932958347296
12.7660029065708
15.411881471154
16.5966437122953
12.4777529345748
12.8264523032193
14.142296088808
17.0440938483633
17.779891875327
15.4799884953693
17.3328430463641
10.4587630457786
13.4551612024975
13.4058952509087
13.9003408211549
13.0717834552336
13.8582394658332
12.963839466042
15.7063624716613
13.9545784799923
12.1222633028123
16.6246713751755
14.74610628435
12.7218888687335
13.5468860692975
14.79385223265
13.6989220972298
16.3322347335769
14.5730639834512
13.8412494188491
13.2969449010665
17.3699045516598
16.2296351381096
17.5306308907435
14.2459987449042
15.720844097217
15.5467836533411
17.0501655289221
15.7343882982911
16.5288131359401
13.6605841177055
10.2417991867635
15.9269817645738
12.8191276202554
17.6258858499436
13.2087402071678
13.0971569383699
15.4672011516658
14.4362704589757
14.5099456095451
12.7505165422152
11.060260886493
15.3920225506498
14.2060186619821
14.7042090280586
15.5973680568848
15.4796463347143
11.3231783697981
16.5811404036238
16.1016314893656
15.5587755228419
12.9904694526793
16.7688198731307
12.3897968143046
13.7035699316811
15.3184821722534
15.9844455727966
11.972072422554
13.0906289764378
12.8924037698528
10.3349858839303
15.607640239659
15.7680440120054
18.9300931325192
16.870656456978
13.830146774049
17.518966361792
16.7367471183898
16.7506866032305
13.0961356370357
15.8441781217668
16.2829434351719
15.9696654247369
16.1230389372373
12.2626519875962
11.8686912267725
13.7011869192921
13.2778449239414
10.7055160551963
12.9578584584923
12.519504533042
15.0014225512309
12.3707852489029
14.13218507437
13.1107768374411
15.442385628765
14.5513256797778
18.661727773023
13.9014421973259
12.3472601529087
14.438497898658
10.3926048985943
12.19791199745
17.5180575403614
14.9628000203006
17.2830594893575
16.1545877528505
18.186613768443
11.920114196559
15.58919043811
15.1447169763437
15.0987558556236
12.9834135570296
14.0794476232932
13.7945358901825
16.1033429729861
15.1857466141366
13.0016355479412
17.8652143605432
14.1411320038135
12.565806490745
14.5206265976967
15.442916468209
15.393594051376
17.4934374183433
15.7880442542256
14.1625438675329
12.2232230766245
17.3810872395116
16.2202015956949
17.9779826185681
15.0115275963645
17.2984081406383
15.5901128933875
18.2387465998593
17.1238960786702
17.9311787982356
14.0247615346088
8.87059742060554
16.7930041208858
10.9793018935509
18.3556096934957
14.4519193186403
13.5655194362731
16.7116381288608
12.5555872445908
12.3700243066078
11.3925930433585
8.51020316775046
15.7797131300214
15.0491058089697
15.5161130786446
16.8170418726081
17.0805439655448
12.7439665316602
16.8929680533765
15.9064164465724
15.5400787882014
15.0317061884501
16.5658453506868
13.0040099201439
10.9563580895402
11.9180189854265
16.0121949603164
11.4811387186699
13.6901645337136
13.7257529995342
11.160605912344
15.153469027148
16.9807998557297
18.9241716587303
16.8051046233067
13.5245290338495
17.6273257606767
16.3724408777708
18.0646697489581
13.7285578688418
16.8997286568055
17.4389465138714
16.853696896029
16.9772652637497
11.9982729136201
12.5050924262773
14.0061510908468
14.9805749090205
12.756839739361
13.4620192613458
11.7127094280778
16.588127104813
12.8967371599861
15.3188968572565
13.1894512236695
13.0895395843192
15.4541232032201
20.0317105509414
13.5430477575038
14.4943838197908
15.0923883089767
9.7805475544175
9.39640033666671
17.8926500716103
14.7829289804529
17.7020994501978
15.9369653308344
17.6456821335026
12.4873968824951
14.9507441155097
14.7040090166682
14.1925337616119
12.7610853805558
13.3803512860869
14.3618185761186
15.5951941818795
14.6864493582937
13.0995501349518
17.3795451439282
13.5738493178774
11.9302530803159
13.9533439117606
15.6541618408644
14.9997388422419
17.6244131350049
15.2207615682895
14.3737892401884
11.2223668415592
17.0784894070439
16.0690165094948
17.1373780075197
14.8361120949171
16.9860653935503
15.4597839099511
17.6714639139232
16.7300408695361
17.1558770118234
13.5523889419919
8.17684776316106
16.6194568060383
10.4810020682069
18.0496363724087
13.4510630835749
12.7380906780098
16.0430341004173
12.6421695505168
12.3792170180775
10.8995723677454
8.11634795861634
15.6284586040009
14.3562899566742
15.2692736523871
16.7833327358013
16.3073523713006
13.7448227667256
16.7540527830905
15.0799165383854
15.3904574106135
14.7257328673631
15.7446540098758
12.6508010678854
10.9960764295354
11.945695669066
15.4449122743803
10.9422665064228
14.000290419953
13.0992222221634
10.8666451515202
14.4660522604408
16.3877659438099
18.5303164495961
16.1269512873445
13.5642473738446
16.9275664639611
15.9785856686367
17.6708145398239
13.1597213338463
16.702984375504
17.5368611008819
16.3260246223572
16.4495929900778
11.7545708254878
11.6769978264712
13.7602438683315
14.4132922230844
12.8547543263716
13.2259093396519
10.867632205291
16.6124196538691
12.5478364603142
15.2588434118685
13.4044289169882
12.9532480782773
15.2045048526755
19.5847776812293
12.8942526095216
15.3166064445749
14.8791202928217
10.2506882921582
8.8291176507306
17.3253673856742
15.1380003671601
17.051484498745
16.2260284913566
18.0128568644409
15.7905824897587
17.1809249824812
15.6618127896346
14.988270881686
14.4307418156211
14.5546539896338
15.9512090152649
14.455201093398
17.5190895462456
17.6151531556282
16.3172558394684
13.8033353071287
11.9855230737744
16.6453258763059
13.7421117934105
18.1592189023562
17.4436235458202
17.4624901144837
15.564918404381
13.5344369996728
16.6940196076592
16.156608702282
16.4479505866177
16.9412105382142
19.6716985346819
18.3332684365017
17.1002782111799
16.8264575830986
18.9915584176987
14.4196115677793
10.706772995936
18.1088774050829
14.1208947214831
18.2632418534518
16.424358426252
15.9573922601828
16.6940975154444
13.9367897777795
11.4634222946032
13.138298533538
11.8960313355861
15.9763022776142
16.9536387213807
15.4337044843948
16.8827371947532
17.4192324933033
15.4872820740452
18.9701258651215
14.5986574121594
18.6091567430247
15.8597783959841
16.1248208695274
16.3867717836081
11.4967692393775
13.6837412212563
14.776358961892
13.0573015420958
12.6206902167999
17.0424547970257
15.3817644615955
13.4840217365775
16.6506154997669
19.4659127176061
15.9456683408832
8.76609771565307
16.7339770325109
15.588156782293
18.6026389324827
13.3561587709267
18.7429584973907
19.2636510054162
17.1934824516043
15.5339736826116
13.8450694318698
13.556964828428
13.9161946767027
15.8441523352481
16.6864411657231
13.4205658769655
11.1762419963902
17.127598653981
14.1311723700214
17.1194589957127
11.6896427467707
13.9586328983594
16.7285554166669
19.1717984110981
15.3147347258738
16.5103564900034
17.3156607133142
12.2843258534726
13.6516210847753
17.0100785819143
15.8232752784043
16.2203361799179
15.7486865195855
16.9642375237334
11.5551214450283
13.9022926774239
13.0593347435292
14.3573735446198
11.434547065457
11.4803649780428
14.1532960854425
13.4462188263359
14.1994324230034
13.3041992236989
14.9996486287121
14.5893115651654
10.5272012613952
13.8533683278125
12.5163048491144
14.4541501567378
14.886447828599
13.8236741940593
11.516301223073
12.0311737595219
14.3369306986649
15.7494108299611
17.8455024103138
16.259070760666
17.8753598759078
15.4297598959627
16.5185333295453
15.5914595920737
17.6916163573504
12.3815033433961
10.7460472212438
16.5531362960991
10.2434713428712
17.7982413847284
14.5415950576811
14.3810083917512
15.4613648564576
14.3556389123239
12.2549967469834
11.2105330011518
11.3434475118665
15.2762724482728
15.2464587522118
13.5103798315008
15.7421439821296
15.2007057502414
13.4329011847049
17.1748549492518
16.0796298014304
16.4112711970264
13.3693550247105
17.3418298964153
12.8301698939308
10.5385323819715
15.3154431566984
14.1674330964734
10.8518504178624
13.59786585197
13.7342076750757
11.4355764980714
13.4457775480735
15.4559879538577
18.6287528177215
16.7031197986777
13.3765247881157
17.2195434241938
15.2901792378712
16.305056889619
10.935648529967
16.3007924041332
16.5705131831755
15.9316076991661
16.3390492701536
12.1516305677826
12.3049646081535
14.9882840807821
14.2276502308811
11.9076584387112
10.8324366256266
11.6232404845722
14.4395898531936
14.1411045395867
15.6044349985521
10.3599620788991
14.1765734002078
15.8233173958334
18.4666049128581
13.5146230867842
14.7617091892707
15.640000615066
10.9993561808362
11.4317902174202
16.0131861947593
15.876634152245
14.2778117552973
15.7230326835716
17.6908809770544
14.0131004016661
16.3178744084564
14.7291706158163
14.5089902716889
11.9746453626286
11.4719080385183
14.3026821350347
13.6543391310576
16.6188687876717
15.4201636074061
14.3537712007908
14.2085985921598
10.4100449264824
16.4221836980531
13.0927545839672
16.4079320265443
14.7645148284974
17.3123053808602
14.7635609867178
11.9802624947539
15.1031066562782
15.9578404535674
15.982741025625
16.4965761909741
17.7205380298183
16.8007898227726
15.6703689536061
16.1196894281798
17.9178808846725
13.073160855411
10.2236796996632
17.4619910034784
12.0085198604245
17.4726164006201
15.9678655661439
14.9465673956996
15.9284235458698
14.7401505341114
12.1816170967632
12.1294799403472
12.0051547989896
14.1023796407025
16.7089367234039
14.6049437280746
16.9455843549399
16.9348603098488
14.4025093068794
17.4401236912203
13.736139384006
16.9374771301347
15.1035095843179
14.9520581124162
15.6256515252915
12.2105636510132
15.2815894812322
14.9761052947894
9.67736270391659
12.0528501836894
16.8599431346735
14.9630776427134
11.9111946625235
15.6307068762991
16.97332216959
13.7338801390156
12.1144514510447
15.8645188673469
13.6778824422174
16.3770629782526
10.4861505493908
16.977441568848
17.1033028618255
15.7360005350791
14.2677613659805
11.7185802235488
11.8544748232431
16.4334086943682
14.0125845276857
14.5117973253923
10.6832769194831
10.3882884375672
14.0926321742324
15.4856529032246
15.2574773195908
8.43002421326872
13.8917128435481
15.9126686657841
18.3601856040281
14.3769905181865
15.2254591086938
14.6473249347251
10.345505127906
14.38858717038
17.0378180391302
15.4545321760049
13.3461734574735
