49.9917666586204
50.1885816297363
50.4917141020609
66.1493670764666
59.5940454425861
66.1373004995372
49.8303740275219
49.9619951817825
50.2699388440995
66.2928835516277
59.6794370603042
66.281144870609
49.6819283314213
49.956662751748
50.2596845447728
66.0280335982027
59.3920634101168
65.9941879154868
49.0502590257986
49.4264554724123
49.7533826964439
65.5849075235763
59.1965001156309
65.8482443877975
48.8924653648166
48.9955706381424
48.9967013036049
65.0720084001122
58.5180675973997
65.3052053663649
47.6642623860397
47.5421607578132
47.6538931382435
63.6700060563992
56.9083728226412
63.3667821536511
47.6122502258772
47.5060418234997
47.2674400789438
63.3253331276382
57.3893573860322
63.2926570403212
