12.5354863008584
12.7415934411274
15.4518307177882
14.3598969559487
10.7034444817196
13.7785148044885
13.1679232018223
11.0340488904622
12.7628306828695
13.6133400039588
12.6967574300238
9.97307766556704
12.6656945815021
11.2795922732812
12.3833108387474
9.71193390765589
12.8020629801746
13.5422034892941
14.2822225012761
14.2006229783732
12.1709694297673
12.7053442947858
14.1753836350667
12.9728445545194
13.5880520488811
12.2905994253008
14.464585282557
12.1029866467578
12.5883047887451
14.8676351540358
14.2644392536834
13.6582611222477
12.8248662395942
12.003158311664
11.6450926667679
13.3419218521117
13.3845599134573
8.53744553887401
9.4239147553522
13.5590017014293
12.6876255958749
12.4833311984023
12.1210324786112
12.9585709441443
12.5792257730871
12.718634357945
12.7864252592723
12.6430797011476
12.6027643456792
12.6199480147935
11.2976242661386
12.948240675235
12.8682050599832
12.6381909635213
13.1954224930314
13.4311759171889
12.0904113313951
13.3935634358219
12.1597971593925
11.8780790674404
12.162716504826
13.3639058144105
11.6585295550966
11.3574537169768
13.0988626960626
12.1606469930884
12.404901234031
12.1770134467123
13.0004158156438
12.5811500505135
12.1357095503537
14.0157528413522
14.0968791597611
14.2127535622439
12.5489990972797
15.118386192919
14.2673418708103
12.9034420176146
13.2507684408842
13.4709026042242
14.2179522409436
14.6763485571636
13.052168848757
13.7360219976894
15.1864283582635
14.3376463387683
14.4672223735028
13.7934909112916
13.338312676944
12.7151045957035
12.7426464194546
13.4252330452253
14.6738922687974
16.3524717697963
17.8267953557673
15.4050488968789
13.1594090773532
14.1669584010101
13.6941399440895
14.2748100045232
19.2745300520509
15.045048551286
14.2157108333063
17.7045647121114
14.8355396591232
14.6049695342148
15.5773355396887
17.6147173822006
14.0423435554191
18.3110456799088
14.8717533777675
18.7117967630646
14.688780405748
15.7828164336532
12.9236018431989
15.7605026590188
16.0365960848759
14.1615410479826
12.9647662591001
13.527677705241
13.9566207367765
14.5137270606759
14.4666242213686
15.3258104793041
13.8507421256255
14.542997159021
15.0165472976443
14.8959518989207
13.1624655830202
13.5806945244728
13.8773693310392
14.7945230360589
14.6555693908841
17.4603034217576
17.6592788558498
16.0492366982445
13.547678559332
13.597260801505
13.5078773266921
14.1594519117059
15.9146609034198
15.5357873242017
14.3395765476652
14.9318028370896
15.8541539764061
16.040407626492
18.3034134108195
14.5398222341701
15.9993014021267
14.6354045228799
16.2631342192087
15.9726024598336
15.9620798040483
13.6359430105524
15.8806973326054
14.6791708944745
14.2454737935067
15.501022452095
15.3598878569903
14.9344663459607
13.9562677205001
15.1996758657495
13.6070594645898
15.6590015755533
13.9650857892084
14.764957969479
14.6586738852297
13.5232018058517
15.1047301354126
13.7697886293022
14.2372172651446
13.3360256948926
14.9180664072025
14.174508157849
13.7323101795704
14.4070455673487
13.2601406422516
14.0967176349516
14.3071078994743
14.5502006738161
14.0028789322796
13.6229253519003
13.6435910047607
14.5921624306826
14.3502500245142
13.6540504087007
13.599170965345
14.9464929701287
16.0720582487389
13.7683699556475
14.9815808942825
14.528395457808
15.6885060971523
20.6216259571528
15.9737105745093
15.1907244116092
19.0721799489408
16.1548292422474
15.9096969240047
16.9243649656511
18.9614188763516
15.4560396480482
19.7331727512555
16.2854494703966
20.0011961936762
16.1024764983771
17.1943896792863
14.235769056079
16.348718088745
16.9439056512964
15.5752371406117
13.7998961816299
14.8364305159767
14.4342535095963
15.409663425347
15.8575608660173
16.6599360431898
15.2480973850654
15.7514104506186
15.9452093208675
15.838837533026
14.4851370317206
15.0086142279838
15.2879026878131
16.2124228258026
15.9717383940572
18.8344293484976
19.0212499504405
16.8024702157289
14.961374651961
14.9712707668912
14.9215734193211
15.0881139349292
16.79441466362
16.9092654001605
15.6023774200478
16.3730718696438
17.2203307945099
16.6082487756611
19.6526910450337
15.7105794297988
16.9321671224646
15.71347334241
17.2224711466406
17.3503067900047
17.0401486235784
14.1640136112981
16.7625405216032
15.9845528992324
15.0969323776748
16.3132000359415
16.7485349256169
16.281495771923
15.3699638131292
15.7944131331619
14.9540888905522
16.6504053531185
15.4339350459519
15.7651139900059
15.7994844591018
14.9067910382438
15.6974218174656
15.1693816260883
15.6651369686556
14.7356186916787
16.2200117994936
15.5718634172889
15.0376921843283
15.2431628857499
14.6597336390377
15.3916735170214
15.7208039921034
15.8684527474826
15.3048243245708
15.0366214445293
14.962880587885
15.1868996980949
15.7639461171432
14.5740637002015
14.5150326428302
16.3601890627578
17.0007202719621
11.9703985470319
13.3731690545594
12.9592854084318
13.3986560406932
18.2659748620842
13.9866450526405
13.5552061199168
17.2674336921981
13.951677437777
14.0772506654136
15.1309543508812
17.0460910525754
13.7206384851334
17.6490777846379
14.4893694405656
17.729913313921
13.9234065368433
15.2726476289446
12.6886236478307
14.37387696456
14.6170843870697
13.8085033641645
11.6218234919304
13.3241116442955
12.9027642926092
13.57642184472
13.5904702575386
14.3605605488567
13.2434573126604
13.8620286434589
14.1750093569925
13.5219419074855
12.5981586845294
13.0163876259819
13.067161009274
14.219093241746
13.9621571293908
16.5390790081681
17.3790468839479
14.8960147598476
12.999375425235
13.0041310834433
12.7653189992088
13.1261147082032
14.8455071988125
14.8036122389925
13.6858820337693
14.4607994930509
15.4593920631386
14.6253348678078
17.8410385975636
13.6707906405841
14.7305330916564
13.7041758718623
14.9146325629718
15.4237840272032
15.0210143538087
12.3608506223822
15.1338695260057
14.2195841349983
13.6139923012319
14.0203935957938
14.7578430949502
14.2695288863142
13.1935632666565
13.9714349170726
13.131110674463
14.3077770451752
13.4962121824401
13.8273911264941
13.4828778605904
13.3100166826489
13.7374681760989
13.236075620709
13.6729103666537
13.0675553463293
14.4548378584455
13.7793272113304
13.2727234200942
13.2811636590239
12.7264276336584
13.1088129707836
13.9775001464717
14.2909942639705
13.6226578833784
13.3659825154041
13.3816221454377
13.4291016550984
13.7837016243511
12.4633131205366
12.3833752989908
14.3799445699657
15.0089482671028
