4.24578029025139
3.14756133558378
4.3445101123643
4.45299210384871
4.69694221986922
2.56776356083529
4.83158627240584
3.6338460278692
3.2287490486748
2.34087023809727
4.52921945358414
2.57660690729519
3.15994948584814
4.34418691761942
2.90147082314477
3.54261226173632
3.07244483239496
2.8516629113041
1.5183158850248
4.32875477427245
3.83410154436192
2.36664532898858
2.70099128463207
3.180072353627
4.07754834907408
5.36899806413629
7.04062982411335
7.29558614653953
4.77121220661375
4.79297930755342
6.56708402205668
5.28428685158759
3.11438583232371
4.65093935821848
3.91630269097488
4.81074104953093
2.0904477809211
7.18529497369326
6.87428986667419
5.4479903998577
5.90659625560999
5.69818325686182
6.724507519768
3.61623591370087
0.869363021080581
2.80936438774
3.16860937262715
4.12712628019334
3.18876384593348
3.91941044370075
4.43655352881367
2.57072695966625
3.95664818202358
5.25017114391082
2.92039562354957
5.46651197709991
4.32875477427245
3.64012617469994
5.06943672240272
4.67334946836355
2.35731101909337
4.04039585450751
3.16995874535859
3.82638385705776
5.90659625560999
4.65093935821848
2.0904477809211
2.33029689088062
4.47527936845829
3.49134246074949
5.77613295604674
5.70517942068324
4.17997106032199
3.6423237950161
5.29920526222554
5.06546887155163
4.99451533618813
4.1578363118443
5.3743764042138
3.17318048370672
4.3372915188901
5.96456590730715
4.81506012914232
2.63761658496386
2.05930793417215
3.35608049650615
3.43190519102235
3.80317287835756
5.38857902623769
3.82770123125727
1.42534947451334
4.97413694571857
5.38874376611511
4.06137841280303
8.23385645785267
8.42293841232179
3.27006219898333
4.95942341193764
8.05044892872728
6.4775134853269
4.75801019699611
3.9235625653797
5.41151056339248
6.29410595620153
2.73268166929711
7.83772561413882
6.36417931614223
6.72375915789477
5.52815423825015
6.49142163236709
7.25787998283621
4.15781813512176
2.80936438774
4.86783605238901
2.80781322543972
6.02763013483279
5.11466497126975
1.93097795660417
5.55120714590217
6.06901222417207
5.31696605033768
5.16684226538738
5.2780185270847
7.34311329181138
1.67801672941609
3.95941200703894
7.02940191114733
5.75498176665545
2.69692932574619
2.67703787147124
3.88774659966537
4.51324172945376
1.36978495139005
6.64799538258917
3.09751707683805
3.90257106981358
5.94281378274918
6.80145569610563
3.88623494044067
8.76665536740463
10.0118611032937
4.58756465855027
5.87163610234717
9.44838897417289
7.30112779127827
6.17008463210309
5.85251914339999
6.84810491297828
7.69204600164714
2.10581463913731
7.85723203214327
7.64726056205696
8.28816193438782
5.30636471509771
6.90133068461163
6.81688324739569
2.25434557277208
2.3067886141102
5.43022698157452
3.85853686685986
6.48133399386397
5.5782400197872
2.91175654853058
5.75449548486237
6.5712995628486
5.77066990936886
5.41771567697022
5.94814101902718
7.58261804427788
1.55051937289815
4.7250716799791
7.32205025621234
5.86115318578861
3.69306251602995
3.54487322761394
4.77128725369977
4.14979612824973
2.40088937679402
6.99630845309966
4.22539406457602
3.9121539065462
6.22094530280842
7.11045756268713
4.41618112558899
8.83185394603967
9.77660078569055
3.94623706069702
6.05233237872216
9.47644055122294
7.33093822543593
6.15531337222038
5.48023937064468
6.81995266108743
7.72009757869719
3.04780168080615
8.0524953486768
8.38796650041869
8.04122258753483
5.15930882709017
7.07065388662687
7.42430993809166
3.17030864607003
3.25776325911275
5.57669492508342
3.04967221826132
5.77914375371379
6.32928349539193
3.21794935045152
4.44694321294727
6.41924906437656
5.06847966921869
5.06847966921869
4.31170012166574
6.40839910569612
1.21656016378176
4.60429230059461
6.40336840670573
5.27907204716415
3.61974533704421
2.20118364605121
3.54572315824778
4.38025883991986
2.84115116848708
5.85798318892358
4.2429367205318
2.96892332549458
5.27511062079362
5.28049231629728
4.612800547422
8.4745022230018
9.31930667705391
4.95107488695432
6.39054140726905
8.59440897230768
6.98720481374153
5.42142515631647
4.91887139908099
6.25858468952374
6.83806599978192
2.97964002638145
8.67848179641318
7.94977724958419
7.43646825581599
4.65208700414141
7.70446902357734
7.14553716624719
2.97040319419112
3.79024232577417
4.91109936761129
0.77184910811696
5.05682695307334
5.47878888597917
2.00830072617369
4.97236427939785
4.10131867814547
4.34616286857823
4.76812480148406
4.57320821694191
6.71929065881354
3.45100525083783
3.83256068889249
6.15435415978047
5.45201973314474
1.37568269036501
1.60913150146383
2.72922389284127
5.00081936198531
2.70282706472115
5.61989078430837
3.26762418985943
4.08019076717428
5.11809186485989
6.400714345476
4.59431333277766
8.36544614152915
10.1268754682114
5.60446815117747
5.0257771245826
9.54981930081653
7.29025952082095
6.61489067740274
6.03013884076069
7.21943011256656
7.79347632829078
2.70282706472115
8.43313707386093
5.99663791511492
8.46497811576703
6.46207053184052
6.94597178780295
6.90010375594017
3.91162269735669
3.91941044370076
5.02568144454634
2.11121807706657
5.97046682212741
5.84228901335511
1.16443775873729
5.56435054560982
5.87677322430114
5.2598027376323
5.68176467053814
5.18963806676496
7.39247310502533
2.11918462586722
3.94714276582754
6.82753660599226
6.12520217935652
3.15113723652068
3.52179414669237
4.69269566731485
5.61724921180835
1.85896409728475
6.3017821145522
3.63112431723536
4.66040420349103
5.71007813107186
7.04809087268904
5.48729389819079
9.64244842048068
10.7124349715122
5.14257835005761
6.98924889905617
10.088121263522
8.14153269987694
7.13203376251566
6.61035227707743
7.83585996238959
8.3317782909962
3.61646693377522
8.53201385290428
7.9601096895885
9.00328007847246
6.28863401102835
6.66859503293431
7.45321064751311
3.73897389903911
3.56719050773309
5.55154233051996
3.03636419948664
5.45906974485455
6.27377816137288
4.57005395503306
4.04720912930209
6.15629115438728
4.74840566035944
4.74840566035944
3.00989104085182
4.33434595563639
3.22809519106641
4.72737441360118
4.46016250586188
3.33586614632031
3.35678742705494
2.19365298798394
3.68160098599673
2.43705293907602
4.19325577306863
4.40793940053964
4.18743138651275
1.51887953711064
4.65707373452638
3.83044852791334
5.47167258465569
8.42347377740805
7.86926288866997
4.4180074699758
6.526419235018
8.1946748886625
6.66713080488228
5.16992578024132
3.46882761069705
4.95677560870983
6.43833191613674
2.65956601752221
8.65332920184972
7.94224659151694
7.03673417217081
5.22821709913755
7.2286145897284
7.37581182360576
3.54653328918727
3.35447581307058
5.81344885924372
3.94004957050931
6.05595166265484
6.8106930129017
3.42351058663857
5.21352726438206
6.733806801824
5.34528757815973
5.27433404279623
4.02361521981178
6.07892933565189
2.88231769068643
5.52722630210552
6.27615872677688
5.12665294861206
4.27400367660704
3.55667126800492
4.82543102308418
3.74349801049209
3.05205847165817
5.21759924394441
4.93321482347574
1.81650558731045
6.12142074000215
5.46928733587742
4.60471891719725
8.70234840773229
8.35943992055663
5.67599398469134
6.42877393851568
9.52077519666496
7.07965328836507
6.11444900456724
4.31471867817681
5.27728947135996
7.76443222413921
3.33613956877853
9.17589510492427
7.9326208736396
8.15092056573325
2.49821309086634
8.5471314374247
8.46271614028831
1.16443775873729
4.69267786977085
6.04984412958304
4.70998265521594
7.53063040049524
6.68661961234412
5.14213635126188
7.04670450718159
7.62059596947987
6.81996631600015
6.62026116404064
6.8102314573517
8.7801764019033
5.1632372193922
5.36359126273491
8.47810170698088
7.20840066530871
4.96611885545762
3.61666735713824
5.10461535515102
5.71335464548898
4.74956501357981
8.0435515858242
4.93789303951417
4.8397058252915
7.41494370188938
8.25483509961332
1.46047770768946
5.12895332310376
7.02452774817813
1.1644377587373
2.25979710612974
6.79146935563235
4.05376670239555
2.95226853943805
2.34149273442514
3.6157445444471
5.03512638310659
4.64288871008867
4.74893009000317
8.5323256269642
5.31537285513843
2.80964083901125
8.22670533739542
7.59446702177481
5.88746590033563
4.38080812283022
5.59925599353789
2.68669553560333
5.28716250880717
6.47940476372873
4.22038529114975
4.09492279232002
5.81143347972313
4.57649842431206
4.95403226271529
2.11195735968856
4.38205961865432
3.57776385494972
3.82944073243792
4.2882552698145
3.52994301287482
3.38391694513605
3.09158666914721
4.57953466715999
2.78672160295933
4.22038529114975
4.27632266783138
4.02142188944033
1.86854820099395
4.485166498479
4.42642720821122
5.82134124853901
8.50316649468799
7.9900760831301
4.76767613385912
6.87608789890131
8.24238855168042
6.74682352216222
5.51959444412464
3.81849627458036
5.30644427259315
6.48604557915467
3.00923468140553
8.70104286486766
7.98996025453487
7.15754736663094
5.57788576302087
7.09679527482638
7.97179050390364
3.89620195307059
3.70414447695389
6.58828498322518
5.39861125478843
7.74697123368435
6.99712634004671
4.58684108502271
7.27165607673835
7.83693680266897
7.03630714918924
6.83660199722974
7.02657229054079
9.00926175281865
4.73003587174172
5.60337539017014
8.69444254016999
7.42474149849781
5.52141412169679
4.30529595671074
5.6450092471535
5.92969547867808
4.19426974734064
8.2598924190133
5.24839976721675
5.27290717294198
7.63128453507849
8.48392045052867
0.77184910811696
5.81758192267626
7.25361309909349
1.56316532193668
2.80019099813222
7.01642092518911
4.48568591356982
3.16860937262716
2.77469408207561
3.8320853776362
5.26007795266336
5.19818397632783
5.28737094364531
9.2209542265367
5.54032442469519
2.25434557277208
8.44304617058452
8.28309562134731
5.33217063409646
4.59714895601932
5.11912513173808
2.80034097768478
6.13421573828072
5.48447361626543
0.694526338547448
6.05613302171466
5.86375138670033
5.42355165378561
5.64317255285092
5.40967656295561
7.84467635057588
2.36664532898859
3.74934018034802
7.33882137485417
6.37739331798916
2.14163405950703
3.22486088995547
4.43556961814959
5.47858011074487
0
6.82377561160824
2.7094982418328
4.53986093122354
6.26171309479866
7.27374346248904
4.96611885545762
9.5930716553229
10.7642928059657
5.27619325812278
6.73212284989091
10.2035987810751
7.97006201613048
7.02423500797443
6.48980900480995
7.69719086132611
8.44725580854931
2.92777657204315
8.22729196017726
8.23161133570581
9.05513791292601
5.00200654524459
7.22884073302878
7.36470626587991
2.26181782052702
3.45939175319185
4.43049653216558
1.56388935962806
5.44558713870822
4.79584501669292
1.93097795660417
5.36750442214215
5.17512278712783
4.73492305421311
4.95454395327842
4.72104796338311
7.15604775100338
2.79984667663907
3.06071158077552
6.65019277528167
5.68876471841666
1.45300545993452
1.98840927189874
3.19911800009287
4.78995151117236
1.23645161805672
6.13514701203574
2.16910434983032
3.85123233165105
5.57308449522616
6.58511486291653
4.97359110321256
8.35662003726618
10.0756642063932
4.58756465855028
5.49567123183419
9.51497018150256
7.28143341655798
6.33560640840193
5.80118040523745
7.00856226175362
7.75862720897681
2.23914797247065
7.53866336060476
7.05973329590316
8.3665093133535
6.23845816330132
6.54021213345627
6.12825464782318
3.49826943858375
2.77076315361935
7.60783575023615
5.14213635126188
7.56664013700188
7.96841346488305
4.70998265521594
6.87458082204115
8.25808418582719
6.85597605250678
6.65627090054727
6.71926038137106
8.62374384550188
4.02988353006364
6.77334817581799
8.43070061880612
7.16099957713394
5.65474745503012
4.85311897519497
6.12187873027422
5.66595355731421
4.33853054023555
7.99615049764944
6.2196868920531
4.68327326889008
7.23420928038129
8.0984025432119
1.45300545993452
5.49604192007988
6.86809519177671
2.3666453289886
3.27706048125295
6.61934567049191
3.87303228088746
2.77907638049361
2.18506017802372
3.52477346846647
4.86300269796616
4.48417078371376
6.30692171065627
9.76877724502093
5.14324916999799
0.837159533207249
9.78469695804852
9.70028166091213
3.95154536553097
5.93879974348333
6.40106808002136
2.07361115126398
5.80656181217537
6.96875759838923
1.57318922095453
5.72630330406065
6.21529675223132
5.09589772768027
5.5178596605861
4.50945763490941
6.01344013039494
3.05709035990676
5.32252940130256
5.44850363136188
4.74616920472614
3.48966076445086
4.20173371360548
5.39102498541135
4.31305941827701
2.26771555950198
5.5467585015976
4.75759290226949
4.26993662930662
5.87203088952269
6.31887317873319
5.94299167910764
9.59205048375192
10.051445856929
7.01426674660173
7.68757821715268
10.3037583254793
8.03999437992299
7.36882970206553
6.21988470289303
7.15567953053404
8.54741535295358
3.45676608938395
9.86968006156022
8.658439007685
9.21891714042983
4.52969409488094
8.43594050021301
8.93789548683445
1.8738309664624
5.40937915611083
4.74159838200201
2.92783833420272
5.79270539429147
5.05950552454736
3.06632719209709
4.51760186800992
5.8826709632761
5.08204130979636
4.86242041073105
4.35012677681375
6.34572442742542
2.10625663793305
3.65589649315628
6.10151016087637
4.75759290226949
2.45661089797322
2.85166291130412
4.07807693738994
3.74229357078486
2.50513418688296
5.6506065182032
3.14983892064379
2.67526028969375
4.98405168595597
5.87356394583467
5.14821614304543
8.86087455716888
9.12458421022225
3.11438583232371
6.06196644007175
8.55653943451472
7.10453158464312
5.2805214157383
4.62520836328016
5.98434761561224
6.80019646198897
1.67801672941609
7.66063582550811
7.95476515276822
7.39859871802304
6.22980003615061
5.94256858781843
7.11413289236776
3.17778089382498
1.48794799801278
7.04670450718159
4.96436284051471
7.24915333581195
7.59958792553057
6.20313118176534
5.36868777776549
7.88925864647471
6.53848925131685
6.33878409935734
5.51959444412464
7.27584320068543
4.35127944917616
6.36045164033346
7.37191383511374
6.10221279344157
5.22766996921304
4.612800547422
6.07787767820954
4.60716677362183
5.82633299980091
6.74178080542938
5.85086135270062
3.33537262407362
6.20516841248609
6.75050189839545
2.20118364605121
5.42402806076046
5.52019454696025
0.869363021080588
3.23305942918826
5.11345262621626
3.6676850882347
1.48794799801278
0.837159533207256
2.32510753122004
3.3571096536905
4.20570204906234
5.74579046760172
9.52845881724796
3.63735612572233
2.49589735469264
8.52317910060935
9.2724837511909
5.57372241601701
4.77121220661375
3.89120594791238
2.41342942347461
5.37199221882459
4.72768658263298
2.84558311952056
4.88806632551091
5.46195778780922
4.66132813432948
4.66132813432948
4.51367822561038
6.67583869006154
3.24348216961531
3.06703803099359
6.37376399513913
5.24946763559755
2.6695656237163
0.771849108116967
2.25979710612975
4.35065442835326
2.45301178183849
6.03034164299408
2.64133980777284
3.23636290986
5.25630552021873
5.54793190066271
4.30529595671074
7.79640522003741
9.46585921212568
4.00925600775857
5.10461535515102
8.95042659318909
6.72121859932922
5.79708678845934
5.18631098344641
6.46056279346838
7.19408362066333
2.72313366031178
6.99299281924213
6.52044271164996
7.74216004321982
5.65445908803252
6.21482242208117
5.03431908918061
3.97277527808224
2.300595724278
6.15302376843942
3.5934444123544
5.84726155457058
6.67295644018094
3.07690542848366
5.55310217357775
6.52511669373975
5.13659747007547
5.13659747007547
4.30101942333266
5.84023899991205
2.9071646475119
5.1806211439506
5.48920337375708
4.36490701421551
3.92739851845213
2.66180109257006
3.93056084764932
3.46609380697122
2.70545331350326
5.76979038328783
4.58660966532082
3.27826902555114
5.9127306319179
5.336341572189
4.95132407535216
8.85629676886813
9.23111387141816
6.02259914284625
6.77537909667059
9.60685170488826
7.3042406650392
6.46105416272215
5.22821709913755
6.24790399119067
7.8505087323625
3.36098652560401
9.25481063976918
8.41039469610306
8.398585154919
3.46882761069705
8.47664024260822
7.84395992819188
1.84056952545754
4.56241354480504
8.31166195011008
5.88999764409571
8.00589973624125
8.6318894698921
5.37345866022498
7.71174035524842
8.68375487541042
7.29523565174614
7.09553049978663
5.97356329339819
8.56858607342959
4.83226576427283
7.47717437569192
8.21755044727464
6.94784940560245
6.22395175019346
5.50661934159133
6.77537909667059
5.45280338578272
5.00200654524459
7.15899096444216
6.88316289706214
4.31471867817681
8.07136881358856
7.41923540946383
2.1065058263309
6.33288693346195
6.18892805802864
3.17778089382498
3.93056084764932
7.45650520369919
4.71019181409473
3.61623591370088
1.81650558731045
2.7790763804936
5.70016223117343
5.28608764236494
7.01074791053021
10.4222776114173
5.98040870320526
0
10.4885231579225
10.4041078607861
3.1143858323237
6.64262594335726
7.71018051219063
5.33291743122797
7.61770792652521
8.23271119108403
6.86660718677439
6.20584731097276
8.31492933605794
6.90704384203011
6.7073386900706
4.68243491091736
7.06269302915394
5.15319630782734
7.02392764534251
7.18850957937943
5.91880853770725
5.65334065879626
5.03847123700522
6.526419235018
4.42376251788752
6.48980900480995
5.9046212722221
6.48398461825408
2.49821309086634
6.81571191619705
5.91334236518817
2.62685433563442
5.75602188047439
4.68303501375298
1.57318922095453
3.68160098599672
5.95061215942353
3.99967890794862
2.32510753122004
0
1.48794799801277
4.19426918689777
4.57425663977559
6.40926647261076
9.95412950683119
4.4745156589296
1.81650558731045
9.22700530048329
9.93595975619996
4.89433064863483
5.4346882116228
4.54849141631523
3.0144147669283
5.29920526222555
5.77839146854019
4.25318310817893
2.87047468689912
5.93931057288832
4.58854117773044
4.51758764236694
3.56964637053822
4.78618646290772
2.40133137558975
4.41050356674705
5.43052211461599
4.28101633645117
3.27772189562663
2.66285247383559
4.12792960462313
2.8978613983312
3.8763849262145
4.80038908493162
3.90091327911421
0.837159533207263
4.25522033889968
4.80055382480904
4.69939673691756
7.79348953503082
7.83474847101571
3.36757611194695
5.73127252005462
7.27859982061031
6.03714656250505
3.98616108887914
3.33537262407362
4.82332062208641
5.52225684808455
2.25575397547592
7.91093766199575
7.03880207947026
5.95191004977779
4.994110445559
6.58893554533071
7.33109203069315
3.62377434243061
2.82126413302734
5.13611063709286
1.1644377587373
4.76825925187611
5.70380015546074
2.3666453289886
3.45809390767677
5.18814462472864
4.057595167381
4.47955710028683
3.21671476216524
5.41954980042561
2.48671522163907
4.05757195837406
4.85461330139254
4.1522788747568
2.46250863694818
3.19074066644947
4.38003193825533
3.64432590720863
3.06117166753605
4.32885880995248
3.492635459341
2.70359795245259
3.60382149313881
5.10097348708807
5.81834737843369
8.49057003912603
8.7612896153704
4.70998265521594
6.67658516999666
8.02581050195705
6.73422706660026
5.02577712458261
4.653546026039
5.86293665778987
6.2694675294313
2.41425936352393
8.57385227210946
7.64744596052899
6.94096931690756
6.24123292285358
6.30106443716246
7.78985816419704
3.74571895947926
3.19965991196124
