6.74964377786904
4.88224172294112
5.03213267243787
6.56495911555113
7.02807391877
3.85934882451008
5.70145346997339
5.28652178602677
5.91903324132648
4.5286696220456
5.78850856219328
5.07693463932554
5.04141069317842
4.96384419922421
3.21327982066691
5.65803450456056
4.82810629502147
5.48053738185088
5.6009009572533
6.88494921177357
5.73851975429528
6.11766045949618
5.70145346997339
4.82810629502147
7.1478451530989
5.81873858321338
6.42004339786566
5.65633968870819
4.91776566908824
4.88386819044067
4.50283398514162
7.39789182145141
3.99696762155206
4.40761384179002
3.88508852604684
5.81364592815533
6.45332391819552
7.85758099926804
6.54324025759681
8.03919794234375
5.77923054145272
6.81848677206877
6.89323854202538
8.33739783746618
6.03361965504163
5.82403250834041
6.77368480518108
7.62766199129706
6.14916597453325
4.25934935979284
5.11400092364744
5.95397134599958
5.96383520821417
5.27576749106046
8.33739783746618
6.44855133898825
7.18036333524209
7.5593811041456
6.03361965504163
6.40343755772305
6.74964377786904
5.6009009572533
5.15471171080488
5.77923054145272
7.95574667384943
6.0383922342489
7.51602679394144
5.6219413465765
4.36950065180829
7.95574667384943
8.33739783746618
7.39789182145141
6.34497352474543
7.33122784320159
6.94842560972794
7.19789450986826
5.89878427829702
6.47657627934698
7.39789182145141
7.37622409406768
5.92831126206703
6.27022175478882
6.69668412552306
7.10403703332271
5.65633968870819
4.60749854236285
4.6880523258661
5.00764765942491
2.40066598754066
2.23872733362141
4.16763018351809
4.69424878108408
3.14031926226683
2.83177264250278
4.56940920708317
3.6230150437339
5.81305553417774
3.64984408462825
4.57660172226055
2.92861990806166
4.51470426459828
3.51536451338896
3.91495375695281
1.85862442584892
5.9711694488152
4.24135506804753
4.97141770242425
3.96492627875365
2.6450301812076
2.9741313315689
4.29647843189654
2.12773521235403
3.65769683026237
1.36333534478969
2.78179782089781
4.38442025439461
3.02841559037439
2.70449915641568
3.44470878238555
3.26667029239955
4.98494923916554
2.60823209240479
3.74927105601719
5.00550180032917
2.16874321954253
5.23331392872618
5.0646982881424
5.48629697731348
3.77449463862843
4.92608448023489
4.12716332770417
4.95054104044033
5.5360729155286
3.91218147210468
6.46645852987444
4.8195167876812
5.35527272455435
4.81606146920103
4.4552519593811
4.95054104044033
4.43079539917566
3.94572713701968
3.70697982973457
5.31273124882045
4.62245240876339
2.66403230060176
5.67863048798456
6.46645852987444
5.93070259300128
5.49560605971468
5.27881598883816
3.93765217721217
4.55467893077003
2.62302429341325
2.78179782089781
5.27881598883816
4.43079539917566
3.69507731853414
4.26978371968765
6.3488114710509
4.85652832501496
5.6069046205151
3.7340277828145
5.31776645311852
3.19978823747491
5.04996801182925
5.31776645311852
5.48629697731348
4.29647843189654
5.31273124882045
5.10745352004781
2.5743168324225
4.63000563718921
4.03715921169767
4.58703137769979
3.58567929066331
2.28650873983859
3.84351247993822
4.6408389737567
2.49476391674385
3.94848551377965
1.77698391747716
3.46803223183978
0.990578162118474
3.88174221866747
1.57732276744579
5.01240005561407
1.56528456327198
4.35448166515379
4.02148693101568
5.03588088196261
4.56708349635569
2.28650873983859
4.91217307751207
3.00989697735373
2.71149391716655
4.2598540478644
1.06999548221275
3.55686028013228
4.02494224949584
3.80347804960885
3.1239003505974
3.96115953876175
4.16760252282519
3.94240457340133
3.39686103604095
3.39769454515867
3.78020111114463
2.44416416356992
4.99333940622871
5.13612805481593
4.13420946789008
2.54919394944388
4.68610995773743
4.40258427173154
3.58740459323129
5.32057516078417
3.54801600099193
5.15262655819724
3.51119483096448
4.19561848420595
2.95149144880295
3.09211551217206
3.09211551217206
4.68610995773743
4.12481117900372
3.98240077376195
4.08743055963591
4.40258427173154
2.93945324462914
5.4386559654871
4.65733747713801
4.64069760316748
5.13612805481593
5.20292810196064
3.64431231463524
4.24541882220534
3.20678299822578
3.06157119907304
5.53413054739993
4.35490751229814
3.45510279603668
2.38510731382394
4.95942414624642
3.1359385547712
3.94455149855292
2.36474684347563
3.94848551377965
3.1239003505974
4.74070790326457
3.45319643272042
3.63892038683085
2.51460789629451
3.59214147857669
