11.951289256919
12.1708947414389
13.3331637801178
13.0920855276439
12.5207760181785
12.2338093836349
11.3799797474536
13.1707187902885
12.077197020534
12.420989084658
12.5388566777238
13.8949001645649
12.7156918584389
11.763083942998
12.8723042215397
12.420989084658
13.698763363833
13.1570086040241
13.313620967125
12.6382795562658
12.5534042390279
12.6857120048747
13.5968185265463
12.5089029800657
12.2221486517328
12.1553884272009
11.6329419777659
12.5483752191615
11.1447341217082
12.3607394552125
13.5230084938914
12.0635458469353
13.0621461170026
13.6960597316397
11.9881100708095
12.5027408241478
13.7647581993328
12.9573150343806
13.5170658194544
12.7073129699354
13.5314460219152
13.1271679634728
12.3849479468162
12.51934226001
11.664534928586
11.8614371183499
11.8211472916869
13.0022333890748
13.0604925768237
11.1983087028024
12.3787610148336
12.5776014477588
12.1645480321056
11.301346484809
12.2539544002499
13.0417578351587
11.0145921564761
11.5907139079415
11.932554515254
12.7315101786664
11.5035654015658
12.9038802137229
11.7227941163349
13.3593397252798
12.120190279203
13.2609865499278
11.21149434624
11.1243458398643
12.3522906169649
11.8558785773269
12.0568087386901
11.0813523810079
13.3984301193775
11.2801928139331
13.5170658194544
12.4234080138689
13.0287037869436
12.2916125084579
12.2310180037552
12.2431107024729
12.0204960918568
11.4116507014053
13.9294600570337
10.6122296555623
8.1270066632215
8.56754891954088
11.0538921784297
9.30360087079413
11.3752831492057
8.86193834792672
9.53403425453951
11.1096824917487
10.1495534178389
9.24841975899987
11.9803445872207
11.5386820643533
10.413389222637
11.8042827218103
9.93950831593742
11.893196080845
11.6187662999018
11.8843669573589
10.7011430145969
9.42776418067032
11.3847733334458
12.1456774537212
10.8902190192161
10.0624049114632
10.2051089733945
10.0606400588043
9.30172752673029
10.1161956143598
9.01573858742935
9.45628084374871
8.92859008105365
10.3356176723716
12.0233616736338
9.96071537403604
11.5816991507664
11.6275954233879
11.1745784685986
9.99650893039117
9.90340994002887
9.4286672557379
8.51156567690131
8.77277399964133
10.1495534178389
9.99387983427246
10.413389222637
10.2594804917295
10.8550517455044
11.1206524029615
9.94485892492516
10.5374698553833
10.415154075296
11.5854084964227
10.3817962718169
11.4938895836367
9.99349236207671
9.76344645052707
10.2390922098856
9.695114716579
10.680754732753
9.83020667505888
10.8550517455044
10.2594804917295
10.4227661787473
9.98110365587993
10.4227661787473
9.97349155242857
9.56460601760182
10.624618361759
9.0630445970814
10.7813375267886
9.6207423885958
8.63524321103682
9.49784579307001
10.2059732168542
9.906343855701
10.7679032391287
9.91912003409352
11.2845055424892
10.8331837366878
10.8762008231009
10.029718193011
