10.7467401304008
10.4133061929246
12.080871678807
11.6349423994998
11.2684260397372
10.9835350377751
11.6560043670978
11.2781460811171
10.799896315858
11.4767727780383
11.411589747915
11.8814829641357
11.9676753027438
12.0909111006679
11.5328379787389
11.8068734163449
10.6263541752531
9.70738934208497
10.2421005926194
10.9192692345502
11.5494934241214
11.4868864821676
11.6230978860591
11.5311200541248
11.6661170228168
11.5815757947353
10.8249747395506
10.8888583323825
11.0047584854917
11.6158792452223
10.4417294871824
11.1928993449165
12.5001940622211
11.8617297653263
11.6706013782941
12.2775929520465
12.1820650882319
12.5964206089031
12.3507126482096
11.6591206479899
11.9416544447804
11.3722027535207
12.1032875288576
12.3503873640386
11.0240476992603
11.1251045667815
11.3263283446294
11.0719265970423
11.3164306460412
12.0304405752591
11.1440261190196
11.5787140520135
12.1619585562708
10.9740068219237
13.1882593597063
10.8003808380105
10.5071715523233
10.0819773105234
10.9243121599013
10.5970066443623
11.9278419472081
11.0683716341293
10.9731943104655
9.15237574820589
10.7442257112268
11.0079913677171
12.0103491470893
11.7166768428295
11.3413764497757
11.2251040876038
11.1488852167791
11.4342230228082
11.1488852167791
12.6741529218297
10.2444150218771
11.2576583078497
11.6588654082647
12.0555621537122
11.6369338205851
10.8903199720126
11.7032353995718
12.6156246094417
11.6069765434204
10.464648257158
11.0124337575644
11.0942330352897
10.6133080889487
10.7716096974118
10.5616474536691
11.4991618276103
10.2417896212814
11.5818271844739
10.7775842942965
10.0121487337722
10.9568356183556
10.9908620783766
9.50073161817879
10.583309969148
11.107518435489
10.7324554358032
10.6963971779411
10.025497227636
10.6018775539694
10.56394462883
10.5503209436866
9.99739094445949
10.4112209597934
10.4846871405925
10.525729334439
10.1714158683079
10.1137470027296
10.718215587005
9.99641866812323
11.0959234653599
10.6995996791951
11.5706577990292
11.5001720032127
10.2820445999941
10.7517952093372
6.45843108401088
5.94361621525562
5.65976593996196
5.62487472234728
5.05709460308802
5.90087545096888
6.68863986014863
6.65360380928963
5.70732564187912
5.27526904755577
5.45942183226756
5.43369537897332
5.99950734162702
6.06852586229672
4.08508045490288
5.4903409381422
3.35505046898034
4.19923201779855
3.97154019241102
2.71090272379799
3.89625820959316
4.12610342120614
5.28301473904416
6.03063154636168
5.87364212643285
6.00471449807246
3.50265176268109
6.45549074075642
4.97851321287442
5.90477918728884
6.56151084158467
5.58458911091955
3.8041823506937
4.27280744978002
6.63213555006857
4.96802864890662
5.35593567977399
5.97388052855211
5.43067013068717
5.05957010402171
5.75097979709443
5.31865873065941
5.01524022100308
4.49497752545394
4.31466373655051
5.13102622568681
4.56629290393833
4.57980932366744
4.34938793492407
5.53807999580433
6.02042435581712
5.02152041282645
7.05255794128345
4.54881315373297
6.25855126437269
6.44300567710605
4.74959684663636
6.74657185721779
6.68367166588832
4.98421682716594
4.98998526843616
5.30598896809338
5.02783825030599
3.54148966526349
4.92642223110343
7.19698417753581
8.17829839580532
4.99138699656534
3.22137143163574
4.54439126061813
3.68545356794784
4.08030912430604
3.88598914986099
6.97622867237536
3.90151554338753
4.93364912885385
4.53064349570503
5.35958897004394
6.3074026330221
3.89538455910927
4.67339188508588
7.78741075471961
6.77221530540365
4.94631118245858
5.3176932061254
3.20176213932091
5.7022554829632
2.82378942507808
4.61771037498784
5.26505569861842
6.16178045624792
4.308513883148
3.25320581076778
4.53958172831072
4.83717493968329
5.30129122208686
3.64657943283382
5.81464787306348
3.95792494386858
6.0300324053279
5.78873118915747
6.30087155188606
5.41726774581653
4.26514613138566
5.92305292450764
4.91498215762871
4.12861333484084
4.69116633194685
4.77977256911105
5.03100552394821
4.72371873135919
3.34745398354514
4.95933924574177
5.33427810036102
4.38071198407708
6.1795198640354
5.77230516594177
5.48062235953225
7.03973169920712
6.56091874646232
6.9851368691703
6.1389209227704
7.38991686352762
7.14136977079385
6.57959345332721
5.25452376832168
6.5694317674032
5.73127104819177
5.3160256119524
6.15961096133985
5.8905163064599
5.74367383349231
6.28919454005376
4.40619151119425
6.04312237145463
5.4202797929287
5.97020895850704
3.80054746373164
5.49608406171582
5.65619657792499
5.46749304700943
5.1457039418191
5.57514660284988
6.47447460524411
6.02592694102392
6.65629865636637
5.36791712247593
5.54208164205686
5.50309640438305
6.46355637203053
5.63545392493957
5.3071034266878
5.70022712856337
5.29533149863691
5.74181970216662
5.09396357089366
5.93950847395676
5.59865032088814
6.55788152428992
4.21613731540837
6.13653717756165
5.14523192137676
5.15538812486392
4.37257550186841
6.62318919700063
5.65703552270384
4.37726555305171
6.52661215527657
4.92253228913525
5.63825611245244
4.31282533761553
4.91816057204409
6.45732823309941
7.26982552723941
5.5470658817032
4.87808359257483
5.76182903437301
5.56045785759764
4.64564479931755
5.16519109292675
5.32294067828509
3.44548964192089
5.62764310770413
5.36082954774241
5.86392706514373
5.2913291884276
4.68743188654251
4.46459853397296
4.78975657279227
5.70358528709578
4.95706555266575
4.81682012271409
4.49762158143957
5.29858434610036
5.01936097019968
5.48250745678882
5.81942575235085
4.77333110513926
6.41334238751823
5.91106256740804
5.04157019674241
6.35727936002767
4.65767706933503
5.30976627675409
5.38251247519789
6.4054135071847
5.60082855199421
5.35733083527516
5.40981230784981
6.3318416518379
5.22629838018843
4.88584975503731
5.54102209551306
5.27192744063311
5.1695282489425
5.46987353846307
5.04290972924127
5.17882764850638
6.0750433147076
5.31068141260291
5.61038847731897
5.1110240197573
5.14912264932846
5.32282789846956
5.34602417218476
4.74489398570885
6.29120518933009
5.83985751067318
6.33543134927991
5.01667119484158
4.19961272263846
4.76826278039065
5.72949447212495
5.23499578553944
5.48881537169861
4.23113331004905
5.47704344364772
4.24290523809995
5.29417349241961
5.76143542680606
4.92111131411037
5.88181271890778
4.25960484203328
6.05570654235748
5.54324997140848
3.69192356090456
1.91583412788447
6.68459368401115
5.66939823469519
5.75215523716087
4.42100215656851
4.81847172351567
4.80475670358901
4.9787057958927
4.62778097328291
6.66819301259501
5.10005536247449
5.71519556709665
5.42901769956945
4.4709415214909
5.18216509531263
5.77528359151061
5.68396713140008
4.90318488858905
4.97165027046475
4.64335707504766
5.94676948837288
4.76099182031152
4.36949868871584
4.77066673459584
6.30640413759475
4.86462241881977
5.81541261360689
4.2450647342211
5.14792937566678
5.41709732824774
5.75154508175474
5.13234270174628
4.41008332869087
5.72045334246141
5.00321759569205
7.30194423593536
7.08476385595305
5.04548231069678
7.08675254574396
7.15517823992586
7.72522081848775
7.30044307665129
7.16690834498808
7.27928384245678
7.05279046129991
6.84326611265846
6.16216215240748
5.73406798258988
4.92907275299179
6.04111476406113
5.70548591399344
5.6402938948724
6.08488590316616
5.22346718752465
6.83188783236216
6.25560077299098
6.25096339298192
5.57200317649302
5.12423817416028
5.70130879232569
5.96304566906136
5.90788093788562
5.84679819318528
5.96902395172965
6.55975698510316
6.31047993432924
4.60006976740931
5.79167574957729
6.39553044032956
7.37493938918792
6.76232130824875
6.46589122672503
6.39546010749304
6.25222180897922
6.50259431124353
5.89555989908995
5.70032850794585
6.18807778663655
7.19107864521513
5.48818171653284
5.7499903494444
5.44576246717279
5.6226157270803
5.06926820468169
6.58721895642917
5.6078100075708
5.0537034358593
6.16058585280772
5.33980511240386
5.9052806096153
4.92132543200816
3.19516485004884
5.84759667200526
6.9615373396152
4.92744622845062
3.79067452938509
5.18192226590722
4.4115769709071
3.93868153971338
5.76139101834227
6.01428265129768
4.03940386395771
6.41010630683823
5.01312333652017
6.69610998891584
6.41548984729915
5.1249672534798
5.59611430063406
4.90570996749425
4.93238674610366
3.03352457438927
2.48846233925407
4.73746239434704
3.82853722161205
4.1799737651605
4.81442505386438
4.38573471341448
3.82709635399366
7.05210296129159
7.38596453488586
4.08541547102236
6.98589498098179
6.66265073077457
5.4289244019313
5.34677199513679
6.71680032610185
5.63921807112094
5.03931658001545
7.11623902275626
6.78418373574746
5.34756563984249
4.30659427714975
5.07785714138286
4.73449855967357
5.22704960544424
5.99240989452647
3.21995325544098
3.76034849248243
4.14010369899562
5.22094314762021
6.32599682219703
3.45641318673706
4.21737881960796
3.67946667446883
3.94170089020695
3.88445610751153
6.63052058649203
5.1176950692868
6.64399154035091
5.76761896735318
4.33777378572761
3.8118538046521
4.73200424820673
3.48857042286905
5.39943690760393
5.58945098154418
5.31340105272371
5.67548683642442
5.1076073947855
5.2412909745111
4.64200608384657
5.56215652740121
5.32501244684843
6.40840996190642
5.79060331711885
5.36620376993005
4.73302639494218
4.58277408310168
3.67251173170547
5.210411861877
6.28637590729347
5.8359829717907
6.08845856809724
4.74884250265087
3.77435507574698
6.21239557958814
6.96542911319945
5.3323022987249
4.45364686249633
5.11274934936074
4.263600007322
5.82042148554729
6.31070630950654
6.75894245270911
4.95093409957655
5.96598639617257
5.08910732292469
6.4441302865103
6.58454620502145
6.00489990961596
6.34554630336415
5.48319304089218
5.74542993961288
4.93711459650997
3.77022749247553
6.06167224056981
5.24321457762806
4.11002965097015
4.75570761390101
5.03884752884749
4.57728503251605
7.79966116577742
7.30778542777972
3.5666586966194
7.5175828425036
6.4888587721134
6.61195439383454
6.79076142744697
6.77734813867518
6.06055288630524
5.69726172083183
7.46539249461596
7.64029328748941
6.0980426979634
5.44287035748764
6.0980426979634
5.98693158685228
5.93935521769016
6.83267069333368
3.05797462383237
5.28235290142929
3.96823697522859
5.2445857799812
7.19050096225495
3.45891827344939
4.85904807098284
4.24700592665589
4.69709234946225
4.43309246948066
7.06357849773934
6.11457002823847
7.03295402423137
5.40222314378112
5.34623676901514
5.15612444720687
6.08744350739355
5.80715508638774
5.15887399023103
6.00184532358241
5.13851340014443
6.01361725163331
4.93271974220622
5.68741138254235
5.43735307043226
6.34761542182848
5.92754492501774
6.86037076337165
5.50869534478657
6.07038415999031
5.17991793016839
4.19053699698234
3.25603434084786
4.86042177492128
6.57612955825336
5.41424170330443
6.18692243625039
4.17010392643725
4.69189581365874
6.72167365561559
7.28611715228737
5.81141130421937
4.92003543472363
5.03529794399974
5.23786960344443
6.0472693227532
5.55518812124382
6.53305320455107
4.12445886332915
6.35780798771533
6.14839013290194
6.45714717077554
5.99731501212953
5.75552487007351
5.98624753505283
5.52397489680092
6.14645854387187
5.52943727160352
5.16245696067821
6.10248609838423
6.14036034153803
4.77649597146021
4.66652216067654
6.12842181945969
5.22067300534103
7.55028612623497
6.50819331898491
3.86339169550723
7.21616783986677
5.65665682972387
6.75269055231662
7.09707814100384
6.891251810424
6.54657286139076
6.17355678401678
6.25038209139574
7.62690392176948
6.49189385712989
6.03774819729714
6.69292053777289
6.46368959738032
6.33244450461878
6.71394140600684
4.58945416527572
6.3727128630477
5.60464961459167
6.30957494410773
6.09021818067685
4.59278506876563
6.17796335284315
5.74318478476373
5.76638105847893
5.74674967531592
7.39433261323934
6.88245769944702
7.2389516412602
5.69842215319345
5.39341291752549
5.6266690521173
6.5637576318223
6.85939101287215
6.19722549261707
4.85750558943876
6.18545356456617
4.86927751748966
6.00258361333807
5.68789562318386
5.96280615337007
6.87306850476629
5.40548313005863
7.15115776532433
4.95703679411901
5.26310685354427
3.25566738327025
6.02736823052001
5.0211213219207
6.87477367265231
5.59750009459085
6.53078082581696
5.28199046244956
5.71861965062706
6.01643218494452
8.06833362764877
6.27655330049684
7.08701940937925
6.18718979405553
6.14554049965361
6.68350335333706
6.06826920970642
6.1707557276177
1.6585114010554
6.33721231278513
2.5020816494698
4.05474502358729
2.13121866014887
3.23322471407344
4.67862732335809
3.99027638935522
5.25195549679847
7.02392359527837
5.57506579557688
6.33327537025703
3.61321742863367
6.81272515544524
6.21226505028641
6.03125055663697
6.90236186654263
6.36228756901601
4.12153035603938
5.27827621177147
6.95673392862017
4.44094159571075
5.70873884665694
5.76050637717641
4.9080404370801
4.94245029640808
6.06900350159282
4.38001049637649
5.66154198639292
3.62884161181154
3.24331663891812
4.36524564848672
3.63682573308917
3.94803592602411
2.78301216512517
5.46568011969894
6.36588931266705
4.33601881859701
7.381084761983
4.33601881859701
7.21863701400068
6.52595526160914
5.18007970736068
6.85574646656927
6.97638854368926
5.09612284073847
4.52738369734077
6.00275793663798
4.32386932163927
3.68206951299562
4.99639005011131
7.30936178604661
8.27888264274655
4.17764166726124
4.90194847052832
4.63060485933347
4.89332334774694
4.57671739322758
5.09385892966009
7.09919035821538
4.61458891309206
5.57504888073954
5.06593823308145
4.90171123791509
6.63906299935754
4.51732462831387
5.61284353973831
8.14451836164
7.13442758363245
5.25636438053663
4.72425590677382
2.26360982234414
6.02753990604728
3.72043183082695
5.42274241470483
4.99504771898621
5.63451825817003
4.03458775133873
4.33721066399555
5.60756909118081
5.33120221723863
5.697665317817
4.0578701905607
6.49023168835186
3.71437640034541
6.4809648470133
6.21320483390613
6.44335925569412
5.58582211999601
4.49452530494642
6.53685560535427
5.44324903496311
4.2282106450226
5.23772531835701
5.58438430805555
5.79174661480774
4.98649219769849
4.31989191329579
5.57069546777088
5.26548892391465
4.30025617526947
6.82965797543989
6.04422199790851
6.28686826569989
7.17038908636669
7.12670486413466
7.74237639339274
6.82377380031809
7.86320148809754
7.62226812657287
6.82382513031857
5.30178922668543
7.06182466348688
6.48685377400461
5.84027082591573
6.77756370123959
6.30531225451211
6.42027663967822
6.51659550231695
5.14445284996826
6.5884353498194
6.17658643543459
6.26320693944601
2.55738245030968
5.71265894919122
5.97263477691344
5.6578215300909
5.32975083574207
6.0731608626893
6.89108486491409
6.45123419062659
6.98104644663137
5.69179288194035
5.76127120073367
6.06986591714014
7.07944263213371
6.33198624842554
5.76785680185869
5.84157947851352
5.68182094697846
5.92761533339375
5.42766026384357
6.73489461258369
5.88701279611142
6.91914638157774
4.53989198055452
6.55314743723162
5.60601932388758
5.94339646475848
4.98280490081772
7.35476365945789
6.37535471059953
6.62550860288314
6.68755341209295
6.75694799280966
6.53681349310462
6.66743751286366
6.39356462031276
7.67858724596559
7.43076678405578
6.75843680241095
6.52740688873061
5.98243908955243
6.90162415226927
5.94318430972123
7.15751595124578
3.81527293107526
5.06797095532575
4.65201770664748
4.34498889782421
4.25775020543903
3.98571704142572
5.65808162321248
2.77243801884904
4.92021275350056
7.18888551454144
6.54036676656847
6.50496900363309
3.69919999669018
7.03385273420314
6.48657927551707
5.43515257834635
7.13987283503138
6.5760964462017
4.58368547780643
6.18546896501112
6.17628301403739
3.25443639242877
5.55625139178884
4.87282652831779
4.55434287446712
3.83574967592101
5.0945916791501
2.93219496620382
6.16987770698168
4.89807598586121
4.44006697402228
5.86959593482344
4.71026657121176
5.04219884583154
3.74652894499036
5.13202381391208
5.93686066187251
3.6425392548449
6.96899424733883
3.71109832781169
7.34064036299805
5.72453613823848
5.2862502956298
6.31437133448606
6.56599923570981
4.63811276947889
5.80716841025771
5.9990104536435
5.11898241506325
4.26549019491295
4.31201073367029
6.39754820609715
7.37695715495551
4.33756622732351
5.06967303666495
4.2279718531026
5.21345550100214
4.17027430143566
5.59735213287325
6.33361638159191
4.36084529932209
5.31301920637495
6.04322030975207
6.1558079125403
7.13033355423745
2.9155896259366
4.62007699102946
7.88499145836452
6.90509141077631
6.09846036392448
6.16050517313429
6.229899753851
6.00976525414596
6.140389273905
5.86651638135412
7.15153900700693
6.90371854509712
6.23138856345229
6.00035864977195
5.45539085059377
6.37457591331061
5.41613607076256
6.63046771228713
4.73506875071391
4.54092271636709
4.66442049194802
4.60608928717242
4.62681490062884
3.81274478878581
5.13103338425383
3.18594599531584
4.39316451454191
6.66183727558277
6.0133185276098
5.97792076467444
3.55604838960263
6.50680449524447
5.95953103655841
4.90810433938768
6.61282459607272
6.04904820724304
5.58344097585856
6.19787175031166
5.64923477507873
4.25419189048089
5.24387118415015
5.10190345416777
5.47413869410577
4.2492576523878
4.76807902210459
3.93195046425594
5.17012220892955
5.26714068105102
4.96711521298093
5.34254769586478
5.23731481017041
4.89904723874399
4.74628444304249
4.60497557495342
5.40981242291384
4.64229475289703
6.44194600838017
4.71085382586382
6.8135921240394
5.19748789927983
4.75920205667114
5.78732309552741
6.03895099675115
4.11106453052023
5.28012017129906
5.06227649785448
4.97583080797569
3.26573469686082
3.78496249471165
5.87049996713849
6.84990891599686
5.33732172537563
5.08207582196549
3.9014591960571
5.07030389391459
4.1826770867362
5.07030389391459
5.80656814263324
4.37324808462262
5.32542199167548
5.51617207079342
5.62875967358165
6.6032853152788
1.91583412788446
4.09302875207081
7.35794321940585
6.37804317181764
5.94277648350429
7.56263335295581
6.97760285128145
6.85768520447877
6.61898547216256
5.96801646713749
7.71267322099373
8.42189968026401
6.79629257811479
5.55539912832624
7.20857384627604
6.08925731356229
6.25779037885804
7.47774251148493
5.1859273581155
5.55144873453996
5.36977320254978
3.61743727470303
5.35541535092837
5.89666525432352
6.60204610781057
4.07122819725092
5.35507857380114
6.96794488395098
6.06416563668537
5.68534285421907
4.87162649673772
6.04947984025271
5.81370910742005
6.75405883779752
5.99891654171493
5.51387717056072
6.05646730939635
6.59466952504815
4.80408147272413
5.76244739346984
5.21510326988438
4.08935364308429
4.93453122695936
4.85708613252688
4.21258230320768
3.32211534898787
7.06972568366903
6.08457286917118
3.86602711543465
5.00877863443279
3.55388932368053
4.51176649626946
4.5267535285693
6.57085033937063
5.33397549845808
3.50891208716244
6.25412594201271
3.70514168592989
8.26982484985675
4.79643082310383
4.26510071579407
5.60284611933293
6.12857441148788
4.26235619140229
6.43614376877759
5.45036843837435
5.92596429801133
5.24710907688734
4.3108573260265
4.94237305109404
5.85263540249025
3.60715557497767
4.73380728110977
4.93637147680987
4.87758974544696
4.79258901247267
5.26148637731806
5.86244774448978
4.0521453349104
4.96240768630661
6.03907544985974
6.78754760264181
7.51551067241108
4.93325170578977
5.56072272662836
5.97517794729951
5.0649155959033
3.74717539810206
4.4674788377317
4.49745416616732
6.54732730906404
4.71875695711609
5.75536385510642
5.96855876779307
5.3939195679355
5.00809880014559
5.1545249215022
5.81956082907517
6.04138566030124
6.13953445508236
5.20487309270163
7.13300490544198
3.28657027936381
6.9448550951594
6.1242129355433
6.96467227536523
6.27696100677034
6.0303250451641
6.1119468676772
5.43343661634034
3.94105314191737
5.73948135745404
5.81915174149689
6.30906740289431
4.15529901567271
4.96896103479014
5.69798988150006
4.14534513525081
4.61276980633531
7.97439888912626
7.05495095186919
5.14789438532578
7.4436153821509
5.83198268372363
6.56281434757795
7.01302663496949
6.97409301131741
6.3405182778445
5.85865174770658
6.74837825545782
8.02914247820982
6.91347469140221
6.38517670237675
7.15643956660985
6.88225390144703
6.72469402386999
6.79615273738485
5.51775055188664
6.3252396161863
6.5329460012026
6.24941367565753
5.13444821962462
4.74773743772034
6.21488323730593
4.95981691013061
3.75339749983369
5.74867167505948
7.74908489344229
6.86502081258669
7.56543966683376
5.93244512760202
5.31145852813979
4.80090668037178
5.76136664801926
6.84606092961698
6.49324364677487
4.94295231584406
6.40720779189463
5.02898817072429
6.20141413395643
6.19582346621803
5.71244013198863
6.74457371745495
5.77668776372373
7.52697426885668
6.29047320988481
5.31704734605165
3.25723772054627
7.0510499201033
6.05341352782496
3.93266374619579
5.74219363855686
5.44374981344258
6.0416386594002
5.65291068836184
5.09195336232928
4.06267875491694
6.5463043806054
3.21006835543
4.69568972915314
6.13667876413471
5.53782905186798
5.91208005993691
6.6687780622383
7.17486382536285
4.53365950226791
6.72973690921259
5.23073140463287
6.93735827873962
6.98455454932931
6.1730929928699
6.32867969021317
5.58621875810692
4.84697243296191
5.57660113973746
4.95102160566581
6.33656817017835
4.5714466704358
4.69668584548888
5.89477392909808
4.47247622453129
4.19964369722878
8.11408339464067
7.88299754583479
5.16194598489702
7.51792478864776
7.16597670306526
6.84573395591294
6.99374875566017
7.31800305031428
6.46512673364705
5.77981406970108
7.62168790717057
7.93703072514864
6.52461536057332
5.74505291331032
6.52461536057332
6.33656817017835
5.98434463029286
6.76050605308373
3.43284663262118
5.5256597227811
4.40381644337263
5.2851999342858
6.79159937133966
4.47454032523795
4.905912866353
1.89031726606079
3.3851053807369
3.89971328591
7.42723075649527
6.26058282577564
7.05917303227452
5.74952463146438
5.43789534340474
3.47539930204405
4.39554974559869
5.90916274708527
5.56495715421539
6.08549989497656
5.47892129933516
6.17153574985679
5.27312764139695
6.53011828372648
5.62342043341742
6.59439024416887
6.48463902698988
7.20512013190966
6.41127760057575
6.07072610613447
5.45624394769781
5.79217389828814
4.80034983691466
6.50166823830587
7.31612456711495
6.43248364843108
6.31862778778652
6.44132036428194
5.85889232212333
6.73005068152489
8.07893495994283
5.8775565760739
5.38817419107159
6.97796401236616
6.51733285913079
6.1890110698785
7.54716529502826
4.51872306248087
5.44224895938132
5.14775460060048
3.45098733900991
5.0202317631782
5.52994297874321
6.42215568771992
3.81973570923304
5.9378894928591
6.50903363160158
6.20402632603832
5.54007016155634
4.73333176508755
6.05235541833767
5.92224372768547
6.50135483382269
6.30284045520892
5.66341665816211
5.48382930862569
6.31702077695728
5.9077337980326
4.80055770395699
5.81373894573639
4.41658851498814
4.19452306495568
5.31884944518613
5.06324450493255
3.28426071355947
6.54731318123457
5.86023916780356
4.26312959270641
5.23853934919456
4.17639761912231
4.64659979150345
3.57801039504667
6.3729687676517
4.7313691822237
2.85631440797832
5.65151962577834
2.80335839999722
7.84122404947738
5.48703008381016
4.57003383012319
5.14292564667716
5.53868069604813
3.80243571874651
6.45217872549467
5.35086196237385
5.65365322167645
4.75083980151545
4.59873992693624
5.4813545324547
6.39161688385092
3.14222492889722
4.49333626520602
4.96529432870001
4.61121270333968
4.84741789056634
4.96528868965844
7.01358634603565
4.07487495399277
5.01196353369777
6.1023066771665
6.79839775684729
7.07045502294647
4.31860029382962
5.63397920231108
6.6872473276418
5.76709688408717
6.34872470719168
6.91195346646798
5.82508585208747
5.93701325145051
5.30339306924341
5.04222725753547
5.9977133295012
7.67476385929587
5.08745097810498
3.67540506050389
6.39947535545785
4.53594418415633
5.31853165236933
6.04870135618276
4.1945200111469
5.22278817377168
4.23953428057209
4.37408092060176
5.04634475963694
4.60897757190443
4.3050091308872
4.23712060166702
5.93499098964484
4.97799681896266
4.41661576424615
4.31772983879304
3.40524634597193
5.22101018944409
4.35613346238794
6.26614428567868
6.04795020704609
4.88565343844052
4.3290237957451
4.73818163198728
6.37251488580456
5.61758512544436
5.45792171446142
5.12153808037664
4.89631967271223
5.91377515809189
5.64957466541389
4.97159622655327
5.39773996006006
4.76843107149155
3.74443947499991
3.86850250048072
3.3852724783983
3.27173221590644
3.64322606247701
6.11431074000504
5.04966903310419
3.47625011487483
6.05230863246624
4.4345527978435
6.73954273620087
6.10778498419296
4.39631790339229
5.73931749747186
5.76251377118707
4.34904926086535
5.36001260443352
4.93534333641492
5.35369289556394
4.74715253290536
4.62763099309659
5.42003613795111
6.40135035622062
3.0267473041651
2.43605428331509
4.76721753838859
3.05254400674576
4.15072781495792
3.43644063861687
6.75299066846748
3.68942573177124
4.69567264037054
4.45956954799445
5.71141643829775
6.26583818176229
4.67778736478405
5.33258280000767
6.83097567181925
5.92071332042304
4.27061654092383
5.53034534033013
4.08778217866689
5.60791716420903
4.50100931022263
4.93032676534068
4.50091365450167
6.29315573315802
3.57471058139711
3.18547314904229
5.51706244249239
4.70251501382396
5.39689409198211
5.47513488100872
6.53950630836687
3.0318722248235
6.25537529263003
5.1381145439329
6.47334574846497
6.44102001620028
5.0753293180548
5.36880803849871
4.6494490945012
4.19522147846118
4.708569567046
4.63170758131241
5.74036714652349
4.4198095665101
3.70965459349774
5.0672794922577
4.66390416297578
3.31232474799236
7.01631971982557
6.88804515227258
4.92510729095934
6.91729929382187
6.14073838509256
6.21871838879598
6.59023687208722
6.86533585088128
6.15354239444093
5.61214829230988
6.57888653229068
7.29908728458214
5.97018546574092
5.11219062792372
5.88345349215682
5.6536351729394
5.67781384876119
6.24375694738711
3.68191374699315
5.18420198672873
4.59217609838937
5.12117640778253
5.4965225797132
4.51048715206026
4.99487946343333
3.80254474882563
3.85186277032212
4.32346197571859
6.78894184217546
6.112055587596
6.5039585542078
5.24706914772804
5.11976618390831
4.14097363460317
5.10143360225064
5.47011250764763
4.94595312121538
5.21399889169547
4.85991726633515
5.3000347465757
4.65412360839694
5.51281181761396
5.40534024902649
6.34242882873149
5.3053621564583
6.5639681185961
5.48907138026767
4.97155968894682
4.46633542511078
5.70449657543197
4.78434613187734
4.764162836157
4.6627916806419
3.72700734049751
4.44284148596157
3.94881373589362
4.94819219949757
4.68886497611894
5.42560207346979
3.73586753062058
2.23136529447023
5.55019394702869
4.07647833432338
4.96498363631518
4.84667634259776
5.32291884184012
4.04149476736532
5.06066187691797
5.55523546431614
5.47965901339591
5.72304718837339
4.20391453388841
6.08337939561925
4.84351309514997
3.90115813412419
3.07232216476089
4.42663371229558
5.34894087111967
4.21875652417153
3.47730244855017
5.31282515166132
4.55961001916848
3.20803060418505
6.26449251492524
6.61067610556595
5.54909746103456
7.34258240046221
6.59869916299986
6.95962841342776
7.03788259102654
7.29213668590717
6.62764173098454
6.50309523948782
6.4939998991121
6.36079964886809
4.61562915263114
3.49906829295978
4.28151082943591
4.05169251021849
4.81098821977532
6.25379660582477
3.81515408676549
5.36444506503859
4.82213813249506
5.8105314457299
5.07105154906181
5.0043176958299
4.65027441620907
4.35286810375795
4.64944511120743
4.55242417659553
5.56609661044243
6.12573591337138
6.24868525250979
5.06485411626973
5.26001462207875
4.82212174665408
5.83656831453277
4.97190939467422
4.66832409013682
5.99327243476986
4.45465467239101
6.21682994467409
4.09799276250174
5.8532789999028
5.63827298033539
6.64525702606497
4.36222856815672
5.34398598585683
6.05087120527853
5.9792601070782
5.38313062320917
5.88116692369823
4.90175797483987
4.67669098817758
3.86304346712055
3.72886062899398
6.09232680217932
4.21268520162181
5.15014624161287
4.86455191808824
4.77330581851677
3.90409195044077
4.38407515859949
5.69959496265432
5.2988676326094
5.76837427163386
4.45731832491775
6.51975175479688
3.72867513776308
6.51048491345832
5.38181209848168
6.47287932213914
5.77528798192134
5.07866591408891
6.59830196264942
5.66705563750841
2.99852748773424
5.36923417169883
5.2919568814805
5.92654428569989
3.65377075318242
4.40204303924276
5.56541536733709
3.99403158739466
4.61795038195373
7.0058016219007
6.56143700117106
5.98262044205489
7.23183544366184
6.85149468018923
7.51514358441459
6.73348576571932
7.65543560653002
7.38682391400833
6.48552039843634
5.81900422994799
7.376963660344
6.42545725979727
6.03809102743527
6.80935389166838
6.3290505355797
6.30334442209917
6.6511549489244
4.8201495688807
6.53251070274049
5.85228315434703
6.39416486964755
4.00664064892158
5.46199978483051
5.99810966676007
4.71269955197174
3.55341281088317
5.48322696341924
7.19806434949824
6.44802172373826
6.4232460836208
5.24192003409309
5.49210019719086
5.44504976335832
6.4546264783519
6.41070939823098
5.84055495973091
5.61081257584507
5.75451910485068
5.6968484307253
5.54872544691247
6.72856911204594
5.79672476151265
6.82885834697898
5.26429119459177
6.92433241286803
4.79295726600893
5.87257535757033
4.61509322376988
7.04759120327918
6.04995481100084
6.3216410706303
6.56717545964328
6.68638098215108
6.19310929043395
6.34556055148942
6.00427653175056
7.53488071695998
7.31038883160611
6.62461836556376
6.06173701412183
5.81761785582579
6.6473563815924
5.38075032986747
6.85038228262564
4.21728735309382
4.81064822849669
3.92638404218638
4.37830196960746
4.49403416287864
3.789775732024
5.25005958180147
2.19545733860226
4.39872960988465
6.88974379535511
6.00943012083911
5.9762618147576
3.06926978886199
6.61485559772519
6.21637403928602
5.34076724935145
7.01949488258172
6.3814545669227
5.16301614914701
5.59238375346797
5.92474975953673
4.27195537169409
5.12004569601576
4.20531643495944
4.9918034220539
4.33619405014748
4.84688141462099
4.26694274750612
6.08926572591289
4.74935928343093
4.45183890207318
5.41124652735138
4.76656261739781
4.52596567268498
4.35555972764336
5.02775039275877
5.92759382053395
4.55223942484533
6.95972740600028
4.28869285163815
7.29300860899217
5.82638040801104
5.0916084163508
6.36872932802121
6.48341245486557
4.69247076301403
5.42066407178665
5.83669430662919
4.90359788279883
4.0081674680839
3.89913361445315
5.5661083244518
6.54742254272131
4.72703883465313
4.40102446816976
4.54595997648772
5.01751419160043
3.94896296603764
5.40141082347153
5.6827845605918
3.76776008777895
4.78295553709491
5.61169192387509
5.77206790565087
7.04680278606957
1.78445444884781
4.3627542642004
7.6193840024517
6.60418855313574
6.03281358449127
6.30844970856
4.66349485909082
5.80598087171705
4.04870094921541
5.6683751142484
6.45613952342813
7.09893463837267
5.47482530515862
5.04276871083528
5.70088104111971
5.20119504225283
6.10044849420245
5.11074130398448
5.00617321044501
5.25784060142171
4.74885048361595
4.68513980290395
4.89263294795315
3.65476868065438
4.3786216681058
5.16348888158994
5.86306847976868
5.63713422122556
5.96532380500057
5.77221416135197
4.26884415136799
6.15703842138163
4.74601287615393
6.13619342573076
6.28398598773117
5.35208877419906
5.11210012458912
4.17758354115043
6.46404404310248
5.97567321259405
5.30573297945708
6.4597883136575
5.7446781145748
6.04101591904621
5.93902075491822
5.69035894266556
3.43515076992735
5.69178418823825
5.03522091017948
5.25684792408916
5.2868500775673
5.14481210490832
5.06994510855304
5.9585405886305
5.78792401909664
5.32847110036516
6.74715522249842
4.85576384127168
5.26228018350155
6.16980062267785
4.73710222254701
6.46705581529977
6.45117132916783
4.97172220307659
5.54995459342143
4.50280592612689
5.69881722520429
3.55411682945002
4.91392760701407
6.96448384081531
7.94579805908482
5.24227379360816
4.00102937826792
4.49418856030122
3.87349452577163
4.55573879702798
3.87349452577163
7.22157392661771
4.68117349001971
5.6404046934215
3.74098791338875
5.78004956287011
5.7672464426158
3.92061173614041
4.13666327445516
7.55491041799912
6.53971496868316
5.35926527685091
7.22093142099165
6.72028012445239
6.54503368977231
6.07597263112666
5.71069374030843
7.45535049416467
8.01192546818161
6.53896985128573
5.53966059847478
6.63597192038644
5.58896971152559
5.9746339887607
7.22041978465588
5.61273807775742
4.93252985972853
4.4439008729923
3.7797512337206
5.28526654117571
5.48629322181871
6.5885610492502
4.30320818884222
5.71857649707699
6.7881094367501
6.00685780421567
5.34290163973368
4.67769267230563
5.87603350255293
5.25592681940812
6.70979411173973
5.74852497331835
5.14544333262055
6.60198523714458
5.68771054493609
4.75226259324126
6.10919459110094
4.34992738871842
4.06143644939664
5.16343436694962
4.88475522855845
3.54922014711928
3.7930759284064
6.81240295683997
6.34814196901921
4.62720853405482
5.13276661590432
4.58527033949019
4.70431338000847
4.67531513538103
6.59401001996501
5.01302793675532
3.96246441275894
5.93317838030995
3.7662348139915
7.94988062835768
4.46774213152359
3.8966668778539
5.34552339250387
5.87109788665648
4.00503346457324
6.46451115615537
4.97481047160716
5.82169087685802
4.65646935862668
4.00157115625685
4.72251135212643
5.63277370352265
3.84853273069688
3.74459917011189
4.75856192229426
4.33518286733903
4.1420721988636
4.68925885365778
6.19309041082452
3.33806092009772
4.25821136365236
6.06744283723752
6.81591499001959
7.17177813335866
4.7369678902639
4.93819654257968
5.45205286743673
4.54179051604051
5.19041840568983
5.87088769181309
4.5325674451119
5.15417203270003
4.13665521862181
4.48167740368928
5.6896778673316
6.56884340255487
4.77941551593538
4.15237142137165
5.44991153893638
4.70297815118195
4.59048280120374
4.62030817548664
5.03999649761848
4.32781541110548
5.2553810298829
4.59849215545253
5.52622017644106
4.73139279955464
3.95678380067502
5.2073573326934
5.08211069304078
5.01969210824986
4.85036527906014
4.58551645079284
4.51116486319241
4.92843055660398
4.32088352097834
5.47612184382937
5.6714941850767
4.73929238591981
5.64819710846276
5.42265963133264
5.48947815389633
6.35340124837806
5.58923744127909
6.14825549707956
5.38366620976866
6.56928817379363
6.20955566639957
5.70408344772265
4.93076491057956
5.83671858652283
4.93824306184121
4.42530734338997
5.36658297498929
5.09748832010933
4.82358916492078
5.52323672788985
4.75327959604486
5.28114731556618
5.71251079944664
5.38326127096854
5.13135276952263
5.21484578433709
4.85119158938009
4.99680765238128
5.08743856518941
4.34139989632212
5.72465535171649
5.425114815571
5.34763985250788
4.1656991194617
4.66750193213072
5.40198030332454
6.38329452159405
5.09044443196571
4.54696455359658
4.80603177210384
4.53519262554568
4.81780370015475
4.35232267431758
6.19398261855572
4.99619625918835
5.94289621319109
3.85299637940356
5.37057936539774
4.27231708572847
4.39524925177269
2.98574033292147
6.54505629899518
5.5845963313477
4.52556595538599
6.38723209952674
5.88658080298747
5.7113343683074
5.24227330966173
4.8769944188435
6.62165117269975
7.17822614671669
5.70527052982081
4.70596127700986
5.80227259892152
4.75527039006067
5.14093466729578
6.38672046319096
6.44643739922233
4.09883053826361
5.6604596829788
4.61345055518552
6.11896586264063
6.13194535288866
5.75486172778528
5.13690751030713
4.88487717561206
5.95441011528519
5.17315848275075
4.50920231826876
5.32601695583009
5.04233418108801
4.4222274979432
5.87609479027482
4.91482565185344
4.31174401115563
7.4356845586095
6.99411712549447
3.91856327177634
6.94289391256585
5.02807231779524
4.89513577086156
5.99713368841454
5.71845455002336
4.22736507619611
4.62677524987132
7.10665125404569
7.18184129048412
5.46090785551973
4.64770679672199
5.41896966095509
5.35263766353293
5.50901445684595
6.10895020078268
4.1793286152904
4.79616373422386
5.09947905884503
4.59993413545641
7.11618130689276
3.63404281005867
4.00804522383152
4.51182407103896
5.03739856519155
4.11641181055084
6.55296579542289
5.26905876881287
6.47001516038249
4.95071765583238
4.11294950223446
3.88881203066151
4.79907438205773
4.68223205216179
5.05100575067027
5.43670685137108
4.98350715086349
5.44847877942198
4.77771349292528
5.35939108935961
4.64446750065612
5.56461794421075
5.58238301805519
6.33085517083727
6.33807881189375
5.03121618746962
3.63178996202129
4.61835354597181
3.70809119457559
5.62865210302461
6.1724151760969
5.5862937414586
5.82530793989412
5.4486744500382
4.14347946679048
5.84662166637621
6.93522556892478
4.99412756092522
4.44336375849556
5.60629066068719
4.73170384383461
5.70887415898808
6.48895834053046
6.67104411251398
4.72313090204724
6.34489896688093
5.02076690710754
6.60488355261209
6.48617634450578
5.95926736007616
5.8641929314602
5.31616038609394
5.6684331262932
4.739180586751
4.01391769785717
6.06521961210319
5.14393509865351
4.88493180200702
4.86344471365269
5.32931013659396
4.6097020899839
7.77534497037558
7.66666951386046
3.91520937204661
7.14593952299719
6.95984241563425
6.26434770573098
6.71844534681576
7.0821289541891
6.3098199939859
5.698472943022
7.10273170445391
7.47765429357675
6.2206980691597
5.44077167500689
6.16759125796302
6.02586734110908
5.92840238751156
6.55994009906792
3.3057735680088
5.38349277634794
4.21603591940501
5.30922884951861
6.86934676801418
4.07503172618253
5.07915522178752
4.18963814970204
4.63337930665598
4.39462758274474
7.01541029080575
6.18881118428658
6.53541696074409
5.32526283070453
5.20937591634389
4.79577027857244
5.70603262996865
5.59468229904761
5.74113287172825
5.97335080169356
5.67363427192146
5.98512272974446
5.46784061398326
5.59197907693997
5.53838625286155
6.45853669641619
6.14346917825273
6.79043656722639
5.3236669155593
5.34987042971377
5.08324305677357
4.75629880689635
3.84603645550013
5.05483668784968
6.02250924572893
5.8356381571638
5.32291199201625
4.72066339218966
3.16167588219955
6.15216010942159
6.71589463374166
5.27948035947099
4.25482034064603
5.16701227775078
4.08117231481874
5.29938239426408
6.27164275027929
6.98162422586489
4.94904875050696
6.05595886878236
5.02595448171282
6.36253611266894
6.57353172232853
5.85062625353171
6.33004680413188
5.48464279349773
5.90491657184185
4.64221923971694
3.66880117419404
5.84030418659814
4.95845779195874
4.20509455723364
4.11633719242524
4.85243769113049
4.25377364822988
7.64538750969317
7.00036334347105
2.93642027144668
7.20750460855483
6.43038324079762
6.51212143408307
6.41954400564907
6.7512784142218
5.93073221525923
5.67346115061409
6.95035496685133
7.73995182383678
5.96931703157036
5.27394247334476
5.92911481382051
5.96689987466962
6.30311374710342
6.55233226807908
3.39976528943675
5.38755062969518
4.31991573299138
5.13949474420468
7.11038740263009
3.61704366713609
4.50566763801514
4.73884337513674
5.2295258440355
4.92492991796152
7.1166244104483
5.59148816562177
7.09414402162232
5.38960180982929
5.04741934955659
5.14879298055781
6.0801120407445
5.6207849171353
5.56330337048984
5.72156127043117
5.55153144243894
5.73333319848206
5.36866149121083
5.32271097082002
5.0223536997555
5.94250414331013
5.65854496793341
6.91341667608062
5.29910947475669
5.91653882766508
5.08209012785849
4.08129802393588
3.17103567253967
5.34046310618756
5.00983518838599
5.26854781159287
3.8862738564411
4.74360202117168
3.84160522146406
5.77619832161491
5.70322057639872
4.8391097419099
4.190077097154
4.43279764925695
4.28560505994289
5.40800334093476
5.60941673607949
5.97785328366279
4.67794622914234
5.26746100841615
5.49056550238318
5.408738386041
5.30930706106691
5.21082070317467
6.30665549841899
5.44554107831988
5.57813139132578
3.39028081438771
4.24575340759074
5.64315031473808
5.08169874075768
4.35059234773493
4.48958106251101
4.79420974741488
4.13699152628198
7.19583532725947
6.66413497585145
4.47388634611707
7.11599905282223
6.88816958466285
7.22228325353158
6.94026640652996
7.01449011045864
6.71820095649751
6.43198005535191
6.70516657724593
6.92852906383987
5.06913374319579
4.36354614375631
5.06913374319579
5.03061078465272
5.23450989884049
6.43723768169154
4.03651433560955
6.04847703104775
5.04349838133913
5.28577569189913
6.2192447808257
4.41112711247214
4.71339030590618
5.38377684282956
5.49968992696309
5.31026446105562
6.39320658940338
5.65687893244654
6.3479071958878
4.19123360535177
5.34637241680907
5.71468556694349
6.66768301244185
5.93964446482423
5.58037873970872
6.08775535619245
5.47123483005029
6.13185301650805
5.11457292016102
5.76622635021272
5.57675870855683
6.5837427542864
5.50533500236511
6.17109596481777
5.36692901671783
5.73625006678112
5.17591239324655
5.64750280020469
4.66809385134633
5.21197574664873
6.06996663364853
5.62746202222302
5.32333453416565
5.2722351519999
4.7239538052868
6.05201086666167
6.92453977109628
5.13186042310704
3.7539018813597
5.84098859589466
5.04948346322648
5.08260670514652
6.4154347106517
5.76594678850586
4.60527463740384
5.50110390001318
4.13354608634012
5.89286631450929
5.88777530422643
5.27135518101864
4.78590132116818
4.67144770966852
5.54356102353307
4.80769149741511
4.40163399296697
4.95969327982935
4.83435489231594
4.71122032083879
5.66134554944513
5.00190147883036
4.36247768178355
6.87024764636746
7.01263582432878
4.66947566920408
6.68838940252314
6.0085396886032
5.20748194926159
5.8120429724516
6.26624544196743
5.36406534862762
4.91788515235174
6.91405039402404
6.54246590087149
5.13997730748694
4.09851484606435
4.86977771029746
4.64246447779238
5.18732946424612
5.80860135074943
3.54079031715904
4.2308694402666
4.45105266855526
4.42200802875119
7.0125694619754
4.27045859529071
4.22056296159272
3.86022423657167
4.50403517143315
3.46481197608356
5.78426457297432
5.27990372321009
5.81448018527539
4.70857248664601
4.41157956637851
3.95005932861062
4.86032168000684
4.53272553229536
5.04137938953759
5.59037051316147
4.97388078973081
5.65786911296825
4.7680871317926
5.59089716659035
4.62947879178505
5.54962923533968
5.09098627917371
5.55929084939496
5.98618407636104
4.70987370099393
4.19579933514909
5.13685140705918
4.22658905566296
4.84534976703713
3.91049993480342
3.711848066454
5.63884765530809
4.46746559480132
5.26295237620319
3.15993220356356
4.83065037835805
2.19947223591609
3.1755672150558
5.77390901566854
4.46312613025136
5.98794347795607
5.39923670029382
6.90570238235335
3.87785719677586
6.49290119846778
5.98295257158841
6.7477188385845
6.44005318778732
4.99481405188092
6.65058686923041
5.66129781822841
2.02937439037633
5.07819714836521
5.10406824259886
5.95808653929547
3.01826052951999
3.47239898506874
5.49270598280879
3.30421207244298
3.75238823404333
6.93580445365169
6.98542714309967
5.82576050699385
7.28670627381335
7.23012525185813
7.56414795994136
7.24489200476354
7.76078889836113
7.23912950605579
6.68644812312452
6.39854876426467
7.52674588923797
6.03287625254253
5.36756367288027
6.14398736365365
5.91416904443622
5.84652473639105
6.74971163092313
3.92083144745828
6.14397911031768
4.9529650329246
6.14397911031768
5.10160832997339
5.40663944077552
5.16885298768388
4.34942256897957
3.36157616367598
5.17015318842098
6.97466225226667
6.3136955796782
7.06193528397689
5.88060923444919
5.68545746142269
5.33098060792905
6.36311419339537
5.83154548982323
4.60621335291895
6.22386375560666
4.52017749803872
6.30989961048689
4.31438384010052
6.49342952024059
5.95543569246816
6.98756927793448
5.37891996893413
6.74968852868731
5.88456133041321
6.28402726075293
5.47620028902197
6.56631321975708
5.58690427089872
4.61649688774796
4.64385096389704
4.50555082533543
4.91438162496866
3.08281087024982
3.91914993241944
4.56706719163806
5.43484501108699
3.65680484024185
2.4360542833151
4.04860049175642
3.43278980600446
5.38450328979417
4.72916632943072
6.48956962693299
3.83807082822641
5.48918327163121
4.41746581383054
5.32177779090527
5.7251034844061
4.67917086431566
6.37371752226067
5.19692039834149
3.94152471383329
4.83313230514108
4.6767602612852
5.644684063849
4.169544405781
1.51472893671822
4.86443280197481
3.25287569541723
2.59456063753049
6.47393212047712
5.65031700535721
4.62257605360978
6.8659792646898
6.36256307285596
6.9546282532271
6.50450704222226
6.54373538770156
6.26317848426324
5.64574785797596
6.17052755435806
7.14535268122581
5.48846967871093
4.74069233392285
5.59707570310971
5.36502070426236
5.71423468674246
6.21080692421405
3.35337727712184
5.56037291897021
4.26363962851805
4.60207023600154
5.53267606289425
3.57489325859401
4.03860091121543
4.79765156954851
4.64704420458868
5.01042324147161
6.43946027002252
5.14497070398884
6.5277700171967
4.87693588592163
4.98372081387244
5.44328400898708
6.40374397663456
5.42396483270231
3.6754050605039
5.23163633014085
3.66363313245301
5.24340825819175
3.4807631812249
5.66139301135262
4.5746213759827
5.499284227654
5.01140294038154
6.21734964543691
4.89981134826147
6.00465282707084
5.00947287804127
5.3509610188184
4.35332462654007
6.44345565714796
6.99825900697801
5.82869979787627
5.78145885906243
5.49328379880787
5.85185539989001
5.84466402382544
7.76106939980589
4.93440167242923
3.20269780141042
6.64470231630405
4.53594418415633
6.2881378975777
6.54260356828643
4.06851709425305
5.74893824717314
4.71365316366903
3.92233649556615
4.7759883902577
5.06820464921864
4.81965458454531
4.39259905872352
6.28064156651735
5.37460000307719
5.31520346453507
5.30508255154463
4.24464076333062
5.7095258634299
4.43874686333194
6.60050571167921
6.05037935842685
4.91547408399288
3.93627621506509
5.32308110845781
6.52055421311133
4.99182856067514
5.67858610578031
5.47327594346916
4.74327036703647
5.601480594148
5.89747377871462
4.27806780395113
5.71996924939613
5.16392016188362
3.65562884777754
4.26960769164697
3.27173221590644
3.78637766956455
3.32850234715237
6.47590688798741
4.69050203650258
3.00354285578135
5.69674894510189
3.44962923647267
7.25574543219329
6.11271922228606
4.47893130433628
5.71348383420359
6.14021445046579
4.32321559759707
5.47112371554464
5.29911170758105
5.62028246373155
4.83345807341539
5.055357062665
6.18273747709972
7.16405169536923
2.89203813710331
2.7817048601876
5.07315937755031
2.92548732452479
4.92937691321312
3.30938395639591
7.15143400073162
4.53334160114702
5.53958850974632
4.6005497077871
5.82252754940886
6.43483524654463
5.19243281844216
5.76307623467803
6.83097567181925
5.92071332042304
5.58096205574366
6.28949731680675
6.28620488072461
6.03082230794976
5.23380847185506
3.12638554106931
6.72960958378157
6.96855052271273
5.8202574701009
5.06889085896199
5.10294514141815
3.94600509645122
5.89382948943083
6.54219591110261
7.3312470502369
5.10457715601217
6.52089019646635
5.19982482646887
6.66467266080354
6.70298539875533
6.20838223942682
6.85659912591656
5.98039116948561
6.23370894892084
4.88327681613043
3.81112270826686
6.30747493953404
5.32731563695517
4.3841722063085
4.91686795117791
4.66104935840587
4.37440854199363
8.00314349558828
7.19667334563079
3.73407510098111
7.62399638019947
6.89055771403951
7.03230460242048
6.69926738549118
7.20564494199881
6.39090668850112
6.08294170151343
7.4953732948157
8.1150259535161
6.41928631519161
5.80079409325545
6.4559664337312
6.42022798689202
6.4581467082852
7.05735489244378
3.88962233770271
5.88616564574886
4.79988468909892
4.84074628074143
7.23407156743526
3.63630360682771
4.62630253177888
4.83392834104637
5.30281759598864
5.02001488387116
7.54444289239008
5.48362496202348
7.36163622938128
5.40067737503597
5.54983794025044
5.6166139712215
6.54973191054414
5.85817795064144
5.49063555814093
6.06536655653689
5.47886363009003
6.07713848458779
5.29599367886193
6.06141409916243
5.13566812638252
6.04593047777874
6.24522329047716
7.34123515802239
5.47297981951274
6.41585642746792
5.33912498551637
4.14710025254124
3.22694980898661
3.95865406313177
5.52359926671638
3.45115052405383
6.31508499519522
3.8835793738793
5.35569315084683
5.97621339590922
6.4468331524624
5.01575342826174
4.68007371168827
5.5406937038767
5.77607783190977
5.41926179785417
4.32775731490019
6.3183877427118
2.89340953510865
6.42023201248436
6.11326252815741
6.59513455249662
6.18722072001888
5.20731553486658
4.89075660391605
4.45041250635586
4.80960100491111
5.17688615040806
5.35569315084683
5.57919401623533
4.93639639230337
4.70765405463149
5.21491356771299
5.40105320279634
4.41995053118942
7.2897906962468
6.44534196545727
5.25236610432274
7.00619732632675
5.74114286949256
5.99530689469549
6.36831733469336
7.02340679993264
6.31348371964578
5.84596162524721
5.93006565454952
7.33217930936625
6.51041624855883
6.03280933524892
6.82513996388347
6.3448366077948
6.41413707412902
6.26623318845828
5.20226533057537
6.0847511290148
6.2343989160417
5.82120455580763
4.11968455765345
5.04703845747651
6.09611480622482
5.37186518441342
4.9131313048437
5.86090655679384
7.25823941552457
6.66171704434028
7.114071132701
5.78930715179528
4.99441252024405
4.4830242769001
5.44348424454758
6.23956024258385
6.32561455065268
5.12074397434672
6.23957869577244
5.212037905252
6.03378503783424
5.44529351649501
5.81948622461351
6.82573313321282
4.87681169683154
7.03096796439868
6.06514069438793
3.98474597117938
3.45889707308267
6.87521690656585
5.91598570316406
5.2860338623094
5.62732154095778
4.00546398108232
5.50382646483961
3.67786832935595
4.34799127571239
4.97458315383846
6.39013193378566
4.01412318619099
2.71816779234724
5.76464490328447
3.78908809520738
4.76299306340496
4.59515377135149
5.70939775848544
4.14183476223095
6.14715960859063
5.92874238502141
6.56122250697548
5.87739823167067
3.74929994014702
5.79190631122325
4.65593985127024
3.64369876809852
3.4388962160709
3.66806138338352
4.77465701758772
4.15923468337725
3.39889619423131
5.39910837263028
4.93639639230337
3.70212896283228
5.67643564795881
6.22702588866095
5.70539587128127
7.33868535034768
6.91117981944019
6.70569353090057
6.53559357538922
7.57349396556787
6.91641427296216
6.66680977458957
5.88303644970202
6.22222676919824
5.24802046656037
4.03023534608194
4.88885346995875
4.54549488824947
5.14680705403745
6.212279979947
4.4364381803012
5.17146366291114
5.4426850889005
6.08275064068228
5.01506551553875
5.37014060640962
4.8976629684751
5.01770718235524
4.70073826512023
4.96615725039356
6.06856361994281
6.03516621483273
6.77995370551271
5.80693049947938
5.210361732438
4.72920695604111
5.74696620836365
4.55184299053675
4.51787862540021
6.14651630216279
4.43184277051997
6.23255215704302
4.22604911258177
5.9812154419147
5.81033083370349
6.8165777423028
4.04987167922955
5.8464529953572
5.59736672052541
5.73756533135807
5.26441314791106
6.11541430890363
5.15495434125616
6.32151517652841
5.27832921721473
5.50974930869268
4.53624955279761
5.1678662412155
5.41947169518265
7.04730211052448
5.97628492795652
6.06598789225497
5.48338707896821
5.43923269785397
6.12765893364263
5.15834880369324
5.9815984661885
2.83259222385544
5.38535371220731
3.04797675611987
5.00732127805387
3.31881590267803
3.11134912605805
4.00326740143973
4.46764029801597
4.63202917084042
6.32012088019105
4.69238011154553
5.45268568302083
3.46103009633607
5.90280474943206
5.57763525174556
5.46328858793026
6.42571561177063
5.72765777047517
5.54366706432991
6.07465635529277
6.32265762334637
5.73373942964653
5.9293519828849
6.19114334975614
5.73904213284949
5.83945923127463
6.16695162273473
5.88046591274043
5.55687495767268
4.21667491302624
3.94469020262468
3.49015606145057
4.37303011577276
3.84681797133984
3.95709298792521
4.83105032115809
5.50041218793085
5.45752978058397
6.51865063220724
5.55964373598633
6.15566730231176
6.1954444317022
4.72573393647743
6.11000555691732
6.2306476340373
4.5306659587441
4.23984671739241
5.85364762664075
4.53084898594329
3.57740248427537
4.54204427922806
6.42667610201526
7.39619695871521
5.33349472681762
5.44533849046604
5.14614631370966
5.09779792533861
5.41503573131352
4.72088446119378
6.38327009411578
5.12813544292916
6.14333089224511
4.3816543710013
4.23984671739241
6.38073282138186
3.80793980421385
4.61654165788352
7.51224404022792
6.55178407258045
5.55273447914519
5.15004765873953
5.30171124709618
4.65679129638657
5.19743036636207
5.54765106933802
6.64136183151931
5.83811527732289
5.68090186387183
5.42901769956945
5.0541006244387
5.91735301162344
4.64601076271552
6.08333298373721
4.89968723683621
3.96958176616459
4.8879153087853
5.41814866274976
4.91169113489348
4.17466668682338
3.69467445926337
3.7074801443632
3.03151453716259
6.09049632538028
5.26503238046447
5.38803997943238
4.13824920889204
5.84296205193957
5.4444804935004
4.33676338918519
6.17842842024962
5.54038810459059
6.10686899449901
6.93218181071274
5.34583064450863
5.25401540763444
5.85734100146821
5.74517665906866
6.26145348368374
5.201560865964
5.81870544984561
5.09075701865614
6.30328930198153
5.52315704352609
5.70212410509023
4.54340858505823
5.97490962585023
5.26375894356619
5.6265511417084
3.93112039124121
5.06682017199473
5.59991785446445
6.09895375746105
5.40250120284331
5.91577004390079
5.0042082837545
5.2570288156537
5.57629620634143
5.57872115765976
4.79426632744322
5.37210266238944
6.43981628129535
5.64064502820909
4.6775580137526
4.22010840614413
5.22370175622918
6.18416172387666
6.08890307134879
6.09246138934956
4.78414125223783
5.79649953157533
5.16370528086347
5.41260289970423
5.20675632254751
5.35427569807759
6.33521425285064
4.95420799320343
5.14712893881008
6.12398769214089
2.96606129679388
3.77711445074184
7.03542824924409
6.03253378094071
