15.3987913444202
15.7375685384533
14.4900713023122
16.0283179401098
16.5580876690898
15.6493676269818
15.246065699499
15.4614634287465
15.118197702026
13.8345690682564
16.3212350790237
14.2915359315589
14.5974466175021
12.9768063567745
16.0789623103308
15.514166291302
12.93691070579
15.6325721109019
15.0538376391707
16.3095091732198
16.5359291736333
15.9509208839045
15.0409668488251
15.5549820905319
13.5156451775213
14.7355657910611
9.18000580135612
9.45335964330758
8.99262071433149
11.1168985613343
10.3940844396298
9.93046565962391
10.6848338412863
11.4383776725509
10.4473253352643
9.85881695604504
9.59534791927166
9.55682547692665
8.56701889815184
11.2781823708646
9.02398576145441
9.36331904893636
8.43287281094749
10.9635141198709
9.7585515294795
8.61345689400011
10.7226356458499
10.1439011741187
11.825037152485
11.743151476608
11.2392692451784
10.048595858829
9.86457163030774
9.19219136573139
10.0961293481645
11.4041019233362
11.2016579372487
10.1401830729021
11.4924073389052
12.2085965689517
11.217544231665
11.4889912333844
11.3574161745816
11.0891197723019
9.37993476575495
12.1971972060941
9.83690162905751
10.6025186821828
9.39141208548823
10.9567246417141
10.5287704258803
8.17176910454884
11.3919574155811
10.8132229438498
12.6077005936757
11.7048130043958
10.9884376350961
9.83265431869133
10.6822768029459
8.75050357628012
10.9693898434908
11.376744109663
11.4160765938685
10.1623446000588
11.706825995525
12.0426591072817
11.051606769995
10.9872717321249
10.7592555023132
10.6852802530065
9.16888529201331
12.0577356897682
9.62585215531588
9.60398386941209
8.91355272990141
11.0201110353392
10.0430182386027
8.24869752409287
11.3213689989079
10.7426345271766
12.1270394166811
11.1859563992627
11.4619432564139
10.2475437468098
10.8725441797753
8.82743199582415
9.81307414420273
