21.1592045142712
19.6976045295171
20.2713789492162
20.5501146780658
20.8086529021767
21.0246061180965
20.883913922231
20.8213127586806
17.1605905200729
18.0212988820065
19.5760039770824
19.143264528026
19.1239562576246
19.2134782034302
19.2266823801894
19.9288651779944
19.3104720941311
19.2447585647682
19.5267743248089
19.4022416546116
21.1087320592319
20.9533864155665
19.0010124927147
18.3919226565093
18.3853363222611
25.5863470046116
24.2060032309628
25.5877057691222
25.2750619753431
16.8734089055895
19.0640812771012
16.4897883803739
16.9533251420378
16.8100893171397
17.0781314259816
23.4166269140795
23.0304382156603
23.5080463540024
23.400124450525
22.8286354687619
19.0727195753909
18.392904375959
15.2081055576084
15.7038459763504
15.7678381968101
20.7977784560745
26.5464950040383
18.788885752248
20.3942496546843
19.8310743292383
19.6617710850967
19.5703516451739
19.0513690120823
20.7327215265032
20.2555643542293
26.3605085593919
26.5189915921914
18.3336453858742
29.3811978208694
28.5164964011702
29.236836108714
28.8924690821176
29.6782262739392
29.31095739933
28.8244778590984
28.6546364128733
28.2010853924934
29.1651946498671
29.2087281266575
29.1936095868976
29.4482346400653
29.292474813082
28.098425123333
29.4834869216477
30.6454829987551
27.4920097392446
28.2917952063053
29.7463889739436
28.6442041375162
28.6969169176666
30.2472333371525
28.7944536673939
29.8585021948777
30.5333503723162
30.6291097038588
30.61310624079
28.1498217844749
29.8197599769512
28.1725285539911
28.1817931495624
29.8947822874002
28.4987297840072
29.6113384073789
29.3187525388009
25.5928239139244
25.0128020048728
25.2953852333361
27.8677007845792
28.3937068994048
28.3500679834933
28.0940340444305
28.3749744143262
25.9191373753435
27.2011020931776
27.9851515014656
27.6643194356059
27.7951131147169
29.3490230797812
29.0686255616429
29.389884503608
29.6397526438219
29.1086794537424
26.5632168906997
25.9955192205393
27.266327381486
26.9875520608968
27.052639359247
30.2499802199691
30.3930559083007
29.6960033495511
30.2598332642531
30.8869749167695
29.6417823821026
29.499281155374
29.8105872966267
27.7470466969716
28.3279160534071
30.1015115691242
29.6036867582066
26.382418702837
27.6531564760674
28.6863604497726
29.8241133486736
27.0209161515037
27.6586205396391
29.0919516089857
27.8803848825468
28.2266513719033
29.4338426258601
28.3644765346198
29.6760592741668
29.6601131358623
29.9878652857051
29.8539734640693
27.6265226682145
29.790990895728
27.5398749847832
27.6438650036723
29.5140413527807
27.8800431739022
28.8052313493681
28.480852263377
25.0437407778723
24.4110778791662
24.9848417148319
27.6151674378592
27.6522427818119
28.1608541025904
27.4061065386398
27.5645572922167
25.5196741139652
26.4152853007513
27.5158250830016
26.8155338658765
27.4321909276446
28.8214585776004
28.5058096262272
28.9419866337262
28.8537145584789
28.4866706881074
25.6126079186948
25.0472743007486
26.2702280818821
26.5546464660462
26.4217137294665
29.680534654097
30.0369959032286
28.8126231757542
29.8147232559655
30.1685759877262
29.4927623235667
29.3502610968381
29.2379280708266
27.2181977739132
27.8131187053023
29.3648324879705
29.3364562716178
25.4036049165361
28.3632741310308
29.2422913195588
30.2900002135903
27.7576544924555
28.3015873314954
29.9786219360201
28.3367390385896
28.9625616708775
30.0556078279287
29.2224622559966
30.1065973174873
30.5245929562986
30.6375188694315
30.6480928281508
28.3471935867382
30.0430790820265
28.4089712976056
28.3489949590637
30.3326690567031
28.7389194144852
29.3690236291968
29.1055092918513
25.6047179536471
25.0246960445954
25.2814034540839
28.0927555151861
28.3775457123352
28.1353854085889
28.3190887750374
28.1687306949902
25.9949211879926
26.8329231429442
27.6310193847872
27.3496876279405
27.8513600075958
29.2363339680483
28.9750685658219
29.2771953918751
29.8794298792348
29.1379417117082
26.4990284675231
25.9734500944055
27.1697229947442
26.6139259088484
26.6656017805543
30.2401090109666
30.9110590077845
29.7255700997895
30.6866352541038
30.7238205334955
29.4734900751761
29.3293262276349
29.597344049677
27.9234359873867
28.3122250483687
30.1583210410608
29.4223623983012
26.1270383065344
27.4471721776523
28.9315276721889
29.8172444448574
26.8149318530886
27.9462124600072
28.8703893633489
28.2398326626199
28.0608128507866
29.8270472196616
28.41661762053
29.5102207530502
29.7829426194263
30.1959449090642
30.1429182240936
27.6798775388697
29.5850065973129
27.3737751474525
27.758865670332
29.5611665066622
27.6740588754871
29.0772745132339
28.7271857015583
25.2261292697384
24.5934663710323
25.3222173846333
27.7301681045188
27.9540189195749
28.2785788437643
27.5211072052994
28.023226633967
25.8171906852695
26.7395316487721
27.8416028637249
27.2742032076268
27.6516920482395
28.8909814827758
28.5753325314026
29.0115095389016
28.696017751414
28.704626117442
25.6934657304463
25.1375052809992
26.5469017940774
26.8404047436725
26.7474915101899
30.2225749808029
30.1007310216455
29.236424799506
29.8733228526304
30.3101974845917
29.5892890126674
29.4448753440264
29.3345929801767
27.4213306218364
27.89733744281
29.6268683053077
29.6084309271539
25.6385898163018
28.105329744105
29.5654098276789
30.8063920691109
27.5008952205967
28.5867144060492
29.7675854544231
28.7737158502859
28.6367443248087
30.4594836121181
29.0380538774394
29.6666966277587
30.6449907314028
30.6850605049661
30.6961155925716
28.4274829016978
29.9345877642862
28.1062432462463
28.5318629637914
30.2084310155333
28.520894391471
29.6156050223871
29.4111638055566
25.4760471562075
24.9206891624022
25.5295358544222
28.0524531619878
28.3925592767953
28.3981262768021
28.2531384828212
28.3346813443113
26.243826467814
27.1644151162765
28.1164441166058
27.6353052611987
27.7721334547757
29.089382945899
28.801654845196
29.1461872351202
29.4346907766408
28.9910513615632
26.5873896649765
26.1127958688963
27.4220194700546
27.3116267277856
27.174478013749
30.3897458079713
30.434315917654
29.8603109632976
30.4251121060084
30.8624960145672
29.8958398523703
29.7498163244386
30.0229690321502
27.5819669186964
27.9247271473578
30.1119403438615
29.392713210003
26.4255140508833
28.4301369260258
29.6858968055779
30.7096666225783
27.8290417297286
28.4565864671256
29.8989505623204
28.8425487479827
28.9011499476232
30.1799982604293
28.5844213049462
29.94300246867
30.6459461845476
30.5279652438947
30.3745949290385
28.2510894725002
29.9394002071754
28.2304145305487
28.3247311468259
29.797903447387
28.6703179926654
29.7053086509908
29.2569566610108
25.4442784420238
24.8636259475001
24.9032919249707
27.8026465093455
28.255433569392
28.4116316486904
28.0481387756185
28.001812886743
25.5856037939451
26.8315466587083
27.6829015107895
27.2911579080227
27.313782323126
29.1707822764862
28.8495321771025
29.2290690970081
29.521239723683
28.879525342757
26.3140676110994
25.8275340189642
27.0719594056928
26.8210972182466
27.0810561017435
30.3111082412203
30.226351592147
29.5871717645207
29.9888484141947
30.7428616182032
29.6613767849506
29.5153532570189
29.8961816223337
27.4987634824045
28.0370246386912
29.9690646788819
29.5801130123689
26.2377761305613
28.2343183787257
28.9722335414406
30.2713435243298
27.6216699664427
28.0660117048412
29.8935129631869
28.0255648589745
28.7678573488563
29.6327912485645
28.9402379145257
30.2624270396683
30.3204244889162
30.4008726192125
30.3777319965026
28.2185601328047
30.3777824297108
28.25060163872
28.2185601328047
30.1213057134916
28.6414445784402
29.0077614119969
28.7636188726202
25.6276345538911
24.9939327429688
25.4778213995429
27.9766758804563
27.8194046694843
28.1852987527513
27.8044442935658
27.6565643009221
26.0963143264834
26.6795349356925
27.5362003418263
27.1241330034281
27.8150141343311
29.1421783466831
28.8544502459801
29.2828240799392
29.4555351908803
29.0349238340729
26.0415597967567
25.6897012182602
26.6872401548067
27.1306239455064
26.7273634938023
30.3149871940066
30.3288236785147
29.4201194489004
30.3379868039668
30.2888175096835
29.6383272693529
29.4923037414212
29.4657900606231
27.8169626250867
28.0985451468401
29.7291913532333
29.2736213890161
25.7795694386955
28.1202295374191
29.2118951607248
30.2482165408699
27.5213826510498
28.1745437762031
29.5778588730567
28.285980110697
28.6505612511676
29.6751936540959
28.5693881117871
29.3069106104777
29.8850802668881
30.0615491838209
30.0381119471544
27.6375295508479
29.4783740177767
27.6679875213635
27.7111712251736
29.7540811099783
28.0633075354282
29.2188431766744
28.9615575534062
24.5440173251692
23.9639954161176
24.2705816370039
27.6182122202702
28.0255882653039
28.1426415827859
27.8445454801215
26.8506285686329
24.8900933005468
25.66608754959
26.4956033774155
26.1246800623021
26.4178789571111
28.9211569716766
28.6191482131151
29.0274572007372
29.3280827855093
28.6518553249081
25.6512860710579
25.0509425567409
26.1085468412322
25.8214971678284
25.8510655509729
29.5479716971419
30.3904982168338
29.1426879438178
29.9737080515933
30.3626589664977
29.2060376468736
29.063536420145
29.4629426992468
27.3695966251118
27.8552690826047
29.7194187284374
29.1188585904061
25.3336121140819
27.6976395410046
28.8057375264806
29.7992639178027
27.0895155709998
27.5758386829715
29.1495862725776
27.8525740278533
28.1831270744742
29.1802241157495
28.0935525659574
29.2835444573443
29.537118737471
29.5809181804768
29.3376554535191
27.3247104546154
29.6654621407658
27.2124211441638
27.3808030253588
29.3073198316099
27.6696673796482
28.8218974074809
28.4258137431121
24.5261852730345
23.8935223743284
24.0783344252089
27.6616122923351
27.4061378204206
28.1371441367044
27.4510306121142
26.6431634466883
24.7456548660422
25.4557596320846
26.6831098507182
25.8941400203481
26.3520416691063
28.7248091882919
28.3725282837411
28.8572472105236
28.7943008973344
28.3885150692645
24.8989808205425
24.2673256858098
25.4127936098706
25.6778102076561
25.8482342378503
29.5514959590035
29.8033298289061
28.5243847018968
29.5191258277777
29.8481887451652
29.3783424512874
29.2323189233557
29.1361909560623
27.1705109844457
27.5375570561475
28.9180121607919
29.0752291325746
24.7869268589617
27.6267332251572
29.2952823524617
30.4174942882304
26.9944929005935
28.1798633747881
29.0548138040105
28.3898183593268
28.1899409353328
30.0176677530907
28.5427650421573
29.6893119224343
30.4376130464375
30.3586689499433
30.425036851868
27.8594385863747
29.7645676448178
27.5617392252231
27.9879935536295
29.7562471845982
27.8536199229921
29.4598300220019
28.9527255235335
25.4217805420763
24.788078731154
25.587581844313
27.75334082456
27.9030084211716
28.287463784416
27.5386111181525
28.2528299297827
26.1354711806882
27.1116844898504
28.0709563384409
27.5050976389581
27.9676914410055
28.904388843182
28.5709800297578
29.0225842449407
28.7378443440606
28.7535192524467
26.000033134472
25.5549077498578
26.9552706819107
27.2407204862685
26.9759175662406
30.4216709283085
30.0883076387433
29.4315898509787
30.0025392999275
30.4288554448431
29.729426279219
29.5834027512873
29.5107203887049
27.5282717998876
27.9823436996086
29.8228218742758
29.6190851439877
25.8599235917252
27.5553124911321
29.4537466311543
30.5557269347536
26.9418683333361
28.1241220142387
29.22145703158
28.2941065045812
28.1341368889501
29.8786389761573
28.4126433819435
29.6276579714462
30.2806535977022
30.0889053435397
30.2139474238892
27.8690228112814
29.583202361719
27.6135890956721
27.973402873375
29.5708950654128
27.9665100378766
29.3771402545252
28.9077429429524
25.424826206855
24.7911243959326
25.5377639681103
27.711212314094
27.8638570335347
28.1504871360489
27.5389807272035
27.9589566431525
26.1567637904961
26.7778762846958
27.7851170773071
27.2199763427912
27.682657326614
29.0514251904042
28.7074215428296
29.1437409213561
28.8543493409103
28.9691932828554
26.2157832163603
25.6487623531195
26.9489160603231
27.2069797051329
26.9484368145032
30.2332325585324
29.8990906586349
29.2908827768305
29.804910032806
30.2477761799433
29.7173557338764
29.5729420652354
29.4832572195037
27.6559370844334
28.0551684890758
29.5765971404641
29.4241800667631
25.881216201533
27.5207493958874
29.3819054361548
30.4961778133078
26.9132537465221
28.0893066956947
29.1543745814426
28.2450410706985
28.0868901757425
29.9380836146909
28.4760275102539
29.5933514214242
30.357357852575
30.128239217404
30.2587060856534
27.7960437491175
29.669187276949
27.5260536280644
27.900423811211
29.66169650483
27.8968480617784
29.3839140282503
28.8853260475176
25.3116456163591
24.6779438054368
25.4245833776144
27.7396886406945
27.7954332751728
28.120549958024
27.568335798239
27.9949011197211
26.1333487919014
26.8716343961144
27.7990548368405
27.28826308733
27.7518758181095
28.8584820573234
28.5827134861846
28.9991277905795
28.7480984555693
28.8032534557337
26.1496607065353
25.6450574386587
27.0359834270836
27.2137591351741
26.9554660656441
30.3084830224794
29.8874405876808
29.3356414385947
29.8666860306437
30.2925348417075
29.6228208026426
29.4767972747108
29.3940854042407
27.5464702061474
27.9611204975851
29.6190664274957
29.4257640023467
25.8578012029383
28.420811053187
29.6163551188257
30.747320014446
27.8163765296787
28.4675567942519
30.0830667635051
28.5780891149362
28.9416396349439
30.2294919782441
29.121789390688
29.9359522484145
30.4373722115486
30.5859673745061
30.5595094424497
28.4013243887574
30.2064995757989
28.4351672669983
28.4749660630831
30.2919478885168
28.8304872810629
29.648879356787
29.3562934882091
25.3788771432918
24.8235191494864
25.4733958892836
27.9499069967642
28.2190488620946
28.3631594947204
28.1505923175976
27.9948513870466
26.0991155599228
26.8245851590118
27.8114118809843
27.2954753039339
27.7776748899546
29.1509588670068
28.8550477966609
29.1918202908336
29.7035893755284
28.9202944352988
26.6572387012525
26.1692334189549
27.2712814265291
27.1518351345512
26.9118828006873
29.9751504440697
30.5420801415195
29.6150033069845
30.5141035826401
30.8495279899973
29.8427617991401
29.6967382712084
29.9656086036417
27.5605188602944
28.0787011066959
30.0208695532469
29.2900672424625
26.3110062388861
28.7221184653023
29.4698530929143
30.7786794014939
28.116498826727
28.5556305120928
30.3876741206405
28.5250272257219
29.2657532182279
30.012723451254
29.3057776804845
30.3584691698245
30.6560035330476
30.7167543366046
30.7433099960075
28.7000008351989
30.1648519567928
28.7642153232675
28.7018022075244
30.4519134640648
29.1393801071158
29.4117881426494
29.2378762269903
25.8305838015417
25.2505618924901
25.5245379121564
28.1051171493231
28.3815258972825
28.2761539927442
28.3314504091744
27.865079334845
26.1502575827956
26.8848666639012
27.4325801892096
27.3439710177704
27.7086070711906
29.4518122460942
29.1624021107585
29.5581124751548
30.0863361782039
29.344557733484
26.6416056344381
26.2110734046813
27.1389427768531
27.0379962670612
26.7839918191107
30.3041370371833
30.9099176990421
29.8090236513007
30.6914030351061
30.6624760369064
29.5530047450718
29.4088408975305
29.9565955682092
28.1295914696761
28.3940675589468
30.1979143259038
29.3165794009907
26.395041303782
