20.9080576686723
20.890063122889
21.8531919547219
23.5070304394145
23.1237097733196
22.8438054623756
22.2370707594686
25.1395881073243
22.1060829511404
20.6423910179625
22.0091815133381
21.1742524557658
21.973356391389
21.3155519995258
24.8433905171212
23.1901802851495
23.2979724495259
24.5869644998733
22.8126875197254
24.9099658980275
19.7339898543064
19.3961131210125
19.0182003952208
19.7558354084829
22.2364634048554
23.5853041808537
23.5391921546657
22.736197920266
22.010227357316
21.7507621561993
19.7055401731198
22.2682771870356
23.2328935807364
23.0787257662835
25.754528862962
20.8189303220114
27.6872391604241
27.2868098265063
27.1249525743038
20.7697687481231
27.1374902961604
19.8620001633817
20.0467780070389
24.795893291677
25.0249240419045
21.7006095899131
21.3481637294841
22.8603746432549
22.3722224105855
21.3866225949845
21.8684224514883
21.6989443475297
24.8881017763514
25.2811832707535
23.6274841889324
23.7862291039181
22.8359103481728
20.6670413302228
20.2431989073702
24.1255086679891
24.1278556976474
23.0497680666393
22.2596960989429
21.6759188728868
23.8432556394173
23.3839648096654
22.6157896500691
23.8941060778067
23.5438194048751
23.1186888968355
23.0297011357809
21.9509569816694
21.730091825014
20.572788067044
19.4365068471107
20.5785903941929
19.1781853869818
20.6487743578495
21.0363288939602
26.9716723738489
25.8036517843596
24.1101928637973
23.5713071607225
23.7766201407433
24.7937460010998
24.3059893354801
24.703146909776
17.6153837354726
17.9047477627001
19.8658647358668
20.9605612822307
21.4437556535914
20.4723819106369
20.9257845342635
19.7364937620363
20.3024964671912
14.5762139418566
19.5854018797348
18.5222771339765
19.2253649726287
17.2065643860489
10.2496011268701
21.1522605777596
20.5029280783259
10.7081115381701
19.9434671751231
9.75417097383439
17.6612725257678
17.5047781957668
17.3033456184787
18.2428359070807
19.2257487947889
20.0476601047989
22.5308431831354
14.8296635115343
21.0023344155348
15.8911362700396
14.1041561635199
19.7946738526836
20.8171076898479
18.9842252734356
21.0474695081464
19.092398101754
22.9086739460779
21.9584740696822
23.786653530862
13.7889097558667
22.9236734756527
17.7024602738159
17.2862094654051
18.0510770926555
17.0905025509882
19.1095258796785
18.0557921502958
15.5302746258771
18.8581974062147
17.2495652964765
20.204615890084
19.173236902689
17.647070315556
15.8348386647832
12.9672002099801
23.2417222357756
21.3214388596213
13.2701628131907
14.720905659855
20.821090195645
20.4175891951291
19.7161011093172
19.6978710193773
18.8030310603114
20.6182880816501
19.7579521630994
15.7051395426025
16.1165513285039
16.2301431599561
15.3682680867343
16.5670146158243
15.6242902727084
15.6041222156606
15.1564045796488
13.7953823175131
14.7022167256889
13.2448186417926
14.7785165101097
15.084924142128
19.0504928563897
18.2208059873437
17.5162223806875
17.8372696023309
19.6814532034235
20.4393343323456
20.8481812881954
20.0198316459969
20.5593215273157
19.3637224042103
20.1058653428775
14.3874429375098
20.2530783620446
19.5174548179674
19.8147811881825
18.4457259509034
10.5634518421099
20.8189316030769
20.1707144463308
10.6813881901931
19.4525286510761
10.1919155497011
17.166327085976
17.3233810924476
17.1219485151595
18.3146794165163
18.7479085472469
19.7120654672384
23.1752114969936
14.6564336103399
21.168940345411
16.6143037805185
15.2843387887381
18.767499117468
19.7901108992103
19.577947696716
20.9923058025132
18.0768899878238
22.5187476531728
21.6739295218072
23.5533806183134
13.1509724869227
22.964242480611
17.4911822466578
16.4667901369276
17.6468143048473
17.0771837236744
18.0887727963062
18.0081988682279
15.1980079628816
19.909521390333
18.7705401621503
19.5827553547261
18.8248992926692
16.6023537316224
16.8285084785014
12.1951659229039
22.7240756451255
21.3292901816742
14.1078049317702
13.7258414056373
20.2521240694056
19.8106542930882
20.0852835471925
19.5727623726632
19.6188448597126
20.0336320918438
20.0919397071737
15.5804316366439
17.5708425571235
17.6611131943074
16.558357372653
16.7065086525666
14.9863530037644
16.2538702454599
14.1423514038422
13.276563018332
13.650812709298
12.2107383285339
13.693504295332
13.9999119273502
18.5016925530454
17.670969457403
16.8370179425439
17.3873724736131
19.0363220830162
20.0645231003403
20.8138055719337
19.9671412720252
20.6924542573652
19.7360924939588
19.1428908919435
13.8462421561163
20.3805312138773
19.1743861051396
20.2148932216887
19.3206594589338
10.0118495786842
20.7590833709789
20.1418705027251
9.73516993436826
19.5557537539435
9.93360129534005
17.0451448775704
16.835284468751
16.6338518914629
17.0466218998286
19.3824795936643
19.9841359541077
23.5889662728449
14.7491484038846
22.3722679415747
16.8482496610385
15.0160124126539
20.2594193966304
21.0220456770954
20.5596139828213
19.9118201380101
19.2127093058598
22.0357074427775
21.3411812096385
22.7417284875769
13.93149878744
22.8464745817379
17.9056708742667
17.6567527344356
18.1829180222598
17.6563906151387
19.9540326939083
19.0085948608128
16.0363392889672
19.7343556269164
19.374208807211
20.7543783208513
19.8141831725271
18.1608824227096
17.0734963927978
12.8671036784786
22.6702626756531
21.4106613566942
15.0496786172533
14.8905935819671
20.3951130802131
20.4327640834828
21.1743704729952
19.4186626337863
19.9565486185544
20.6334629700038
21.1864513036183
16.5853564271065
17.3902450949382
17.2566771930708
16.3847347861376
17.4844924686772
16.0063318208035
16.0465035783109
14.9541090045745
14.2979337577834
14.3605912301859
13.9456382350796
14.5393526168226
14.9190050090034
19.190915636678
18.2042538842659
18.0187936597064
18.0832292626836
19.4326644496939
20.4844786118496
21.2387875432356
20.6173730291885
21.3674416279235
20.4154083333636
20.0608089541178
15.0246453410971
21.3174063888523
20.2290788668101
20.6583816602493
19.8449759836278
10.172774452393
21.2439983069137
20.6101446286396
10.1416990079125
20.0659380659486
10.3453073908409
18.0534241163911
17.7391402980002
17.5610538651158
18.3410383514508
20.0797376532971
20.435822555214
23.9827835192621
15.9199956210287
23.0238296099517
17.9424464046439
15.9507418382382
20.3587274615651
21.2084629797006
20.658922047756
20.695410266433
19.9630786699473
22.3849773850125
21.954512590361
23.3448154321733
15.0778325882293
23.2700157818505
18.9505918717171
18.6489003378489
19.3466164156591
19.0650913420587
20.4809774949779
19.6392845377209
17.2479918854272
20.5827866423922
19.8831350535764
21.4652706412657
20.5587047107611
19.1237692691838
17.7902899926384
13.5838972783192
23.327590940166
22.045635257685
16.0537553191386
15.8946702838524
20.431225058266
20.202211445766
20.9484223334731
19.200296106117
19.7581693251537
20.3685807596615
20.9769918231447
17.62419806077
17.6551113846734
18.012686399859
17.4140741659779
18.2405016754654
16.7698175312834
16.3032826829554
16.3106445327195
15.3937107483571
16.1036578426362
15.3079314017815
16.1414328692787
16.5268696342318
20.2076503231406
19.2154732317634
17.9170068045595
18.4640014187616
20.0020182039651
20.7343535725941
21.4342985394582
20.711556829513
21.3978169159956
20.4779851934356
20.1559909342178
14.9085676896765
20.3784776751704
19.5878359105795
20.0919509352932
19.3313289963134
10.66543170244
21.3531222774703
20.7015801752177
10.6157257737851
19.9913495339869
10.581331837305
17.9979845015666
18.0501019216434
17.8486693443553
18.5991503739993
20.0855971140332
20.4731399821259
23.5151715087538
14.9813525968085
21.8434251497176
16.9586801920734
15.9374966122366
19.3496442466475
20.2515344352891
20.1600928258955
21.0130713665779
18.8127531958629
22.8176910281311
22.1724386829667
23.9750506612635
14.7346493000127
24.1072890767707
18.2162424678564
17.3676371019882
18.0337847531626
17.8867471187441
19.1470711489822
18.7226191711078
15.8821913754563
20.2035540376278
19.8669543402461
20.3631428871943
19.7202682999412
17.5024828337429
17.4355103804565
12.6395983485084
23.3419841365576
22.2921733431787
15.4637271483331
14.8104613087981
19.8528403706752
19.9074978995162
20.1683288351127
19.226152347722
19.301885493934
20.1115217315437
20.1919974781387
16.689896134951
17.8936118072966
17.7616321802224
17.1266980813525
17.3248302338208
16.4358990547479
17.2043042442341
14.6815929436059
14.5120438004385
14.4449530831317
14.208365483435
14.5085491610275
14.9432901146288
20.1702316476773
19.3728892719466
18.3788823884794
18.6848944144738
20.3877280791257
21.4824246254895
22.0061008893711
21.0384499307607
21.4700126190074
20.5501713606123
20.8297291368801
15.6751999344065
20.1250744411822
19.0486315779589
19.7419301657871
17.7751968945764
10.6714228666134
21.8692489081446
21.2165914632043
11.0927050508735
20.6571305600015
10.0760405952106
18.3446850039776
18.1962008916933
18.0196657626743
18.9507066049441
19.9240495071415
20.7459608171515
23.0455629792261
15.6285143719576
21.5045929563206
16.7316852360709
14.9895455451598
20.4315382734902
21.4184782465025
19.6210896942423
21.496401936761
19.815244003026
23.3904149770279
22.4453823613348
24.3370834040434
15.1501054554125
23.4741033488341
18.4276068023775
17.9934487071537
18.9184879614754
17.9579134198081
19.8058524762711
18.8289443395502
16.4164245574519
19.585862322605
17.9690210506726
20.9247014194589
19.8940845775288
18.5776177476612
16.7653860968884
13.8825472987733
23.7680892012348
21.8293369012213
14.5893808925805
16.0401237392448
20.515809068431
20.0704174082556
19.3992321697003
19.3610677639941
18.5099360431448
20.2744412402831
19.4526710358853
16.5014859161553
16.9149133585621
17.0285051900144
16.1666301167926
17.3633609893772
16.5086788232709
16.488510766223
16.1913183304988
14.8790802324913
15.9889599170124
14.5761786232563
16.0652597014332
16.372174626499
20.0412555660686
19.2010306660756
