6.43529480173057
5.84054524920239
5.88006272567772
6.92855324168848
7.00067842268253
6.99147534431577
6.79674422849357
6.73287365933395
8.11209104132059
6.77867340544187
6.75722675201824
7.61630306190252
7.19540953850473
7.88713919469357
7.55685896526774
7.61725152843488
7.5810479617905
4.41305993957474
3.92801489370999
3.74309043724848
5.15416493862143
3.90259161336601
4.96924048215993
4.29927097983368
4.46020566768917
5.12874165827745
4.3234851367638
4.48419543629517
4.79165071326521
4.80853018262856
5.54963518167526
4.4587721559512
4.67786175352416
