13.2607185753052
16.6962498722587
8.88906491720393
17.187035273602
18.6283527967153
10.5061598746134
10.8447235451605
14.8371255658152
10.5840040058258
14.4675836854356
14.6548314201961
5.71985641284305
15.262015945993
19.2154497674551
18.3057916598374
15.92474088033
12.3838476777704
19.4251167141458
19.6060243305659
10.9700689933386
12.3846317605525
11.242917263307
7.79307322339156
7.24601175319758
11.6571760426138
8.32278484451208
9.60808610146537
9.8063796151488
9.80006146297013
10.4972316568698
16.00599847173
3.49435445153473
17.1060238311981
17.4714051285864
14.5215715510379
13.1612961064516
10.2164572044283
14.1728471728507
12.5220943293982
10.12207875709
9.16812758908792
12.4958921805581
16.583576923179
15.5552848336038
11.6941084887938
9.2738503775702
15.9691197405804
19.2277171034008
14.7754590030112
11.6862047450999
7.85430980972382
4.34526874883588
9.92908211494203
8.12382056292218
3.01536904797628
10.9724518021772
16.5250245274495
3.99186700286295
17.6035363825263
18.0827135399003
14.7142315053943
13.7556091519785
10.6916773497358
14.7534495050481
12.7697047947601
10.7026810892874
9.22951192163149
13.1563798992011
17.244064641822
16.0754961656281
11.8809952560872
9.79406170959453
16.5775270725623
19.8964558182317
15.2956703350355
11.9512307005354
8.04119657701721
4.96111063218953
10.3496844471394
8.40559589563882
3.63121093132992
9.99990150776336
15.4522339877159
3.63337855182612
16.518999050788
16.7474960737753
14.0515043306308
12.3954332208406
9.70086127484987
13.3932735739103
11.8920271089911
9.34250515814956
8.98692954980183
11.7808700254104
15.8685547680313
14.9307593700727
11.4331610214119
8.64039657676067
15.2623485816206
18.5038080485897
14.1602709826737
11.0561375246927
7.59336234234195
3.65109525937651
9.5412753341858
7.49375334251503
2.37227291094993
