17.8962184577361
18.4159485317657
19.0700482314959
17.9568541220573
17.929780485875
17.7872321176626
18.0773114228694
18.6768632201161
18.3695499301771
19.2090322691876
18.8583748839262
17.9768344968744
19.6730956500466
18.882243803102
19.2063597012546
16.6263871089082
16.014108859443
18.4264947744208
17.5742875339971
17.5371145926352
18.9971967933832
18.8210326566274
17.8944603235992
19.0298044997539
17.3356662978695
17.0595660085713
18.023789713994
18.2260027182206
18.558496899978
18.0454782991131
17.2940377602855
18.0957639781354
18.5987682099139
17.769378009815
17.4825236891101
17.9502952831573
17.5602640693287
16.5594515169715
17.2553966980984
16.954036443653
19.2765249924754
18.2475386690751
18.4755027946722
17.5587992914633
17.7172750436423
18.8872561315415
18.0901088960077
19.2849457677828
17.8217558239138
17.7365439408753
19.0754618076337
17.2058100126487
18.0928436513697
17.826399062637
17.3739157906177
16.768223360098
16.8351589520348
19.2542883293691
18.3718739109638
18.39509030015
18.8458609095777
18.678484288415
19.079403073281
18.483430439331
17.7422082479186
16.9959676369052
17.5396359434643
18.2083858303453
18.4164948473943
18.8072509798381
17.8869921350088
10.0016423761474
17.5784805705843
18.0735604221207
19.0648947986736
17.1514452064958
17.0646473185033
17.0138462040757
17.3224502000215
18.7432113005259
17.8500812664413
18.6155805312614
18.9801041702045
17.0706556808906
18.996021153846
19.0019568158353
18.5887387627164
16.5060132812166
16.0738601140641
18.5907446710263
17.4151706115184
17.5662522768203
18.9046713430251
18.0253358329559
17.6671174243666
18.3326454158067
17.0633652063355
16.859376474867
17.5065825357672
17.7627137444548
18.0941807511124
17.7662508392699
16.7344087652529
17.6163627999894
18.4063245980872
17.5622621078014
16.9908823552391
17.105739323266
17.5664041558234
15.9156482651741
17.3913398172061
16.6309583111304
18.7961422828238
17.9434279404383
17.9831965263648
17.1456295656675
17.3333998343531
18.2021904239588
17.5297391061629
19.2681700332506
17.3923704739754
17.6029408802039
18.7879124133043
17.0031612811028
17.0403007012887
17.4085889367583
17.2895087386456
16.2229578480249
16.8133228640674
18.7676025968642
17.9504840131403
17.8620258738899
17.8599041684884
17.894880841108
19.0808805989105
18.8124834880539
17.6327693141978
17.5715640291027
18.0224587797723
18.4039072869469
18.1351547710971
18.6050585078125
17.3090532171386
