6.49294120027735
7.70250200900494
7.70976348979784
7.04371906194447
7.16378695821282
7.93960192153384
7.03886155070848
6.87315497785137
7.89763898139212
7.71775167798226
6.61244857290046
7.70922821104313
6.6868455068339
7.68623056866024
7.08450001474915
7.39159484066501
7.40761612130777
7.59287199662922
7.18980284059495
7.191657123967
7.2760283005448
7.45907258536116
6.65163165203646
7.84400026894286
7.52061564421564
7.24737103504333
6.52355468190456
7.75514012930618
7.34122991297267
8.42521979268502
8.38955185401772
6.72649363025397
7.36313066114081
7.07716817030412
6.77443499424352
7.96584210606327
6.65987788853926
6.76790734626268
6.92638913592549
7.44044600244476
6.34463000950301
7.2272589001926
6.63086284901743
8.22607674618919
6.73381538423183
7.07780200127118
7.37250127653864
7.29855313790918
7.44529535984778
6.8278657740311
7.33335055294128
7.60579735838488
8.45972955395849
7.93141017716384
8.74554961974488
7.70863476823219
7.59695961953512
7.38930464264024
7.40379467682629
7.51515972295201
7.2253471401869
7.33222567194103
7.2778010134655
6.47223681158398
6.93975784922942
7.60583790705034
7.64424993371559
8.34434583359082
7.55028772676816
6.61189070772983
6.76138590384838
6.66198795706958
6.54929202195726
7.06524109906123
7.09134139809606
7.43247321151698
8.52637143535171
7.35051199772974
6.73854205940343
7.9477187750379
7.12464498139711
7.20669220600692
7.63174461601426
6.05996234520931
6.68049841226656
6.33738706505349
8.26596146995105
7.733909799592
6.14776558010088
6.50855028215456
7.75785611729653
7.02652158488275
6.43782279719265
7.65443907240754
7.95085893638816
9.12542846806139
9.0117947767867
8.84246737893216
9.67434072861442
7.51333055211126
8.99036717001641
9.40005050614546
10.2520621687623
9.61359442240709
9.35274065695335
9.05894615087933
10.1666105430513
9.93703230291209
10.0122642400297
9.93839744216669
9.31346185526745
8.2075606777189
9.28808738318029
8.74126804072204
9.70529705960719
9.53217741666006
9.06001215259824
9.72499029987992
8.91259825310061
8.81787104209373
10.4448256998659
10.0978924532399
9.53243745590288
9.76654517261113
9.39859252260368
9.73388873880711
9.27612486488077
9.29960931597061
9.39153976672542
9.84596944128488
9.64475117750541
9.46164968360779
9.14478678804326
8.98911395480587
9.0957330569762
9.75209662750541
8.86156976737384
8.76555455067117
9.47036205033245
9.01809123302434
9.42809563929909
9.06813109684127
9.71352349005255
9.19142347606456
8.81436496428157
8.07834474825678
8.82393011748796
8.57519397402856
10.069638589832
8.82909044586469
9.64666124611104
8.43104231508252
8.8895898366351
10.6753831073933
10.3109754943191
9.31732427739259
9.3237876397401
8.606042452975
8.64717556227743
8.74125412711741
8.94792145397091
8.92484027013668
8.82341851759981
8.62232318726496
8.73060308104454
8.71949307578743
8.77877916833757
9.30953383170579
8.07108847505497
9.90131862212677
9.56299561285597
8.8865462739291
8.7350087443984
9.41803176920251
8.42546299730007
9.20679999855695
8.59889710135128
8.38132584360613
9.9130496581177
9.72110583678419
7.71374676735101
9.87992731054305
9.19671362554574
9.38053569444587
8.67029737126502
8.97120192877246
10.3229800169465
9.54736896840204
9.48782342487041
10.2308423755467
10.5505847210013
9.09798587861746
9.94692755291712
10.1020466604049
8.15257217116616
8.89916104472624
9.61587584859198
10.535360579397
9.66895080748156
9.46773496299378
9.48665208266976
10.2219669281258
10.2203307135467
10.0836820613204
10.0386350955899
9.15693765099801
8.42338602016544
9.13156317891085
8.98591321530111
9.80553471303046
9.79941439107844
9.11536853767271
9.7803466849544
8.98401607439132
8.88928886338445
10.5162435211566
10.1532488383143
9.8157358665375
9.82190155768561
9.30170623930022
10.0171871494417
9.34754268617149
9.93885093502551
9.48624311152393
10.1292678519195
9.71616899879611
9.58447913687036
9.47201050501663
9.20493929725241
8.79299516393115
10.03539503814
8.93298758866456
8.83697237196188
9.68618739277898
9.23357167339141
9.4995134605898
9.35142950747588
10.0400534833574
8.88833676143048
9.05278210656741
8.50570577796776
8.52084340285387
8.84243094844695
10.3368755642503
9.11238885649931
9.5576101100297
8.50246013637323
9.00423924059608
11.1705621073718
10.2226180819062
9.58456125181097
9.23543022732726
9.10122145295354
8.93047397291205
8.7966105121919
9.00327783904538
8.83578913405535
9.10671692823443
8.90562159789958
8.5740788767751
9.21467207576597
9.04601614275596
9.52751416336115
8.28691381750149
10.1171439645733
9.40647140858654
8.73002206965966
8.8064265656891
9.70133017983713
8.7087614079347
9.27821781984765
8.44237289708184
8.66462425424076
10.4082286580962
9.6242195534807
8.35333328848535
9.78304102723956
9.31205675317521
9.87571469442441
8.99682736456992
9.43756109661845
10.2260937336431
9.67054332374407
9.81469832025476
10.3022601968375
10.622002542292
9.38128428925209
10.4132867207631
9.7877588227325
7.62640374414988
8.87639615723634
9.51346860026355
10.2210727417246
9.49962340962702
9.15219387636362
9.17236424499741
10.0526395302712
9.90604287587436
9.98127481299198
9.90740801512896
9.19949084248737
8.32097877183699
9.17411637040022
8.85468613484012
9.67430763256946
9.41820640387999
8.94604113981816
9.61101928709985
8.88160882606287
8.786881615056
10.4138362728282
9.9839214404598
9.50144802886515
9.65257415983107
9.19985190963376
9.70289931176939
9.24513543784305
9.41268250800924
9.27756875394535
9.81498001424714
9.61376175046767
9.34767867082772
8.94424000745352
9.10253204892395
8.98176204419613
9.72110720046769
8.83058034033611
8.73456512363344
9.58378014445053
9.13116442506296
9.39710621226135
9.03714166980353
9.51478287708263
9.07745246328449
8.7003939515015
8.19141794029541
8.70995910470789
8.46122296124849
9.95566757705188
8.79810101882697
9.53269023333097
8.4000528880448
8.69084922366517
10.6443936803556
10.197004481539
9.20335326461252
9.20981662696004
8.57505302593728
8.6161861352397
8.62728311433736
8.83395044119084
8.81086925735661
8.79242909056208
8.59133376022723
8.61663206826447
8.6885036487497
8.6648081555575
9.42510691503271
8.18450656917305
10.0147367162449
9.4490246000759
8.77257526114903
8.70401931736066
9.38704234216479
8.39447357026233
9.17581057151921
8.48492608857121
8.35033641656841
9.88206023107997
9.52236522381426
7.82716486146909
9.68118669757311
8.99616684495601
9.34954626740814
8.47155675829509
8.94021250173473
10.1242394039766
9.43339795562198
9.2890828119005
10.199852948509
10.5195952939636
9.06699645157973
9.91593812587938
