2.01035075271612
1.59330482883689
0.608248739444626
1.43220939430785
1.43220939430785
2.01035075271612
1.43220939430785
1.59330482883689
1.59330482883689
1.43220939430785
0.608248739444626
2.00088509338906
1.43220939430785
1.43220939430785
0.608248739444626
2.62519129739908
1.52194025110055
1.302713647584
1.15374780509833
0.712132421093287
3.06680668140412
0.643144927028487
2.16508517812905
2.67568805619889
1.96562257684356
1.05580587492594
0.643144927028494
1.81331652565384
1.37170114164879
2.40723796084863
1.30271364758399
1.69895080195445
2.19296428468422
1.54482598811629
3.38860201625884
1.91317491672009
1.98246974563576
2.85375173361183
0.673544000140232
2.57274363727559
2.83056347220906
2.6645208151315
2.84587033135357
2.67568805619889
1.25527798160406
0
0.871281987976047
1.9745883433775
0.595709261048562
2.11764951214911
1.95160685507155
2.54027594551208
2.16508517812904
0.659568720555498
0.595709261048562
0.565687602134567
2.57029760442607
0
1.52194025110055
2.11764951214911
1.88070722495658
1.69895080195445
0
1.25527798160406
1.22525632269007
1.91072888387058
0.659568720555498
1.05580587492594
1.65151513597451
