12.5510705188073
12.765328420441
12.7173115275903
13.5638689126179
13.4324742756284
12.4474644134677
12.594097094152
12.1839205147873
12.5977088398167
12.3116576828781
11.6592965226243
12.4474644134677
12.594097094152
13.067595646047
13.5132956445168
13.5168207748067
1.17987885181171
1.78424595964299
1.67351226420748
2.03862981084175
2.52199649895762
1.40366515008482
1.55312716866223
1.48663293509431
1.3959680863847
1.16410393935543
1.34971929865579
1.50687838093332
2.5027258366742
2.29686534127812
1.23703126681065
1.38366394749503
1.31121125802378
1.21074226036482
1.72603104137207
2.16744143276636
0.76513619518191
2.96413592801652
1.65271328712463
0
0.64475109963665
1.14404982204369
1.30027976212943
1.75638410652942
2.18562943348134
0.495289081059248
2.9823239287315
1.62649614065352
0.64475109963665
0
1.28472404682471
1.3042574734217
1.82941729940767
1.48360623736865
2.36562108114667
2.13402145140054
1.11074020158027
2.09577396702402
2.0695568205529
1.13375087419806
1.40209651882527
1.07987218453314
1.13375087419806
2.85758627052998
0.628654762581739
1.77612708678329
2.58773915640732
2.6059271571223
2.23996203847698
1.53108936192944
2.1197691561076
1.67048556648183
1.55048575362635
2.67117123908584
0.914598213759305
1.820332867749
1.55048575362635
1.94366397200321
1.69244837552521
