25.3652312727421
25.3473856043946
25.3043716823224
25.0866261920762
25.129125675659
23.1180323473976
21.8745763571819
22.8121988183754
21.8407317711967
21.7210763659926
22.8854325966702
28.5158436706176
27.7973355495259
29.0031836216787
29.316224987028
27.7543216274538
27.7678286304057
29.3592389091002
27.7973355495259
29.576952081141
29.4721435336706
29.3700344472251
29.5213050867605
29.4782911646884
29.3678282701162
30.7714232294001
29.5339381590689
28.032967123273
26.8405492033499
29.1732763068868
29.2910910035933
28.7770910086553
27.9917240484809
29.1867757400389
28.8814062722097
27.607975736008
24.2831313923525
24.0974403411021
24.096953341004
24.2826443922545
22.7093552759046
25.7112046241294
22.8520324050829
34.8440218529797
34.8471772582056
34.8275791821034
34.8471772582056
34.8275791821034
38.1704184159958
37.3284929407498
37.2444668978167
36.665453912798
36.7494799557311
38.4946615757222
38.0986311667144
37.6349254585519
37.8624053725016
37.8931597016714
38.2584357815094
39.3760327719115
38.9635085950767
39.3606099028707
39.8876237732128
38.9891012155278
38.5273322577782
39.9720067502264
39.0734841925414
41.0757694750825
40.5893592603535
40.8514818425558
40.4717556077078
40.386670977897
40.332552604992
41.4717998840903
40.9906848452717
40.9048218982431
40.506628387535
40.8936052749016
40.9068196263985
40.5184374131908
40.3628872607077
40.7599885685017
40.7752440685523
41.3634124057291
35.8173020218252
35.6684546694181
35.7784302668828
35.9272776192899
37.8760896090547
39.0594882923512
37.9401999152651
38.1356973454311
37.2802649345891
37.1958819575755
36.5646071770478
36.6475368176498
38.4734153753876
38.0773849663798
37.5072294675876
37.841159172167
37.8719135013368
38.2371895811748
39.3281658992484
38.8358126041124
39.2329139119065
39.8663775728782
38.8614052245635
38.4305516488965
39.9507605498918
38.9457882015771
41.0554004123711
40.4626536230971
40.8311127798443
40.3450499704514
40.2599653406406
40.2058469677355
41.4514308213788
40.9703157825602
40.7781162609867
40.3799227502786
40.7668996376452
40.780113989142
40.3917317759343
40.2361816234512
40.6332829312452
40.6485384312958
41.2367067684727
35.7208868458513
35.5716740605365
35.6816496580012
35.8308624433161
37.840066294013
39.0400221727648
37.9041766002234
38.1356973454311
37.2802649345891
37.1958819575755
36.5049692560818
36.5878988966838
38.4734153753876
38.0773849663798
37.4465329597439
37.841159172167
37.8719135013368
38.2371895811748
39.3281658992484
38.8358126041124
39.2329139119065
39.8663775728782
38.8614052245635
38.4305516488965
39.9507605498918
38.9457882015771
41.0554004123711
40.3956179504547
40.8311127798443
40.2776573637286
40.1925727339178
40.1388112950932
41.4514308213788
40.9703157825602
40.7781162609867
40.3799227502786
40.7049434020012
40.7170862850132
40.3281614880621
40.1716873700662
40.5702552271165
40.5849681434236
41.2367067684727
35.6609001032963
35.5116873179815
35.6216629154462
35.7708757007611
37.840066294013
39.0400221727648
37.9041766002234
38.1956840879861
37.3399028555551
37.2555198785414
36.6765068935227
36.7608898705364
38.5341118832312
38.1380814742234
37.6796106907642
37.9018556800107
37.9326100091805
38.2978860890184
39.3878038202143
39.0078368932085
39.4042242362968
39.9260154938441
39.0327278608624
38.539103306081
40.0107472924468
39.1178124906732
41.1256795561993
40.636821363248
40.8999033403614
40.5207062939135
40.4356216641027
40.3800147078865
41.5217099652071
41.0405949263885
40.9558177562968
40.5576242455887
40.942491367098
40.9560545401839
40.5657882801283
40.4121221744931
40.8092234822871
40.8225949354898
41.4160537622556
35.8294135894276
35.6802186534064
35.7901942508712
35.9393891868923
37.9004058677762
39.1104841504049
37.9645161739865
38.2560236617493
37.399540776521
37.3151577995074
36.7361448144887
36.8205277915023
38.6063539416195
38.2103235326117
37.7518527491524
37.974097738399
37.9984033122361
38.3701281474067
39.4477905627693
39.0767266778983
39.4731140209866
39.9958560210601
39.1016176455522
38.598741227047
40.0805878196628
39.1867022753631
41.1987743809173
40.709916187966
40.9729981650795
40.5938011186315
40.5087164888207
40.4531095326045
41.5948047899251
41.1136897511065
41.0305580794876
40.6334567716936
41.012953344738
41.0265165178239
40.6362502577684
40.4825841521331
40.8796854599271
40.8930569131299
41.4963689678023
35.8897531631908
35.7405582271696
35.8505338246343
35.9997287606555
37.9611023756198
39.1949546677832
38.0252126818302
