5.0854791947198
4.26117521513227
4.38861961403995
5.09020810214651
5.281823469152
4.90254574045712
3.80558596657477
5.20067531868359
4.17646051290445
4.35642790995406
4.25129895159658
3.98830980352172
5.56529695448302
5.08365315377795
4.73765249472832
4.82167688126435
5.17184496521337
6.88210430462546
3.14172495554131
4.25663982033809
5.87917704126536
5.60458536497902
5.93195915403105
4.37358665963751
4.59887632039925
5.4241322593673
5.43932728850865
6.92818972367768
6.11232349459691
5.75159369167011
4.50422503052215
5.10630363510087
3.2238581741066
6.30541648719744
5.06360307153104
3.4284327450347
5.85647474703515
3.54178365311932
3.76002031441364
4.59299716010796
2.78052865705512
4.2255514728821
5.39919292922438
2.94695861826165
4.51615202848299
5.90342236294829
3.72132203915821
4.3381538039616
5.81347675927752
5.46508469272078
4.16853010120433
3.29245603796669
4.3571149490532
4.06947641017544
5.70322891589384
5.30354074843231
5.28840011039748
4.63126279980145
6.82488096862116
4.18376291814123
4.54740903436296
4.89630134402537
7.10463909404164
5.89504600377869
5.56985379543168
3.98682225509847
5.28200100012727
4.79376665558949
4.92345637300364
5.20083033554384
6.43869957862611
5.0916492395537
4.40734520640306
5.29228389329135
4.68228351369365
5.90431466511029
5.28858321809307
4.49306632784877
5.5781916295288
5.4902880373368
5.84987185466018
7.17953732326397
7.07516108823602
4.09016320901846
5.1872586864591
5.23787707333788
4.93211752574909
4.66309416175065
5.51408146527451
4.87087454488481
4.8948703379406
3.91580535280896
5.08363295465463
5.02294885527802
5.14304412794721
5.83364863211506
3.85909381930827
4.80432009085575
4.81561254969674
3.45822927062137
4.6469056753392
5.85418420893865
3.91724263718961
4.95311693844109
6.1267888183168
5.25309381431155
3.88348417602553
6.06652424856256
3.44746075738193
4.8987782675155
5.34689202282693
4.67960713332371
4.71329993201612
5.79177818638312
5.2064557459445
4.31303715498633
4.38354514393831
4.93369777085421
3.5885772883362
5.22578816715661
5.05176303464533
4.49578670281622
4.32785903316459
3.54784457967676
5.13323289384867
3.98671308435873
3.72784855825201
5.84511035235106
3.60246584620506
4.62485268822391
5.28044753988245
4.49778993856525
5.45276389752366
5.39877828746124
3.40666205155149
5.55195184410688
6.03703790924198
3.23138486483865
5.86615480776637
3.91959494786401
4.48443892761156
4.78398384646908
6.44761334856237
5.64844599656229
5.41240902612182
3.29595417214338
5.57647263250189
5.22097912346634
6.03449219169045
6.02370201568839
3.99955445872751
6.80032282888061
5.56709344112186
4.91544268824327
6.5161268735235
5.47873779832472
4.08596106862969
5.10531457040918
6.68194617531568
4.42564566998923
6.03455430119123
5.07090423382979
4.3513240517502
6.65390491527543
6.88509580356228
4.31325214346782
3.79458655845377
6.55038581223791
4.01710922196855
5.73847522319842
5.95051194335079
3.95924834663678
5.34167145947054
7.24946150779821
5.53782358015476
4.17280929428475
5.1925616141779
6.64958763891107
6.0896874486982
6.85537515304055
4.9938354416247
6.32501102885315
4.47112128909408
5.18552548358873
5.31751986880526
4.83767585219874
5.3977255132126
3.62339923647418
3.62339388282872
