12.5436665276339
13.16101601979
13.9998688323287
12.9320010495682
13.1822252533456
12.459938935615
13.372261085187
14.2098419658311
12.6674305120743
13.6558678605188
12.8796548279752
12.9867316507343
13.0972911807841
13.2600423674466
12.5637045840633
13.0635717923745
12.207713530709
12.6153258628887
18.4368974090296
18.4368974090296
14.1514269622918
13.9910190761245
13.7523446817919
13.7544007547271
15.4555530164954
14.2752303873195
16.1302657829071
13.5847544660176
14.4800463167224
16.3081034495142
14.3124561009481
15.4446124623023
13.4280032507753
14.3156721665489
13.9615898474961
15.5015175483868
14.4873799592167
13.5786167695267
14.1514269622918
14.1438448570168
13.9020598195056
13.9041158924408
15.4555530164954
14.2752303873195
16.3684351982761
13.7622210796582
14.6297614544361
16.5462728648832
14.4652818818405
15.6827818776713
13.6661726661443
14.5538415819179
14.1997592628651
15.7396869637558
14.4873799592167
13.5786167695267
