3.35561686790107
8.784454151312
11.942590776693
4.69807476830414
7.99725750184791
9.08770095197227
10.595968940195
10.0496560185917
10.2708819823042
9.69879160754166
10.8517392280992
13.1806366527624
11.4386456745826
8.48945310837243
9.83937149082302
10.7736341440649
8.72489302962331
11.1983439130413
9.0436626706241
9.56661707891924
11.7818376279788
12.9934617722226
9.32335965357518
9.16494234470126
8.33626390298049
10.2970394511415
10.0715148661213
9.2859169334016
10.6325387698996
8.73331390312208
9.77696021282629
9.21272411774324
7.1816944292624
10.1111557059097
9.93326105928483
11.1425995584541
10.5115641811992
9.33501321568499
10.4965046253206
10.6093423869121
10.6350046211145
9.26272055041416
10.5443517148542
11.2236285306083
10.9132389154172
11.0061945609702
8.87737163100323
10.7085412701077
9.79884688179043
10.2417115236419
8.86127533167693
9.74108654071134
10.2239934675012
8.01688512404531
10.7562114884219
9.40958965192394
11.6417716361214
10.3922487691286
9.73749553232861
9.24908167201823
10.13107598781
9.9957831631958
8.39072535797447
9.73734719447245
9.79549287787112
8.2747642156625
10.7562114884219
9.40958965192394
9.19777590164185
10.4687279580111
14.9370128713615
9.46982260651391
9.65543340182019
10.1182812583395
9.40087721771513
10.1749311913686
13.7187105304735
15.9080063118471
8.19966038126431
12.9930189109052
7.9736877589308
13.5027088465547
9.67647256623168
15.4520375607077
11.4462273159321
14.8414843973347
14.8218327871545
12.6053824004596
13.8600346516062
9.98529242231469
9.85121968232455
15.0537919708806
15.2974531484741
14.5055023798804
8.20083431736441
14.0359683439516
12.5814371258055
11.6820034551253
10.9638413656521
13.5685598175184
15.041695022314
10.568127734104
13.7802102177915
10.2464373250277
8.87710459851063
14.4841585922831
10.5220326735442
14.1171474591795
14.1292444077462
12.1892428896335
14.9347604611293
8.87593066241053
14.5364209206535
13.0545185982232
14.626837394829
14.5978232197412
14.2033769899128
13.648516029403
14.0967062777345
14.4153006951048
15.6421874130224
13.7923071663582
11.4136878414166
14.1287481239059
14.9237578222133
9.73236908798015
11.4311070124342
13.707139991278
15.0603633403902
14.1420031730541
15.2646114637728
14.3925323954681
13.587016342085
15.0849649295411
14.4440026925624
13.9081865544645
14.7137026078476
