0
0
0
0
0
0
0
0
0
0
0
0
0
0
0
0
0
0
0
0
0
0
0
0
0
0
0
0
0
0
0
0
0
0
0
0
0
0
0
0
0
0
0
0
0
0
0
0
0
0
0
0
0
0
0
0
0
0
0
0
0
0
0
0
0
0
0
0
0
0
0
0
0
0
0
0
0
0
0
0
0
0
0
0
0
0
0
0
0
0
0
0
0
0
0
0
0
0
0
0
0
0
0
0
0
0
0
0
0
0
0
0
0
0
0
0
0
0
0
0
0
0
0
0
0
0
0
0
0
0
0
0
0
0
0
0
0
0
3.63972962557525
6.65214263386886
5.50692415043753
6.38965787219295
5.3134659985117
4.40163146621475
5.83893737196892
5.24537047666971
6.12003328628286
3.09456220010651
6.2261461013372
6.72451970881296
6.14774677088515
3.06948147465302
4.55897099653415
5.97364398815522
6.28215593495402
3.01242695516589
2.72963719956161
3.97039998685768
3.48878707253878
4.58145611969385
6.13000630610862
3.95015419130653
3.40765086766578
4.30607764687152
3.22779910191084
2.41763745623558
3.83935733922301
5.54555209875089
4.28377690117768
4.1738184745485
5.32476356184947
5.06456900190212
4.46885973240185
3.38985655510116
6.01015625419425
6.37164845729508
7.1427518533452
6.35660066025411
3.95206382955324
3.59319944023189
3.92878977158887
3.10809956545944
6.31458638021458
6.28817252105913
4.02388009307698
4.33683976290878
5.01727994828452
4.7007390422893
5.89125505454977
6.35480966061957
4.87566855737644
3.68067667803207
5.36960484180062
6.33935341523826
5.16812565431065
5.65200458088237
5.91913934809694
6.30098748334404
4.24483947817592
7.22774921338804
8.08131444947052
5.87615613089579
4.78571064904219
5.97560271357515
4.1962889881661
6.89447520186951
6.24598115797885
4.99246397770563
5.16485779029396
2.76434207882955
6.28247380774275
6.61078658294086
3.86061119499465
3.7995770858509
4.4971338885775
5.94931068605586
4.54214875526487
5.46457639694783
3.40401966822332
6.31694196810789
5.42001458178369
3.89877763273943
5.66419946417603
5.83659327676434
6.30182316870962
5.81081168401829
2.03947261749209
4.71943586710746
5.17349282385563
5.4629249723495
4.63673994307108
3.34363315988661
3.4920391405179
1.84841454554648
5.88047538543187
5.88343268458376
4.68334306619848
4.71279621817244
4.65353691790537
3.78400272135089
5.77131748302465
4.26516560298513
5.40213406213957
4.02279517268643
6.08321020940175
6.15664100910828
4.1774270525149
5.30926549412324
5.70419284083249
5.58127047997061
6.02169556926971
4.10530292245441
3.64756808638211
4.2617817983194
3.74280379935827
5.0394448675653
6.10504797290787
5.35756661782982
3.43948857066818
3.66791603635004
3.22169108830134
4.65838321609221
2.52121267158136
3.53761317944203
4.29948026145635
4.52794440863551
4.58063678263673
2.96961389238808
2.96490914016501
4.99431297967447
5.47075975054812
5.97927494911047
6.09094155898157
5.3462910619824
5.08811823448514
3.92892033299689
5.35226163914781
4.32679011644186
6.05069487721951
6.17200844960901
4.21728894972932
5.11099120836457
5.11963082994445
4.01729184692522
5.25850440788418
5.46592315076551
4.1747726137619
3.35528534854275
4.89311563000145
6.07889304955396
4.64399833684394
6.39978180270568
5.20936051589872
6.53305208518109
4.73110237729705
6.49861481087259
7.19383550279755
5.22736062501918
4.35657370133096
5.62144108713937
2.22535113624414
6.00908944694377
5.41218423073921
4.30845601626704
4.48084982885537
2.18811035655935
5.91713411316741
6.5490773766651
3.1597152513801
2.80175050516195
4.82737370809094
5.75058508296241
4.06478552044439
5.13389261617011
3.73425948773675
6.11796999001871
4.85715898022392
2.76935484063864
5.48148386539416
5.75017519671655
6.39231729319453
5.42659107212096
3.64392904206541
4.06565082718855
4.57493653956772
5.23556512273554
4.44948881828801
4.94808958445992
4.98947785549585
1.57963205735302
6.84578242897458
7.00444500678389
5.81092899095256
6.60822831703803
4.87556722701926
4.14940086113428
7.52305122677882
5.25962158763531
6.51646380060965
3.57297503458335
6.60822831703803
6.51989180388195
5.79297454487751
6.23416740266422
5.25437270272941
5.56126916790122
3.17900863421028
3.76924582705287
2.7795462338109
6.03311958345049
5.5425666703153
5.86284452909192
7.61003205681175
4.79352742692039
4.71554801694739
0.655735810972224
3.58245583447018
5.32872427767446
3.52012967129698
6.20484637863288
4.59651945594827
5.76949186472305
6.03400961745472
5.16455539153781
2.84427934121497
4.95583313942836
4.9341472657849
5.93277730903291
6.07870139839941
4.80307123333267
6.64043401985625
5.5487847796637
5.4421741217243
4.99442323018423
6.80366582380096
6.67574891861243
5.66888052051942
5.75548886027885
6.41364035321563
3.92660606012062
2.79257347273721
5.66821671335332
4.03314099369286
3.93762874916515
4.88007993049252
3.86781789128724
1.75200492713732
6.45655406809439
5.20559633752093
6.50173240677923
4.5241194233698
6.27651185235334
7.3751771466795
6.40452446140539
5.35666622885678
5.53279894304197
3.86741510979096
6.37243669449741
4.07833675061399
3.33533562733343
3.99107143830565
3.13010940797085
5.81645152062922
7.11680010639886
4.22006873251412
2.20184499108698
5.20990076995365
4.70643379219389
4.89654799406878
5.94877738892888
4.16204253740504
6.92044708135734
6.55746855974857
3.89082808927253
5.72575841710892
5.90607485814381
6.28424673052031
6.16997865545785
3.58367870697222
5.21859165418915
5.80039914358118
5.35470690940807
5.2352319822414
4.84068871584289
4.86869107663615
3.85705734092117
6.11682488420861
6.27548746201791
4.67294141089
6.07703277355084
3.53983439281062
2.96877380927876
6.76426525731594
3.35567393668856
5.78750625584367
3.37228816577962
6.07703277355084
5.79517978701953
5.53533307348891
5.50520985789824
5.05368583392568
4.62279862134484
4.74468307167539
2.50474240720034
3.22190589278473
5.30416203868453
4.95242654606733
5.30115510665573
6.28173411566164
4.60381493069028
4.49620467006644
2.46615510153103
3.51241677632925
4.93464243859791
3.53262472567347
4.72017137572978
4.57792442793203
5.21820708448058
5.64457768814628
4.44068018339555
4.10774657516126
4.2421447808418
4.97758041761927
5.53564310554987
5.72486069987608
4.06927856438808
5.91147647509027
4.83841209712186
4.44081135692372
4.70220225314355
5.65618378142561
6.19099776480838
4.62947686772206
4.94783053059726
6.1419218335543
2.43152641502379
3.78899860967221
5.4034708733481
3.7862180110513
3.45951301201342
4.8017470298745
4.93099731584214
3.44223740202493
6.304953137239
5.02865676534716
6.65422217701412
4.04600368621807
6.015165163634
6.68444173876457
5.28288339918535
4.27844734143774
5.20423661978005
3.48429221698846
5.24986525645816
4.52962188496982
3.7240138348562
4.21308297916175
2.33693713509845
5.62079911758033
6.75683433656723
3.42689645964171
2.25572538131515
4.98500764127319
4.3132364531058
3.44501800064583
4.51894646395238
3.98057158352559
5.48477397317914
5.06238891465174
3.66676143187654
5.53670513477143
5.77801997573068
6.37790101122142
4.77944706195927
2.45898186576744
4.11976770787538
4.92898277010298
4.96597019463311
4.04420028819216
4.04591272057669
4.13973353187017
3.04061400249176
7.13132115071273
7.25209038214751
6.07512928404054
6.86963239475256
5.36463637132481
4.41080493884881
7.74347416657
5.74869073194086
6.77079175970333
4.02176793559341
6.86963239475256
6.69228561647027
6.19175990697295
6.51970612440237
5.70316560373947
5.82267324561575
2.82159014750297
4.25831497135842
2.12381042283869
6.27443442440974
5.71496048290363
6.12424860680644
7.84192067385228
4.34473452591033
4.05981220597518
0
2.92672002349797
5.79680470946191
3.77445763039066
6.46625045634741
4.59651945594827
6.06428777361053
6.3497804822625
5.16455539153781
3.50001515218718
5.12822695201668
4.51982204736158
6.19418138674744
6.25109521098773
4.80307123333267
6.93522992874372
5.85361103217924
5.67406273876482
4.99442323018423
7.05131119916458
6.91706375957168
5.9636764294069
6.22356929206629
6.41364035321563
4.18801013783514
2.96496728532554
5.84061052594163
4.03314099369286
4.59336456013736
5.18230857798421
4.10913273224648
1.75200492713732
5.98847363630694
5.20559633752093
6.80655865929478
5.17985523434201
6.51782669331258
7.63658122439403
6.66592853911992
5.66149248137232
5.77411378400121
4.52315092076318
6.54483050708573
4.30899070483693
3.99107143830565
3.33533562733343
3.30250322055917
6.0368744604204
7.43257097120664
4.39246254510245
1.54610918011476
5.67798120174111
4.87882760478222
5.07686443510366
6.25360364144442
4.63012296919249
7.09284089394566
6.73778500078346
4.14515604836622
5.90607485814381
6.07846867073213
6.4645631715552
6.34237246804617
3.86921742871036
5.47999573190368
6.04171398454042
5.61611098712259
5.49663605995593
5.08200355680213
5.11000591759539
4.06080594687889
4.47108084822269
6.62143400036025
4.08444996573751
5.31128082256695
5.82346400241755
4.4644863352744
6.00042096065124
5.33479000055827
5.48019880750848
4.4516097825778
3.75015336769201
5.60086023016869
6.5974661798529
3.60912901718123
5.38578698046127
5.16509140031594
6.33548888243087
3.95611585189268
3.08565660639249
3.87537885545771
3.85674324032656
5.23695989102779
6.19746020566151
4.95975112307208
4.32010637867333
4.79678963585916
4.50646189483112
4.03363367112087
2.93015920105914
4.7077976922937
4.99713764594199
4.73719135023824
5.27698222585137
5.27048003724972
5.28562239455314
4.35801718951782
5.2457111890207
4.1606842705973
6.76069277653841
6.760514349503
5.06999481755344
3.58638088836241
3.64791884364155
4.23866088313752
4.92435524241565
3.56991966592012
3.55151339734064
3.90525231831294
5.8502230339377
3.20383447593473
5.74146110837949
6.35227377004394
3.83085784921579
4.58915613831608
4.51457639623956
6.23886529571829
5.4846259325857
4.47768924312822
6.00133398264447
5.69457229054785
4.19440996629793
6.47465961608608
7.75189914573671
5.28343962291268
4.18717050674759
4.9949000803415
4.93247391593232
6.78128532395217
5.61785583636687
4.48472533132731
4.77952124021479
2.90130900983007
4.86966080362315
7.2638085177576
3.4715362978062
3.87602865402292
5.01338949020149
4.57325970662953
4.32664601780365
4.20483660231469
3.9171203740364
5.67743479956073
5.66697943066811
4.30567898661551
6.1348699806084
6.39627405832293
6.76309439421409
5.04921038595504
3.15308172336878
4.68674779780604
5.67380534255714
4.43535382785545
4.34320801196117
4.6523858383248
3.68004581528809
4.02396596095156
6.11446390999411
6.86925506759649
6.33461037740568
6.27392454473095
5.2258256843923
6.15209607507899
3.60216937196875
5.60502560510305
6.55195739243759
5.01240427624365
7.02167884807726
5.98056406380921
6.36001993613864
5.52293812043903
6.68146295753188
6.66011841438052
7.37797246985602
4.85342579497445
4.55804229059524
4.48583502892075
3.07602736863523
5.85157722063718
4.24285353690655
6.08962079772795
4.14663582037186
5.85032161501558
5.04549746575707
5.29822964825487
3.90944237594903
4.93149758482323
6.09724481072312
6.54002134981946
4.23485829539433
4.63748726335534
5.06083181154059
5.09569501807776
7.04465736025502
7.48398231051099
7.0388026857595
7.45890053513835
6.57708854404154
3.44799222421491
5.88147672396107
5.36696752498822
7.2849286191887
7.08919944965166
5.16398019393375
5.68874860851023
5.06507205044767
5.33828168318536
4.85082294375707
4.76294079881086
6.13587220316047
5.25079553610526
3.96055931953319
5.55098218295731
6.64164153684009
7.07737986821659
6.73424519213563
5.80806867761474
5.29965913254375
5.79224191336738
6.8013942968209
5.31125898131711
4.21498986515202
5.56048254072992
4.11144750944447
5.33018082495891
4.82683176961877
5.74594960848357
6.00027756757725
4.72480330678484
5.15258993116769
5.60325882900583
5.77655065175089
5.17686628644038
6.43586937234012
6.68206615783153
3.29203208935949
3.71926525818404
5.33974065219635
5.71112244893082
4.00353310669735
2.40872614025046
4.67328760743511
5.09944945989371
5.52648122668797
4.80384630608662
3.44533443995618
4.24251854533009
4.10749317715321
7.35597588679884
5.21476534589265
5.03226529476542
5.54894131457029
4.20839216419716
5.30679453709165
6.95973202943338
5.37102136386024
6.31703435832963
5.65324297070985
4.10893341168733
6.36452026876226
5.19033983961019
6.47041248694328
3.7505087737403
4.75590690345469
5.18305109657433
6.01447203321984
4.69517951078129
5.43190644188636
5.7991834607117
5.91470077815135
3.77649552925707
2.1113264785469
4.54841542390858
4.01436996933212
5.41734193124299
6.73020751344174
4.97788971718011
3.74742783986393
3.94177738587977
3.39532773711526
4.11203964877583
4.3582576522863
5.74698575325782
4.49159685328035
4.8523413482217
5.69812043701526
5.26600265640904
4.80195412086995
4.58618271316675
5.08970779105951
5.40117899157184
6.86996034567731
6.18694642678866
5.05643973363883
4.23278779987945
5.07523840762241
4.32778505661562
5.93392639877918
4.81793332317661
5.04359469890466
4.0457473279849
5.59529538533542
4.43224882571633
5.52695479355802
6.04086421249323
3.32531705655416
4.15253637402537
4.44915637866589
5.97505315424651
4.8038253933189
3.95760238834212
5.50519248091074
6.03056144185767
4.08016291936472
6.73540248869111
7.57777300495358
5.68882448562498
4.81803756193675
4.80217695720452
4.57137706259855
6.58721233747321
5.95641585856395
3.93572617928759
4.10811999187591
1.21399057800725
4.97890127652689
7.56246058939891
2.31025969417234
2.76489449630705
5.01792726710976
4.94438729434367
4.02877470441026
5.01387965738033
4.14714034342154
6.16829460529844
5.98412770624768
4.3636075688803
6.40496974679548
6.57736355938381
7.1144253811087
5.29743763316367
3.23579877555769
5.05921283930561
5.48108221942014
4.15935244113365
4.22570263025232
4.53995931795221
4.59641504460347
2.48101515193517
5.01742441553907
5.2776506727339
3.39176084627933
3.62017128976602
4.62434641552571
3.73499289724851
5.37992863507909
4.0966423375036
4.3963805263769
4.72074128571302
4.99058528099532
6.46546777799333
4.76042119914796
4.15547258449762
5.65807337940739
4.94717841957486
6.06753982549853
4.26976912622695
4.39295373033651
3.51331495824864
3.49467934311748
4.92967410815449
5.48625922845755
5.28855851626942
3.94502936332982
4.52884057892681
3.64830660450546
4.57997723843725
1.09626911616511
2.34343701124292
4.7000539494715
4.54507475841423
3.9477445752402
2.82830062288617
3.4485774138482
4.63030358846395
5.40921350507335
4.73878022813594
5.76468511812425
5.86637791676851
5.04341366854323
3.32593559628087
4.05604911014927
4.21207973412733
5.06373969580469
4.91023609000161
2.67590117351811
4.9704961986926
5.05218576118922
2.47434103790884
5.36566091059067
5.18714721770546
4.72483517762258
3.68693800818698
4.61433969694141
5.91419020192756
5.21667687565335
6.91986865749178
5.39252859120286
6.00377830641447
4.84534942423027
6.05951135128558
7.31547324230336
4.83057055000264
3.73430143383755
5.74027444152027
2.49653410439337
5.98396120236713
5.08424096043868
4.45264868345968
4.70697664255336
3.53606635764122
5.51043005263599
6.2504253050238
4.365513626213
3.81314054812094
4.82127289837748
4.90691739543665
3.8535761817556
4.50309536805098
3.74348372522248
5.54737002545256
4.46207796377563
2.8430631593743
5.08640284894588
5.51256470140447
5.71462726255157
5.18898057680888
3.38368749820186
3.67056981074026
4.826550090203
5.24346203034917
4.48927504908028
4.92467223727093
3.95233221423422
3.34650202604109
5.18932846574791
6.79134524520476
4.77759081971394
4.8386166233415
5.99952996001212
4.92931308905172
6.26094809022549
5.14466056183629
6.49103449181805
4.51700180602463
6.33765636320439
6.44154343680646
5.39945979341959
4.73363468436636
5.54167769307528
5.22884240473436
6.18170850502265
4.12278251855935
4.67399463745181
5.06589564157335
4.26417806700953
1.76716455658116
4.77286431677009
4.80597074566386
5.26454908981037
4.75367120353108
2.15002242164837
4.39819284070143
3.48697756741317
4.8959117155932
2.78353393787521
3.0077871097246
3.40635233919379
4.88115397139748
4.91985739235556
4.56745990468259
6.04469403532981
6.17102900530413
5.78690751073392
6.85751463461874
5.13530885477703
3.67859005093124
4.89314506175316
3.56654095874053
6.36846115656906
6.31708650123754
3.97759669559374
5.19327454864623
6.27734540377798
4.20383447593471
5.23812238289782
4.93360353959539
5.27122075153253
3.31402019724124
5.16653795484443
5.85551095979645
5.65129259925236
6.95495990297742
4.89694461488499
6.12889806642936
5.72670098189628
5.55227372375209
5.98237898361697
4.44721030235724
3.35409608200307
3.93438047770792
4.83510961356128
6.39793098803032
5.48267368702827
4.38848577531999
4.70425664012777
3.990889830563
5.18687815367047
5.18676266586521
4.91189920012294
4.62235029651959
2.47933873805982
5.06351494733651
4.34956657267465
4.95863347238551
1.38306962189472
6.39304392361928
4.2047286484893
2.9756728598501
4.50595253176292
4.76735660947745
5.51377024099545
5.45292942107302
1.90785550525717
3.85533842999807
5.11263722463279
5.33404188800098
3.94757215448711
3.4916314642555
4.56048590802152
3.13627612183532
5.85303045555332
6.70292367841151
4.87911203468133
6.34398670085697
4.48957993437481
3.60493258315406
5.36771078558233
4.15911271848982
6.22246140851922
3.84386173291243
6.34398670085697
4.78203629692955
6.40637866758684
5.24141542924296
5.45402998670238
4.13824301336392
5.13316086017173
3.65901035675224
3.97620248166817
5.04036761002924
3.85096807317673
4.64653101667604
4.90179535166969
4.81097753990194
4.98304742337866
3.47447722404018
3.6624391979776
5.07324437195403
3.96006094206706
4.9773519029948
4.75555341833178
5.26447013130922
4.07924857731993
4.67129900483993
5.308250638551
3.55450315825482
5.13057035071876
5.55013951378034
5.09081065692074
5.02152391115489
5.95773952191891
4.03775699710098
4.34028486413813
4.75993203698191
5.86235440521694
6.41150730243137
4.44231802498637
5.05700086927285
5.82277891369579
2.88453029136363
3.00003318784271
4.19665460280946
4.61979508154227
3.88489630575948
3.39427312353179
3.87172115087905
4.46994261744865
6.35121618406765
5.13406435597049
5.04887093918868
4.51473407584711
4.80553975857346
5.65867086800494
3.50352018617325
2.49908412842564
3.39557484808918
3.83304914636489
4.32189917404642
3.7675179659926
4.12056991087564
4.36188475183489
3.1673593097785
4.2808341714159
5.5847869510786
4.26047353013268
3.56698974917649
5.09417797994879
4.29095258067671
2.27835133397917
3.56603814974973
4.08974192220119
4.83076013992362
3.62241226811712
2.32433237285828
4.50153497308388
4.74284981404313
5.35472859233674
3.6127803952926
1.84256965753658
3.94433451073821
3.71240898436723
5.57888483594221
3.53839089003407
3.42950051234583
4.0601819950049
3.64460204086635
5.48847607826517
6.09516569520942
4.35235519379852
5.7468412274275
4.70301406114675
3.0077871097246
5.8967399911176
4.45110639670671
5.76038725923596
3.57343569142605
5.7468412274275
5.29300170519778
6.04400237212044
5.01184147072934
5.04545037466426
3.76838830795983
4.52507077445002
3.38858431526587
3.74662852315455
4.78283094233645
3.85096807317673
3.99650859502769
5.34534388660938
4.3768811734006
4.75347346486503
3.09703347295845
3.43286523946398
4.62867325386329
3.56955859096988
4.69788750330068
4.52597945981816
5.0348961727956
4.68733866304164
4.06320891911823
4.86655146977423
3.55450315825482
4.52248026499706
5.38347284711367
5.09081065692074
4.57468952824397
5.72816556340529
3.57291050710806
4.09083377857206
4.31536091889117
5.34034368975257
5.81436182900191
4.21274406647275
4.74415971200853
5.82277891369579
2.34149533427672
3.47363351146872
4.46708064429583
4.27465262736925
3.65532234724586
3.66469916501817
4.14214719236543
3.99465486867972
6.12164222555402
5.44618927753622
5.62358735187532
4.71129050175344
5.07596580005983
6.16963627627317
4.33023961811633
3.31036225288478
4.22229428003226
4.16240790922399
4.5923252155328
4.14496171707433
4.41256358909253
4.65387843005178
2.82221685560548
4.8889242571376
6.04331981908927
3.91533107595966
3.17616008785209
4.75900894862367
4.29095258067671
2.81352458020185
4.18994384152104
3.77690076493688
5.1557713507478
4.28246503339354
3.15105180480135
5.15204496687593
5.39335980783518
6.01622803230516
4.14795364151527
1.40847329103524
3.11761507879513
4.51875494226124
4.98173936251275
2.71167145809098
2.99540414584449
3.78975595351853
3.41502808235273
5.55473443243506
7.39943533092647
5.29741888857212
5.29585564844614
5.932631256558
5.40460083782065
5.86977125277871
4.7143832961851
6.89826466100312
4.90783146734903
6.85698310332108
5.90637019058379
5.76183608888599
4.96320864287998
6.14976777879698
5.77510545156301
6.70570433110267
4.59807026732827
4.95381826210883
5.52070497087105
4.26417806700953
2.59388398852424
4.50243827528371
5.41406083138556
5.65425928884158
5.13111495461281
2.56292500328782
4.7518860809385
3.84935386287956
5.33036422252231
3.25882168664414
3.60493258315406
2.79826225347209
5.32572508948822
5.36155656113233
4.56745990468259
6.58554611830257
6.65810521446365
5.78690751073392
7.28136182855043
5.40573489626341
4.19461924693298
5.21163063872066
4.17463104446223
6.69347236739324
6.914231974667
4.46350746880093
5.70930374464797
6.09464954110957
4.67912222470364
4.7645220592718
4.66317749810901
5.59623196235671
3.78930794601017
4.76488636580825
5.45094821210701
6.04896942836184
7.26780106024174
4.85693624448369
5.69598156148622
5.61523453358399
5.14771097606265
5.41682840601094
3.95421312921887
2.94953333431362
3.50005544765169
4.58964993960237
6.12750494654394
5.00907336340226
4.14302610136108
4.43782201024856
4.31590104138718
4.67591274540223
4.5786725801435
5.23691041094712
4.99653571282567
3.08742882378153
5.06351494733651
3.81439332645197
4.42346022616284
1.99115970761644
5.91775617485035
3.82728489740757
2.3776382954396
4.12850878068119
4.38991285839571
5.03848249222652
4.91775617485035
2.73457493720025
4.56785085797532
4.39304867803469
5.67918434217401
4.38348904754907
4.31835089619858
5.15763138145098
3.49865241730172
6.83030743744755
7.55667174169383
5.54639013157357
6.48138586434533
5.93060383990023
4.90133964898808
6.59864159529363
4.95386550047576
7.08996817415244
5.18887225916915
5.67567974471756
4.70183485172603
6.35488470453772
6.21869241113719
6.87026992731521
5.73313105224012
5.49735737545084
5.08726114876885
3.83069419601626
6.03853649309153
3.97471808408563
5.23517431996094
6.36263139718739
6.38077986643076
5.51727530186494
3.26636407200929
4.10107383621194
5.9972557730819
3.18000989068388
5.74093844228531
5.19734295237704
5.76410316946791
5.22672257784618
5.75141523143515
4.3774743991378
4.50655437225466
5.48260934603109
5.71749064135905
4.26478484202373
6.00184440409739
7.0220602072139
5.16544053382252
6.13687971448597
5.82532509840324
6.2448133281127
5.76836709734224
5.61823244601405
6.26751111876824
6.69783360905586
4.10714180585633
3.26552035943783
4.41788427632965
4.05623640110775
5.02494913978871
4.05469094403803
4.43158660536929
4.29234054621571
6.18063979403777
5.36184700810167
6.02051243796765
5.37123563426627
5.08650565600484
6.31067143022702
5.184899206002
4.18046314825439
4.43599257767765
4.65916858110829
5.75795226933085
3.88351532601833
3.95904737314519
4.13144118573351
2.63823948173019
4.5670145184175
6.26955535886913
3.69691484969817
2.86451368454668
5.68282128323369
3.50352738117124
3.13180946457978
4.5861614667677
4.67838522548608
5.4019803109439
5.07799354680144
2.59048801550585
4.61510260726639
4.78749641985471
5.14727163500982
4.39416260171137
3.64774412414901
4.93296505389252
5.40669245159231
4.96732943481863
4.25575887590575
5.19045109817935
5.7806126003853
4.42120340604857
5.24503074239943
6.95141821316055
5.09437329241664
6.49636364489307
5.50532430635333
4.48132290427661
5.45428699055906
4.79611470418817
6.45350388297469
4.16660281964527
5.87370395701007
5.17261703152693
6.60266932563322
4.63341571608907
5.83566150093351
5.13670596610411
6.32787854457687
3.97371931907358
2.9070425205997
4.45325979804341
2.44088194387475
5.02448437060379
5.58793166450257
5.16227093208901
4.18023932471803
4.73433853212166
4.0243771125014
4.36552854901697
3.98832305100089
5.15078178917444
5.12064622866649
5.68740644575737
5.19773821349439
5.0673634054459
5.2414481894541
3.1962086469634
5.50921609188942
5.72619998888165
5.10282695513847
6.18063979403777
5.66044209354689
3.47409636525038
4.78773482886948
4.47877444035157
5.73254174009719
5.92821144045004
4.6669775138892
3.98468601239347
5.15651905890728
3.84485455628581
4.7280838556943
4.96816608681911
4.50256530368234
4.34311798241956
3.93621064902782
5.46563511252758
5.59638653956079
5.34610859312518
5.65180780010987
5.53137441457049
3.56104290400534
5.89372657430033
6.77664731604985
4.57583504305262
3.57139898530503
4.73602111706754
4.30181876854518
5.50150109366466
5.16069981651114
4.70723438338594
4.87962819597427
3.04697463610765
5.35417033569427
6.67614373621915
4.14324375227275
3.56061053835986
5.60612455952314
4.45376358671361
2.73054699776678
3.79985244659753
4.60168850177554
4.87289092954966
4.58327723053626
3.27024304976868
5.25303173127404
5.42542554386236
5.98547455456649
3.9992099265202
2.31422746022238
4.13016619856774
4.63510435891199
5.79844739699494
3.41622788584863
3.90115831503162
4.48750071638741
3.57815723545724
4.07440374141193
6.99813858709897
5.86953581140931
6.73565382542306
5.52845189135388
5.40336323041707
5.3472692809637
5.50469545081519
6.46602923951297
3.84942615918656
6.57214205456731
6.21157397917488
6.90261072996519
3.52638424989592
5.11030761758193
5.82360281571584
6.69533370137954
3.5725553021811
3.5253532416144
4.30887700380583
2.33386423427939
4.31936198720225
5.47248980826669
4.34957325538115
4.20336690971858
5.10179368892432
4.02351514396364
3.17250141531562
3.88130534140554
5.51595684002399
5.07949294323049
5.17555023875083
5.06266942935788
5.47106418459759
5.26457577445465
2.45074897300449
6.52510180733471
6.64631634949676
5.97407031273491
6.97963629911628
4.98969883227463
3.23078932037171
4.04227515491058
3.6660767636437
6.67719804118636
6.62664953800728
4.0658280952595
4.98361363626712
5.0121362646697
4.74268704447183
5.09553901249697
5.8418639309815
5.67138459942925
4.47639272008487
4.85665911216255
5.83309026933025
5.96384169636345
6.26870968534015
6.41405201728
5.80180045605686
4.71554430940454
6.67057960297107
7.53715795718797
5.40110374763224
4.31065826577864
5.49195554261585
4.66699381939472
6.37519893782705
5.45026511592604
5.46316880893425
5.63556262152257
4.21579393185456
6.02840059529706
6.3331525941214
5.31206304801966
4.59529312790369
5.04847050962528
5.01051166644199
3.74643271321207
4.72030090973227
3.9553562892711
5.79333939268439
4.62429853973088
3.10306159068663
4.86848342212322
5.04087723471154
5.86848342212322
5.01509564196549
1.47333053395291
4.15329378356829
4.68182473285041
6.47267765659774
4.43211360129391
3.06026138876216
3.81675745511515
3.29986639857148
6.65862720187703
7.24458080776622
4.88182821066992
5.32968379148745
5.73721357653975
3.89960788478575
7.35397663808124
4.66933521393758
6.77787724022483
4.4340083000891
6.13538991111522
5.71845026959039
4.7943146258299
6.04701217556668
6.11540596823517
5.76626627523466
4.87432173658867
4.52713280175363
2.82094151176802
5.90024808869396
5.3662026341175
4.64030472512786
6.86507852678039
5.77783346432387
5.08107803157045
2.47064802995649
2.77954623381091
5.46387231356121
3.72416014812319
5.55564412469536
3.76165441749771
4.05625873855797
5.07681302657522
4.98764483764142
4.23749416805722
5.39851142082747
4.82237898288054
5.33518568300558
5.49075034367768
5.38513929963961
5.79426693556999
5.50206470932032
5.88756711528313
5.0099516285475
6.06446273415027
6.19741633083715
5.25104456945247
5.56424665943695
6.77528547973139
4.0651938036738
4.06123640149062
5.1354554978472
3.73973677005493
4.21860287652243
4.30878904124295
4.94453233500736
3.49662450416291
6.24790282011945
4.37073129907035
6.07713578793061
4.94755237943931
5.90749049105308
6.21845579321567
5.54968033718695
4.67889341349872
4.58375554137365
4.24338208149747
6.24962036033607
4.43791652711189
3.19390142873444
3.36629524132276
1.62841029150803
5.17539750036613
6.83598817173257
2.72467940767313
2.01151368145023
4.29113972713803
4.42979712226234
4.06166221283565
5.28825358629536
3.28670366939043
6.28092227255227
5.81677402693769
3.85829685432626
5.66490287125523
5.83729668384355
6.50609874770522
5.33032514158906
4.13950189752116
5.45862784656718
5.93226556190003
4.31188652007334
4.67240698898134
5.35228802561292
5.40874375226419
2.61338767707617
6.11499036149543
6.71651593410498
5.46951389480867
6.3085306498637
5.51948780785442
4.45706798567745
6.48105357374889
5.64213809075594
6.45302267567899
4.17722825408847
6.34243566916619
5.86961313769101
6.48360662934594
5.74079901549532
5.85862592223452
5.22082407972359
3.96968565461771
4.10636726717974
2.92152967830127
5.45757610987286
4.52219583410434
4.57828725421917
6.5014939106113
5.18987271407014
5.20985233906439
2.77815561871223
4.01464389865545
5.39714851235173
2.99323644316149
5.87851455515621
5.08766888225435
5.58618095303807
5.15368016046123
5.32737891944618
4.29022932196583
4.67709259501579
4.65991672689726
5.4861232805053
5.52113253149999
5.83163247537484
6.493986864072
4.1835277338223
5.21342321533303
5.20002280659072
6.25691343729844
6.4099562707406
4.86946596308638
5.76234017235945
6.55173645846177
3.79077621022957
3.16814156746516
4.74739385382451
4.8311748231072
4.8463540412951
3.61690074970803
3.59309260693751
3.43926974884743
6.69192312364287
6.16622324412992
5.20992564276825
5.89715496910443
5.36661104745794
6.74368372623551
5.46970074044576
4.42475356872201
4.85808571413541
5.21412059676918
6.01894460461963
2.7338928206987
4.84555288516739
5.09319826053102
3.39882828809871
5.53772880937519
6.29263916796872
4.4718532716976
2.84867863335871
5.32069837105986
4.69407001840523
3.85480320574623
4.96998448369153
4.30663474958177
6.18329127394129
5.47349672744277
2.57472965699295
4.64178658480312
4.88310142576236
5.61852580055647
5.17547356470875
2.31196352087198
3.81732661385901
5.12484956212271
5.63762003337118
3.63457174004125
3.76732670154603
4.83448436309228
3.8114108233584
7.28965923269755
7.83797840080101
5.70512116061986
6.50523955850885
6.00139232318115
5.35533898763438
5.73267685916881
5.10956136928336
7.46167233574482
5.63697306181588
7.29456591305852
5.28472951401436
6.37873839870124
6.8721593343431
7.2710322224718
6.18713039088643
6.11140841961318
5.47848067244107
4.75968119347597
6.53979021598992
5.01387890995634
5.29293303342696
5.25897153154487
6.51590724264789
6.17074222507085
4.03814313106326
4.15883254967796
6.55011963211237
3.43984945694263
5.76479213644883
5.25510166584306
5.82186188293393
5.02913646203897
5.80917394490117
4.44896140667646
5.57602224288308
6.5551917779548
6.79007307328276
4.75186030375925
6.4558437427437
7.29251517832794
5.53244129023308
6.51011583159719
5.87767284801337
7.12432491762725
7.38725326568321
5.72973113599712
6.80830865612749
7.04349124799528
4.56114114450264
3.2013227993994
2.12313105366763
5.46758874620654
5.08270785325473
3.61821685961611
4.29074866711886
5.13441224722836
7.79952596237873
5.51754287690927
6.25711825079896
5.80102713495813
3.88918741309181
5.18030824356598
5.02927087886293
4.02483482111533
4.86737594137525
4.58327816051494
4.07301766992981
3.79433094295075
4.74371272145761
4.91610653404593
4.01515297444277
5.14990918070583
4.69081702686995
5.10826719479695
3.93709611647039
5.74057999669971
5.23184562406717
3.21414732785917
3.79055293321891
4.7361439389521
5.64924825972436
4.29977564117506
2.21304626106096
3.54490307226365
3.71729688485197
4.19697609886088
4.44521650841547
4.06835163162236
5.35357256136588
5.27100656860897
6.38620071619938
5.14567510761403
5.61105860565271
6.22076513239148
4.5015780944633
7.92096227806837
8.18579274360421
6.9612917359768
7.58433882500542
6.08309757880216
5.90803857775695
6.26144127652353
6.3996369639428
7.70533047371192
5.75623616833781
7.57917159830717
4.47054125278536
7.48200100974242
7.32943648851329
7.43763383648386
6.6508197158828
5.79890170375685
5.64722066715746
4.61761341621419
6.94354165780022
5.69641233710934
6.57939575716883
6.75519081700484
6.97486488243037
6.61364280058302
3.44830928370943
5.71072763656838
7.1549745979374
4.15121109029344
6.8438914029454
6.73020222190235
7.25632086143747
5.98279650316766
6.94702053442373
5.28862370236231
5.84229767280387
6.51429952708667
6.7328781143752
6.38992655692145
6.99478463051538
8.21460680992697
6.06837719268903
6.77145617366207
6.99244321418665
7.69747938718423
7.63177018982454
6.41959089641774
7.54358466627015
7.72595296146677
5.02483046949901
1.31147162194444
5.1520600404787
5.93332857832338
6.54988578086747
4.02721684508333
2.82889050506645
4.54457839987452
8.26563858660381
6.86272371739242
5.86442547008976
6.90354416178285
5.75176039178296
6.85042568610912
6.24214929630142
5.19744595956372
5.63053426999106
5.73687828474417
6.09534124567399
1.80918507306262
5.58929305600335
5.76960949703824
4.55403111283833
5.01744341340722
6.56283654590021
5.57400702691379
3.98375021474948
7.17508117124928
5.48689673713092
2.12077919151071
5.18942607444572
6.1556065859153
5.04171713467001
3.94836642385717
3.22571259602299
3.1135013854066
3.76923719637881
3.69497688779722
3.79649091655839
4.36376725551517
5.72281172935121
5.75494059998469
7.08859062545068
5.65576947974619
5.88840895202917
6.35120311904637
5.36983016714912
7.99474740637299
8.94251795648741
6.63330117583141
7.31771450135586
7.15202196694231
6.25640691008953
6.70314020574555
5.90712741067424
8.43192077536447
6.54393952027061
6.88408185854253
3.21222672210304
7.36865744251685
7.38313238006263
8.22533718841667
6.98984990237775
7.26051507216088
6.4423284098703
5.51593989464014
7.18208456084891
5.84633441882052
6.08725899600849
6.67983056580162
7.73584712753222
6.92995598869159
5.08574647683623
5.09221552563961
7.31844494787167
5.37285225456837
6.91859043261871
6.18848464180471
6.73908339372856
5.6590335700325
7.00787658781734
6.65988241232407
6.51735744432833
6.82446359725341
6.97420949149668
6.9606987897223
7.35691166519885
8.25560099932335
6.22381302922394
7.39359856462361
7.07393334612803
7.31610801006876
6.95160246011694
6.83609057024726
7.40026483980154
7.8745494749887
5.46220906695779
2.77651500248292
5.50925681520854
4.85056275604029
6.29268636413168
4.44152815578076
3.88635654029748
6.06182877733014
7.36054404859492
6.14844225163348
6.7999591480068
6.67894921644643
5.87505314509408
6.22199958966548
5.86893801224846
4.86450195450085
4.46799663138843
6.04589207257593
6.42468272334816
4.51540743358686
4.25711963499707
4.42951344758539
3.39497208846561
3.31706793437687
7.29387484282057
4.49124120463071
4.54975938317056
6.67396297266136
5.15529767555259
2.0501965991805
4.76321120275034
5.66952691491375
4.39169193345721
4.36356317301822
4.1957245929101
4.61773854689937
4.61773854689937
5.17088732285551
3.14646571534559
4.98730374598393
6.27873675595471
6.27381190168303
4.99678271242784
5.30705525268632
6.54551835928081
7.13567986148676
5.73289397423003
7.89653654627159
7.28347461064043
7.81030654968248
7.5798562647628
5.76998089914557
6.88979291362334
4.88295818940597
7.01305164301806
6.80301234074815
6.15252808957491
7.77609415529482
5.4956292830099
7.51386442627841
7.55427210078613
7.83392575772097
7.85581966975078
7.89658167358333
5.95932765791476
5.95091473360752
6.39011497046395
4.83029864512786
7.34988524702399
6.68448680153232
7.18256015271677
5.95438816479273
5.72181307825868
6.27407267534976
7.12407751522599
4.82226124416822
6.50063892952771
7.27982793091649
7.81635121264534
5.85978730027392
6.34030133333029
5.73698926155458
6.23353477061286
8.27669921050497
8.77308220231055
8.06535319086011
8.02043257996333
8.30761410198192
5.51675927035372
7.30089281568192
6.76043929541743
8.84840337728344
7.93276435825636
6.03734936176219
7.75407066291207
6.90043096361994
6.11113492681947
3.14545774260758
6.0924046212347
7.36602419651311
6.74452956112948
5.43816228766863
4.51347073334711
6.69789537875259
8.92601283852989
7.78078281203175
6.80637564424116
7.01745892038674
7.4875132663968
8.29880368489424
7.00711645533414
5.91400223497995
7.01570679358517
5.26955260109056
6.24809472663921
4.67576801225113
6.83305449949692
7.00544831208524
6.10629862736224
5.8630979660343
7.58393570452728
7.00670264510353
6.1080965785742
7.66033915712667
7.01603168490941
3.52998980852006
5.79506206417528
6.67823097343987
5.40152150518352
4.40063921822513
3.76404868047857
4.45203938706879
4.45203938706879
5.0140710516086
4.43032063233054
4.87478087530508
4.86130084547605
4.8777892180712
8.55778926812082
6.86130248763888
6.31649615261253
6.82584511986369
4.83905724926748
6.66796045294854
6.56640415524755
5.90198348728161
5.39343088961093
5.11048946792593
5.48521519015954
6.46380196489143
5.71600951174316
6.07134683045247
4.44648616566117
6.93051154750691
7.25476701136911
4.69139505728672
6.05634542663818
6.12788383380723
6.88369758668382
4.91796514016877
4.70627733399237
3.14851660264938
5.00886173083432
4.43844317703597
5.65439110538613
7.3485574318511
5.23833489374344
3.39560853627873
2.40374603602209
3.03337410641182
5.28524701095728
2.12619152009767
4.99004895120579
3.47075251579378
5.53852111274087
4.94296960895008
3.27562053097861
1.75200492713732
5.54646036185291
5.71577384126709
6.92739228632073
6.13226965968066
5.55218160494906
6.57612993454073
4.60008091529081
6.09229614860105
4.19857291165817
7.36382671608196
7.02190505722557
5.25650774877486
6.02054880967045
4.74928229754477
5.31971895363843
4.71297751037541
5.55001222635994
3.91405955855921
4.126488326766
5.79986609182358
5.70681884140664
2.83366258931842
6.52844003799166
4.5140244105401
7.39424036934649
5.30360966637922
6.53994291157168
7.87002068969381
6.47514651192236
5.47071045417475
6.30523065438877
3.07996694822886
7.16387674164871
4.9836892530907
4.4459962932856
4.4459962932856
3.97420092779273
6.44204673023148
6.72601694883886
4.92911692094101
3.17750096700118
5.20635820955309
5.95323785609296
5.37791735930685
6.28867991087505
4.11324398919891
7.43110182888116
6.22091658938111
2.56292500328781
5.21648053163351
5.4851718629559
5.77496884504489
6.73972291098342
4.28745083854659
4.83655552423935
5.44556470642125
6.33052501259734
5.76262065715047
5.50023696663835
5.54162523767428
3.27458666737077
5.23248344568791
6.96474381134002
5.10100064365678
6.50968924307255
5.64965996492074
4.23769805357931
6.30527663297386
4.92031911940672
6.46682948115417
3.60439374530815
5.88702955518955
6.04488431257459
6.04046025129609
4.62086841937755
5.27345242659638
5.52916274050823
5.55537922674177
3.77291252346796
1.75200492713732
4.47410433250484
3.95512633354372
5.60999681598591
6.48439463119271
4.20000297857254
3.02520173125565
3.57930093865927
2.86933951903901
3.80331947467985
4.30569660022795
5.50117287100879
3.30987282423188
5.44378159506007
5.73615897307916
3.9173563641482
4.25880440858003
4.49463778046965
4.73038623964992
5.76050054298143
6.63083004715834
4.84086411705872
5.45020907402254
4.00759373312297
5.03357099695736
3.0818178862206
5.72925163053499
5.94905597491147
4.98435106311625
3.42247693805636
4.40355582901707
4.16222810551287
5.88312144915669
5.84043336786677
2.69179189924774
3.3604742015455
4.80847793007547
6.33121980984519
3.78561313512619
4.37008193725781
4.1893317456592
6.38988299326725
3.12143408021818
6.8102177361269
7.62763695846466
5.41880376542151
4.41436770767392
5.57898983943643
3.77931489011867
6.3800989091167
6.31573740997353
4.04960181333606
4.04960181333606
2.61058014546444
5.96756509954953
7.3862375827269
3.70684926162954
2.40557294489747
5.04391548518602
5.90216069568181
3.88558459122917
4.90344948522269
4.03947942743842
5.75581505638275
5.73831482399865
4.42528064323107
6.40806932473643
6.58046313732475
7.11752495904964
5.15424751998258
3.14425384286059
5.0556298335165
5.48609400132679
5.5623414825796
4.02102786200814
4.4484143852551
4.52210395319974
3.14176274481403
3.99204086032196
5.64172001788804
4.12369205951994
5.31306946634518
4.38442187025247
3.76539426654001
5.59203983149987
5.11891592862234
4.59196267830375
2.54375427732064
5.31306946634518
7.11600808223523
6.66698216605396
3.10999979252522
3.48108637101501
4.65338683787213
5.45103510761017
2.09278211783457
3.59351372016195
3.58269466077059
3.56405904563944
4.7413008889853
5.55838198156166
3.12218825977359
4.01440906585177
3.91233586103844
3.69212061208301
3.69899155106045
2.40802311662422
4.29315870435144
4.52156788065479
4.25846668914012
5.34167816147656
5.00528763127854
4.7835755468735
2.45331658007157
6.05675438312841
5.0263126340428
6.57296719385558
5.88566120542197
4.13361368258828
3.4891895183082
2.19127220632106
3.30227974817236
5.48239421029663
5.13283576457328
2.49381091080834
4.73382076664504
5.62120623874827
2.50474240720034
4.8364999860586
6.00519966871566
5.27180408101106
3.94148312652047
5.20281818943799
5.38502927739548
4.60017215776498
6.38089759817305
6.14437614083522
5.86756006899802
4.72616645336745
6.73633921591222
7.99264265331062
5.39391113105123
4.29764201488614
5.86885056629616
4.5294140682699
6.13044423995263
5.06715302087185
5.12321839637153
5.39324947884315
4.15270164258062
6.10219541718487
6.43630528445597
4.91248252960147
4.29484838022291
4.53466482910337
4.32942906252926
4.60615362585593
4.79062777395785
3.44470550456011
6.06098939154252
5.02790120656826
3.66098665326232
4.92929271036137
5.17060755132062
5.55751712396706
5.60724935383603
1.24522621811163
3.82181288136383
4.92320799148876
5.4915364527905
4.86548892963683
2.74768522887855
1.77534520584184
2.93303074757399
6.49757812439644
5.77933386874285
5.9495959769633
6.18050117611563
3.66768337044903
4.51735435979319
6.45801820892732
5.69227407450125
5.28427654394777
3.55506436805203
6.18050117611563
7.14701770519154
5.47846534379141
5.88596309808609
5.23646203619808
5.8686137366326
4.52793764701426
3.74771779023546
2.45489563054904
4.99992307905929
4.42950452526094
6.09139448624521
7.27108493938296
3.78483087014019
2.73093407353148
1.7063474995113
2.89542893574192
5.18849017007528
3.56899761757458
5.43834932453541
4.6411240712574
6.0598870189073
5.73003989545477
4.15170693466229
3.19481102461422
4.4660305598424
5.31158937470381
6.86771279693464
7.24798492173149
5.06290141070106
6.30148690242744
4.59114226351578
5.01186634659054
4.38610869079761
6.954200180659
6.27189468583429
4.63479829696319
5.94026596350384
5.13912900786518
4.36524403351475
4.67131478483683
6.45404377880378
4.42389023207726
4.30235415808234
5.6516622995261
5.68559252874571
3.45835242664861
6.09176951476809
5.56952853461174
6.64422999795521
4.90736904119894
7.56155519273385
8.34380274692663
6.47491784836746
5.47048179061986
6.35174929776312
3.396039507278
6.43797649681731
5.43109567185767
4.61370591627154
3.95797010529932
3.85000514009536
6.60925342019011
7.76813516266785
4.78321178348685
2.45480820256723
5.72258581705023
5.51721778131083
5.13307421461381
5.89243928569476
4.65115070141892
7.03642423650605
6.52185023637798
3.95605556654132
6.4191516818916
6.59154549447992
6.92833352065579
6.39435179325551
3.20702103653608
4.04948523773466
4.65849441991656
6.25450116365122
5.33792666611217
4.41980716462785
4.47626289127911
2.76388325222648
5.60381875552858
4.98294599902124
5.41310202966146
5.60899478903305
3.56113072926411
4.34597657053333
5.16352640980826
5.62926080367988
4.71277015686519
3.46920984558784
5.60899478903305
6.47647774873288
5.77031206616439
5.10705598917904
5.15060751373389
4.95872173279825
5.02029734315679
3.33436600834227
3.73990419334515
4.16921927488725
3.23673987646165
4.63934935975688
5.99566174427129
4.41787145523266
3.88097420662069
3.73310007438089
4.18043749853803
4.81583802629301
2.68803231558853
4.73851685241258
5.20641397274445
5.58178019833484
4.50851108672384
4.25037369154794
3.98502519439287
3.68708276134674
5.92354818745221
6.43401618174046
6.40615866158943
5.60701182844946
5.82338008185499
2.95868231039298
4.22341338166398
4.50252569132088
6.56815881459095
5.65642615385217
3.50668281134018
5.56761381972156
5.23010807240087
3.54385757920433
4.11285500870208
5.53280531805738
5.45857413862607
4.62632921861013
4.73042383877971
4.64370429547658
4.48988143738649
6.84597035206188
6.58577170748976
5.19453508681567
5.58864153585687
6.47387882670407
7.33935361745738
5.32685709832374
4.23058798215865
5.44695450905974
4.02982830613209
5.65489499348343
4.48098347520007
5.43252786177187
5.6939319394864
4.07012121719915
5.78518588561467
6.67532040014038
5.09925258721648
3.99206435922677
5.3684578821799
5.07633564935928
3.92058890907983
5.00580890355642
4.27849855763663
6.3307948998182
5.17661472237897
2.26952552941999
5.08116112198299
5.39617824951015
6.05474544192542
5.33187515277209
1.54105289412716
2.08022899085613
3.39761016144336
6.22648882829551
3.95957581968465
3.05930829304541
3.88497047196822
2.42853843485692
5.95525651012311
6.04636226910778
4.43395905541672
5.42809055713026
4.8367915544337
3.54479777374311
6.87575887817381
5.22084591504975
5.33632604070188
4.14691916109918
5.42809055713026
6.65499008722708
6.58060691446168
5.09330467908165
5.46439125757145
4.82925963381041
3.46773022105372
4.05596893743517
3.42843543656827
5.11845902057541
5.09982340544425
5.63506705923077
6.85040939414695
5.08224901376384
5.47544325637215
2.12619152009768
4.28338971177412
5.63025176307033
1.74801022504988
4.92000248312152
5.35325979956211
5.20143550431575
5.52608988409082
5.4811592968544
4.12356265529916
4.3923975858491
5.16862954240796
4.60238603440922
5.59481577739959
5.68098738512694
6.11691856914472
5.02495387811301
3.87779206460573
5.2855846347288
5.59936471934857
5.31724748718755
4.05981220597519
6.05701634567471
6.70551683586999
2.28414591440343
2.96301185176154
5.13074818974636
4.90115823357499
5.11194495860286
4.32836671046869
3.32071113188714
2.61686727120854
6.96268126764886
5.74493106842373
5.88309355031047
5.48103002009648
5.74996538337979
7.3856381416711
5.89806722918713
4.80495300883295
5.41698323493747
4.79282842106298
6.08562360882425
3.58533826047065
4.26074893860545
4.50839431396908
3.71238941359363
5.5138979078245
6.65300631491134
4.5418366821654
3.2192950563424
5.477633644279
3.5096655438656
4.66026939203758
5.08499529781155
4.4635700228009
6.16291937796993
6.07822877195612
3.54952983361819
5.23275992696557
5.47407476792482
5.46572062720855
5.73797856523886
3.11478603065195
4.72559316404581
5.77250175150528
4.77019305877219
5.01188695448971
4.68676623465608
3.71442621161937
4.04309672136365
6.04272690009998
7.389265100869
6.74845081519438
7.20221488478807
5.89698804616105
6.56787291798588
4.02120081711926
5.90887642030515
6.99123698921861
4.90069958553682
7.38924145835847
6.11954364123674
7.18868270900452
5.63022077791175
6.2420645609025
7.15084512582135
7.49526963051757
4.62471621522657
5.16411911545093
5.32541837617073
3.91561071588521
5.50259255768454
4.25079724850783
5.52897358843979
5.28425177785963
5.91282185520658
4.77241001232703
5.16266590000182
4.71593499666091
5.96090709847613
5.82092595550824
6.32984266848568
4.83612827610349
5.68909238190375
5.8148918919949
4.65466117377138
7.52494521740266
7.9214402531789
7.31582460027994
7.82617491485209
5.68953807313953
4.28757557146489
5.47434789895719
4.2054720995336
8.02402616324171
7.4938984810202
4.53251663149738
6.2800168863394
5.81270514371763
5.73759697096971
4.44722820325057
5.45961843479353
6.75589570433335
5.14574980818079
4.65723695551586
5.0753112309881
6.70414177703109
7.93564344417107
6.92816713908911
5.61248025889135
5.9973300709517
6.45102620297553
7.38227477358928
5.62132355584999
4.52505443968489
5.84585672496502
5.12837003844903
5.99295344163908
4.25816203599885
5.97555641171156
6.16029449522823
5.34805820974256
4.80953465918992
5.42273815882167
6.39657415292376
5.66598448319502
5.84342219488474
6.77918765302361
3.3923122128945
4.52852703724203
4.75030797453056
5.7423945935663
3.1373471651839
3.32945288737144
3.28068383140979
3.76975297571533
4.28068383140978
4.97765047336514
2.91543362162758
4.68887426073195
4.67465374394956
7.84876695978635
5.73501779931784
4.50236447643682
5.2378855868695
3.73748314247574
7.63513246855706
7.04215976968118
7.53336261564008
7.33854142380355
5.56257107748882
6.71739910103502
4.52669138205319
6.78239768879511
6.5616974997889
5.90482695101992
7.53477931433558
5.4956292830099
7.25246034856389
7.31295725982688
7.58622461916598
7.59441559203625
7.72418786099501
5.76998311377435
5.7785209210192
6.14880012950471
4.65790483253954
7.10857040606474
6.48599001566475
7.01016634012844
5.78199435220441
5.54941926567036
6.10167886276144
6.8134841584268
4.58094640320898
6.23171591553122
7.10743411832818
7.64395740005702
5.5983832225594
6.16790752074196
5.55858171244229
6.06114095802453
8.10430539791665
8.53176736135131
7.89295937827178
7.84803876737501
8.1352202893936
5.2233997548479
6.99029945888273
6.5880454828291
8.57948036328695
7.67136028054184
5.74398984625637
7.48514764891558
6.72803715103162
5.83419099277707
3.14545774260758
5.85108978027545
7.16861643845235
6.56612201201719
5.19684744670939
4.51347073334711
6.52550156616426
8.75361902594156
7.60838899944343
6.56506080328191
6.82962354306989
7.2105693323544
8.02185975085184
6.73332741710265
5.63705830093756
6.77439195262592
5.09114505197827
6.07570091405089
4.42330268414004
6.65464695038463
6.83305449949692
5.90889086930148
5.60169388831977
7.28013026763261
6.80929488704277
5.91068882051344
7.39893507941214
6.84363787232108
3.19643703318181
5.52613905017879
6.38487145793405
5.40152150518352
3.88289848906138
3.52273383951933
3.95527840611775
4.45203938706879
4.50842718207389
4.43032063233054
4.56418751850589
4.59989676776152
4.63647437711195
8.37643766526074
6.59237947364239
6.06879501405754
6.58453027890445
4.66666343667916
6.57288477753377
7.30527178260939
7.24259118930859
7.13653228331669
5.6049356676892
6.65409102295298
3.71953424076241
6.34268063070422
7.01210875147412
5.15183834154575
7.5186080131796
5.49014953761015
7.22262767472438
6.20641249409386
6.83323600969181
7.32041869707272
7.44215497238281
4.98308948499768
4.51618373427149
5.19009822334898
3.77335725599099
6.51439768170023
5.80828902950642
6.2273017280124
4.50724508249647
5.80899689177554
5.38029719795123
5.80042574648817
4.29434906056662
6.01612048127887
6.47341141830541
7.0433265312072
5.09746603398008
5.66993032101646
5.36465085947853
5.30152047847468
7.60632819819114
8.07657938651693
7.48232597190257
7.79976950416023
7.06088874248818
4.15225541864314
6.23731084940856
5.54380523627496
7.97536381311157
7.61129536580429
5.49844602422694
6.43041889417424
5.68464849387647
5.85484275793321
4.00117883265612
5.42203360892087
6.59240860743798
5.9412679443293
4.83688181722847
4.57256475156422
6.60031681360005
7.53008473205111
7.11041179971792
6.33933467097192
6.0111112889805
6.81714225408296
7.62893560560773
6.06458291819674
4.97146869784256
6.04529093797463
4.59918158877674
5.99194295377428
4.30342961017509
6.16268348718309
6.33507729977141
5.2775830708909
5.10077669974044
6.74559219357314
6.23308705602839
5.31569757907441
6.90958327451487
6.78032979423904
2.77433936439662
4.71123034198558
5.81646905416069
5.43584560236673
3.66868020971188
2.79363282486803
3.72008037855554
4.2091495228611
4.57327399780839
4.35652272905635
3.81119890903172
4.71290091879838
4.54350989216611
7.76055533389487
6.02193845398777
5.31580640458336
5.89383082772552
4.27029298269313
7.10110639530174
8.01083066942726
6.74830401065018
7.14074049909068
6.17424459180739
6.40405690093443
5.70440853513944
6.02213024549301
7.71195392043435
5.11246440130364
8.10327580584416
5.69500404811749
7.01423933928307
6.48949136899138
6.7938620694497
7.26306594746652
6.36534832491907
5.01085329090333
5.11085377998451
6.67514448800872
5.18673117858259
5.24912485306972
5.01892385636977
6.30437200856525
6.17477519795019
4.75968203302773
4.11817926513163
6.3883179547528
3.68549417273017
6.40029307703066
5.2081385896749
5.77805370257669
5.24909963436084
6.24701377796232
4.78970099094459
5.34190270074459
7.13554885298014
7.67293778745369
5.99120728240853
7.50456165604375
6.83549002525248
5.70529355885933
6.27769307167847
5.60238181721992
8.17304283092731
8.17017959087181
5.27270598292166
7.39005746788032
7.16175834728373
5.60985905780269
3.0967750298782
4.14498971120119
6.5944217051618
5.03574477708658
4.58594674484083
3.70983289587484
5.51402473592101
8.29800757538087
6.43011175311892
6.62167674755016
6.52170548321821
5.32602356458892
6.744092197648
5.61315724609324
4.60872118834564
5.45126230860557
5.21877910109676
6.14040150516809
3.75104255179854
5.56865485781403
5.74104867040235
5.17919554841618
5.11281927642743
4.62807279939757
6.23510015375221
5.1011386904438
5.69677181634247
6.17875132853165
3.50909720128895
5.08854661619444
4.69233575859487
5.66556143715096
3.02889199050185
2.1847779370316
1.93893266595858
2.1113264785469
3.1841588840702
4.74016638184525
3.87000415353157
5.42906361215623
5.2427382445796
7.43452915950261
5.93108137211009
5.27643246434126
5.89879490902632
4.04455294138784
7.60563507219923
7.84825309170662
5.98673397950425
6.99748118895945
5.59479034152868
4.88776934286959
6.39883490266888
5.47944599456351
7.36779082181434
5.22998652649553
6.99748118895945
5.14801609056601
6.89514337369646
6.99402004588887
6.91138419464159
5.571390863598
4.69162225828212
5.13903630283153
4.47897284150102
6.79297222667515
5.48605139843733
5.8277803463788
5.62226874447984
6.30614105099224
6.46307336945794
2.88960127104853
5.0201106257027
6.80149287779663
4.10364250441505
6.26018866271035
6.03958521103669
6.5380972818204
5.43692000504503
6.35700800256686
5.26019437441244
5.24021215598175
5.89893481022292
6.08893001477087
5.49925265250199
5.99552384436173
7.71034413856482
5.78862562218782
5.94984105579676
6.48818054282451
7.0001797925885
7.06500179053386
6.08878197417743
7.03795879545717
7.46796793096959
4.01181098099445
2.05278093938467
3.54291721499868
5.31078608600291
5.79827037007744
2.93720504445308
2.8709625057878
3.75349899032182
7.64900667912344
6.00353114793749
5.82640123377345
6.15518708576847
4.21153859467388
5.41095036831599
5.27038775520233
4.26595169745472
4.61078744710205
5.14686575288729
4.49800754103367
3.0483293162562
4.61478627042975
4.86243164579338
3.88159444680533
4.76163768773652
5.45486737722879
4.95146453459332
3.38596172300907
6.42346576045926
4.4089025106976
3.15329539537651
3.91767942030684
5.44135757677245
5.71919197245065
4.96903281729467
2.83456458877676
4.38688616349121
4.62820100445045
5.03895919008844
4.47396575433904
3.6871245281625
5.16319160248044
5.09853377795033
6.08992049533248
4.95213935074608
5.11520951007275
5.74589099273183
5.03072683444946
7.4819896537478
7.6292597482386
6.09075362764385
7.45921589722154
5.71356448126071
4.62799661858151
6.13196839340018
5.49519383630735
7.14879747834631
5.03188508419557
7.45921589722154
3.23819400931992
7.33271473741392
6.87037462743744
6.71328275234162
5.63739930079247
6.40390588097813
4.93027397379526
4.98488807690719
6.66932680822372
5.2821361113581
6.35890568647008
5.98172553269598
6.22379269145717
6.13820739467361
4.22913728565349
5.35879842836769
6.64893798938215
4.88639701189415
6.08942620354846
6.34090661205449
6.87742989378333
5.98311280075165
6.0999029926983
6.18740409100095
4.89210204863122
6.63680322692201
6.91694051005555
6.13199849493053
5.72850137369083
7.47355381096357
5.69874588677796
5.95946009370029
6.240445602931
7.0527183595466
7.55190324984623
5.91076976863275
6.9033687647135
7.31561080605361
3.83379877544977
1.26417000032795
4.97862037638217
5.54920019517376
5.53917052785311
4.37290820583654
2.37401153814252
5.20521958614739
7.96417594654176
6.24194525710833
6.60915574125255
5.89608724354414
5.70242998534411
6.39931473351191
5.40738440960495
4.40294835185736
5.32460582257117
4.87400720831207
4.8210264324202
3.68355224298417
5.11372882617981
5.28612263876813
4.0999193192209
4.94547822588488
6.66978400437354
5.18987864376417
4.01870756543761
6.91821800132863
5.25617311199072
1.84252343967739
4.55160653912695
5.93610981764184
3.44949474798204
3.40991564496923
3.61731909625586
3.88738676089982
3.23165094992761
4.75156982632905
2.24546299667316
3.46174488709873
4.95442927344418
4.8795404344823
6.62519300393586
5.07118284362161
4.91710806777278
5.54778955043186
4.68261672709893
7.56654683318605
8.28554792801901
5.48465326987216
6.06044516340746
6.65856370932965
5.56226041894207
6.40263418014617
4.75847950471498
7.77495074689605
6.05048126265795
7.29656140745822
4.3433493738379
6.2952886125285
6.95493180687569
7.73187893080401
6.30959373474958
7.11713783186461
5.94887015225765
5.33080262917422
6.75388398766197
5.40306639001824
4.74828549211458
5.70492544512987
7.16223735764047
6.43102732989002
4.89309159209331
3.6986568524079
6.75478705582916
4.49678301917574
6.05443375703049
4.794925968573
5.36168618566388
4.26547489680079
6.1286524566138
5.72815254693216
5.84791947187992
6.87702464931174
7.05907184046374
5.81205088376305
6.84653980942439
7.32934153512035
5.8196761654381
6.71649729280635
6.13153405018334
6.95678645865917
7.36408200903263
5.92706494733763
6.90680658218889
7.47803514969389
4.84915169273926
3.30250322055917
4.50714433256711
5.26304230495598
5.12504382057535
4.34755378452128
4.46477729863129
5.91906806629973
7.77302359751061
4.39465991201562
6.60222540192761
6.10885058062178
4.72640523913482
4.70864035654471
4.72029010628921
3.71585404854161
4.12620033420323
5.02593134762144
5.66128458155946
4.15608588217727
3.91532333781186
4.08771715040019
3.80745163738131
4.35220717117555
6.05036420722307
4.9037207535464
4.4880863088198
5.28040429942965
5.15835241960941
2.23712433800176
4.36125869332796
4.27596824168205
4.75101348486679
3.64991649122206
3.28990962900275
3.97438450706188
4.1467783196502
4.90820512384149
3.50578726675517
4.28599463621223
5.57742764618301
5.54958731661361
6.03192194922652
4.95397330410133
5.87292549102148
6.50360697368056
5.09964562640573
8.03611491388994
8.25263304465322
6.57235739805402
7.64601189935618
6.07202588176501
5.72111083893569
6.42936873860422
6.03116439381078
7.77217077476094
5.70750797372741
7.65117912605442
5.04642364457413
7.54367408409318
7.42449988757958
7.38890564187347
6.55290224218774
5.61197396493559
5.5153981741599
4.72945615675464
7.09188439423066
5.72865142779172
6.37988661133706
6.4971047973042
6.78793714360911
6.69936295919362
3.26138154488816
5.38831506569596
7.34032685878707
3.91322513882691
6.90871937310708
6.40829097977143
6.9678014504795
6.04963680421666
6.95560069383812
5.04687730831965
5.65536993398261
6.68376861250075
6.96277408217491
5.91011340542114
6.80785689169412
7.81460896158908
6.21084070884657
6.72272797905168
6.59244536584876
7.83285793046645
7.69861049087354
6.30619170635151
7.69165673255214
7.83612479301788
4.92691299580395
1.67079317335403
4.57150040966244
5.98305091663658
6.2358971671831
4.3008331710281
3.18821205647603
4.35765066105326
8.18030251991926
6.4391459014367
6.28438954206868
6.73095228199471
5.24012178933763
6.46428756355981
5.8560111737521
4.8515751160045
5.532616796296
5.77721611845134
5.90841350685273
2.5946684769308
5.41344284143956
5.58583665402789
4.53061514487282
5.14439479092973
6.28797308193516
5.62372936522699
4.1517549140307
6.896924206439
5.29996899830965
3.13010940797085
5.25108886748614
5.84906597389038
5.63768876321405
4.69919691523315
2.93628608971922
3.68717033155861
3.86715467007387
4.27623635987617
4.39246254510244
4.31503906090478
5.78965203040021
5.8217809010337
6.90166288662942
5.82598341815011
5.77040224157884
6.23319640859604
5.15470465901555
7.24912168115427
8.63743272841297
7.25534692920582
8.14128423722484
6.9069617022621
6.64229654106579
5.41072156768006
6.4641898145113
8.25156987803004
5.9091643620952
6.59962920255843
3.11839872045686
8.01478307741722
6.63750665484391
7.59056203024125
7.30862421518553
7.57013872131921
5.74041550554713
4.47750081654122
6.43645883563019
5.08564123798646
6.72034110449616
6.27507152181844
6.98462774856184
6.11360217785825
5.93698064071193
5.58624062074716
6.34733561534272
5.64565273958617
7.23417014849815
6.68250973691225
7.24926995400313
6.12169040809675
6.91475801584684
6.84311724804008
5.70660257131716
6.75147626863175
7.26877596635002
7.39574745474932
7.9617283817948
7.49786636563506
5.51555238864744
6.64239294225104
6.30113125682441
7.63263104712397
6.66714980413283
6.44998941917469
6.32694540866027
7.16060999766212
5.9190842773041
2.97201335538641
5.73067470247282
5.41247056536633
6.34344925765726
4.13896686864548
3.5433992742945
6.72830056253644
6.14476578874142
7.01463015084943
6.3224090716957
5.76965316621275
6.45451153734947
7.41331110297573
6.0977308704857
5.09329481273809
5.20306242201932
6.01875115326175
6.27069229304842
4.95699625590482
5.42503260587744
5.59742641846576
3.95687989779165
4.37902660748284
7.38406718253505
5.05314901395674
4.76869253883497
7.1679880677689
6.0426789129334
2.36671963623571
4.47236038978243
6.1635520100213
3.97773870894541
3.97039975775101
4.42654006334502
4.39124179829882
3.73550598732661
5.24443541755167
2.80725294142858
4.18901681695276
6.01177205756037
5.88196768423495
6.70073649055801
5.51621481885716
5.77594767176201
6.32492498847558
5.32766384653928
7.59534669029028
7.63954345337336
6.64958154532076
7.03808953477456
5.59975558041827
5.60399062670937
5.67433990331993
6.09558901289522
7.15908118348108
5.36833142226447
7.03292230807632
5.01679054301621
6.93575171951157
7.0038209007352
7.04972909041052
6.34677176483521
5.47317265294825
5.29747043535574
4.33633851402523
6.39729236756938
5.15016304687849
6.27534780612125
6.34656523130759
6.64924929465227
6.06739351035217
3.21272158867184
5.42945273437941
6.76706985186406
3.60496180006259
6.29764211271454
6.48715267077912
6.98566474156284
5.43654721293681
6.40077124419289
4.74237441213146
5.59776972170542
6.16340372522779
6.4208092432817
6.15433886188386
6.6907366794678
7.83851118469332
5.52212790245818
6.38355142758873
6.616347588953
7.39343143613664
7.08552089959369
5.87334160618689
7.23953671522257
7.17970367123593
4.72078251845142
1.85772091217529
4.80681414734094
5.69027902720016
6.24583782981988
3.67632104322445
3.24964066244254
4.29837395294038
7.96159063555622
6.61967416626919
5.31817617985891
6.59599545580693
5.42603134097436
6.53835681501563
5.93008042520792
4.84655015770483
5.31846539889757
5.19062899451332
5.85229169455076
1.09626911616511
5.28524510495577
5.52655994591501
4.25793249219167
4.30452745650971
6.15421096020296
5.33095747579056
3.74816251971189
6.8241853693904
5.24384718600769
2.83369514840822
4.88537812339814
5.7932440470467
5.58796642490086
4.66128238075468
2.67946330579215
3.82641734230411
4.19294399428919
4.40789284469473
4.34274020678924
3.97586250944183
5.17656243912036
5.20869130975384
6.7845426744031
5.35172152869861
5.53229948530208
6.02558753126828
4.82358087691826
7.5063022084193
8.62781544599283
6.78315754621995
6.59962920255843
6.9069617022621
6.64229654106579
6.23465561008548
6.05698378106278
8.16111187845144
5.9091643620952
8.14128423722484
4.37872280246206
6.68572459396611
6.89468718210894
7.59056203024125
7.30862421518553
7.57013872131921
5.74041550554713
5.90755374077606
7.08034030112628
5.66228161619846
4.51533218412513
5.05377739193954
6.98462774856184
6.75748364335433
5.93698064071193
3.38123170037613
6.7123944059075
5.06322860541005
6.6341377766346
4.47750081654122
5.0442610336321
4.56056295322181
6.29209832796384
6.20076988732022
5.70660257131716
7.51659478522697
8.03389448294524
6.6306289381541
7.9617283817948
7.24068583837003
6.02430622228052
6.64239294225104
6.04395072955938
8.2612738060081
8.22827725900777
5.80610795367861
7.59348656203935
7.63023266627876
5.9190842773041
2.97201335538641
4.94134834792315
6.63243013654248
5.07690810427817
4.92829322319514
3.5433992742945
6.72830056253644
8.34977470911245
5.75838266344982
7.11173542624536
6.72828947318816
5.92981612725134
6.27375157352872
5.64801078166301
4.64357472391541
4.85677357256229
5.42078996001204
6.27069229304842
4.96216348260307
4.97416612177074
5.14655993435906
5.21720397979686
4.72531545693987
5.24740521838786
6.27310858513289
5.75613835209615
4.96297914739787
6.0426789129334
3.12483522814091
5.21883740407476
3.95854308965027
4.32603605892934
2.52380602746259
3.62975185270972
2.77798140134374
2.12224559037152
4.02320761945536
3.52500402250472
4.18901681695276
6.01177205756037
5.88942954032059
7.04702534001505
5.96593490767985
5.77594767176201
6.32492498847558
4.80529170657662
6.94085017965718
7.66502158572353
6.18554995338831
5.62721805986899
6.09798582445449
6.16585477742988
5.15848509257632
5.52228187579225
7.27915873534059
5.38507920872122
7.18834551474392
5.58070790366513
5.71331345127667
6.37060202873497
7.06647687686728
6.7632614231787
7.1082920125861
5.23148447103623
5.49957223315015
6.10792915843684
4.81898723739152
3.99124703075115
4.41602019523592
6.50818598492594
5.90117614641296
5.52899913308602
2.97325019275021
6.07463720920388
4.09081746272061
5.66172663394515
4.05890255701875
4.56781926999619
3.58815181053237
5.36771631247727
5.29681900064077
5.29862106369125
7.06143066022392
7.48853169093841
6.22264743052818
7.50656425679174
6.74267643800362
5.05189507959108
6.11830778887706
5.39626608366698
7.70155955955098
7.25586611631833
4.83369681098916
6.93776450766493
6.71608166522394
5.39499912393013
4.06340548113
4.53336684029724
6.20144691650305
4.58938881638478
4.52031171556923
4.74538437549757
6.32031905491053
7.88792800037935
5.33978440392736
6.13932428355591
6.24077018529476
5.40573097387736
5.70544253937584
5.08096688989517
3.98785266954099
4.30338986050954
4.84167655856639
5.86271078542251
3.7601783814
4.55384034321647
4.73857842673315
4.80922247217094
3.5233303557368
4.61265811993374
5.84212536509346
5.34815684447024
4.39752711863576
5.63469740530748
3.18201537406621
4.63784551898478
3.30282103527585
5.52802116013241
2.5809861733879
2.66795746191683
2.83516154726903
3.32423069157459
4.08038776538065
4.72698912370779
3.66493166357878
5.03936091487093
4.91701839763115
6.57058357637914
5.41255119562711
5.25186251838804
5.8008398351016
3.86884175948995
7.16393291653721
7.83797840080101
6.18029856657275
7.29456591305852
6.00139232318115
5.35533898763438
6.06285529669123
5.566800394388
7.46167233574482
5.63697306181588
6.50523955850885
4.64193858278252
7.16806475325091
6.68933599480182
7.2710322224718
6.18713039088643
6.11140841961318
5.47848067244107
3.66175864158329
6.47917968177655
4.91936335644047
6.19425570230707
5.25897153154487
6.51590724264789
5.95716876203798
4.03814313106326
5.19414844420466
6.30413009213533
4.44240926746054
5.99436609496246
6.17625662789147
6.71277990962031
5.72289650932749
6.00484288411229
5.72943942521624
5.57602224288308
5.25666503575074
5.53680231888426
6.05038704596332
6.4558437427437
7.47533851786922
5.45434999520515
6.51011583159719
6.09074295753
6.67460482880457
6.59792691113354
5.9125544755384
6.33274515763682
6.94189957585856
4.56114114450264
3.2013227993994
4.22392903016172
4.8247978149747
5.4441104192671
1.51741888312201
4.29074866711886
5.13441224722836
6.92236663804325
6.16033380814112
5.10239895493332
5.57145317644451
4.91268165318576
5.76933226528998
5.47899096768561
4.47455490993801
5.06044678378441
4.77894709972606
3.90062385734149
3.49597851594359
4.89482577519861
5.06721958778693
3.37551693902184
4.95683833829668
6.09191704749229
4.46547626356511
2.63856937426633
6.75356801716562
5.23184562406717
2.72562434617924
3.29887505572807
5.77145983347881
5.23320370142244
4.6072823405574
3.26528160580227
4.98996523778553
5.16235905037385
5.60759941199655
3.98797748331083
4.06835163162236
5.35357256136588
5.27100656860897
6.19312987379022
4.68555037659762
5.61105860565271
6.22076513239148
4.71830645330708
3.78290308707587
6.76381880991481
5.59732268785063
6.48757534588801
5.18371840561573
4.89833430200525
5.94393096428482
5.11562288377375
6.22502687859876
2.92979859814213
6.3311396936531
6.91144744763422
5.96997005078632
3.38656826466799
4.39420739456976
6.07156146185028
5.92283438354443
2.88267936226993
2.37031564815202
4.08840669730803
3.67571481136004
4.69946283014419
6.29083107165064
3.59083263989695
3.0483293162562
3.94675609546193
2.86847755050125
2.17935141481352
3.95736404967335
5.64346957244596
3.9244553497681
4.67052131033901
5.42975715416538
4.70524745049253
3.62619618260837
3.57678429392242
5.65083470278466
6.46956593099014
7.32967959216647
5.99727910884452
4.48466990386281
3.51404560506656
4.04679648203921
2.64501863923014
6.42626255626054
6.40617923150947
4.12179756677204
4.11516942922839
4.65795839687494
4.79865651598436
6.07818279337103
6.54173739944084
4.51634700596686
2.83801312823859
5.55653258062188
6.52628115405953
4.80880410290106
5.29268302947279
5.55981779668735
6.41899419379438
3.40217592838244
7.34575592383838
8.19932115992085
5.97237830262039
4.87610918645529
6.09360942402549
3.35362543837262
7.08140294069077
6.3915623533273
4.14980042791215
4.80553623888436
3.60700562862303
6.45705727563566
6.7287932933912
4.70327474478812
3.44025553444131
4.29100341122497
6.13623842487713
4.72306275756216
5.61788222620789
3.19788919087079
6.50386970692916
5.59586479634747
4.01678434318977
5.84511346647332
6.02352101558561
6.48273717100692
5.99773942283955
2.15747932794244
4.81735334080252
5.29149953430597
5.96764872818592
4.75474665352143
3.46163987033695
3.61004585096823
2.69107809533995
