11.1624822967725
11.804330032309
11.3514443604891
11.0877845581014
8.11100143774349
7.57249165295978
11.8493165909935
9.17709116827257
10.2376211192543
12.224663148477
12.6154817515098
11.0562596282388
9.56474329303101
10.5606726650291
12.2206308611148
11.650210958203
10.8758533972725
11.1487387726001
11.7213206067408
11.9588728265596
11.0850211560156
10.2385656429984
11.643802034567
11.4446448383479
11.2207133697499
11.7550436102865
11.9438539427159
12.4242761215344
11.9236249754841
11.5126855862619
7.30897293023204
12.0585416599837
11.8152106832297
11.605262258338
10.6081485373041
10.6994290984542
11.7303513700694
8.19050582178475
9.28637884836597
10.1522476765455
11.5882946700887
11.2521431096989
10.8479022836614
11.2530019441434
11.0010344386274
9.16886625849806
12.2450153088965
10.5519942207027
12.1841895195255
11.5473112691147
9.97767802262004
11.0445080018487
12.1392496079528
10.1740980236884
11.6484661150011
8.89289969771127
11.878499573814
11.7897440196483
12.2134973750548
10.9526422246826
12.032703526027
11.2786087426273
11.2895520645699
11.2051676271909
8.89903792435594
12.8607333487817
11.2479503134688
11.5160214585362
12.1674806399444
9.45990633510559
11.4186191178014
10.6913968571068
10.6040090437708
11.1895995246921
10.2720726081829
11.52153596028
9.75573914683945
10.8411851563693
11.4200036219229
9.1742877225992
9.66655505309141
8.75877499778953
11.740354444604
11.60158014479
11.9044218393033
11.9461534277545
7.52689132181537
11.3212372665339
10.2193726604035
10.6098081913827
11.2728194841706
10.9636814411626
9.77283781799843
11.5827707870961
12.5445271337772
11.8626355185055
12.2742614902596
12.1364307825932
12.5533431747659
12.4650157700725
12.2828864860066
12.2206308611148
11.827789229377
12.7453398067673
12.8003906800995
12.3392999642281
11.8876349142236
12.2416768126527
12.1871830691828
12.0477303553395
12.6899989600403
11.4226841052245
12.485061763886
11.9508942804889
12.304789444181
12.5445271337772
12.0157422274484
12.1455884813788
12.6323933213113
12.7741575431066
12.1168715396571
12.2947473882574
12.3679624185401
12.6697458133488
12.1013914713323
12.1945317886783
11.9502751234474
12.0820738130165
11.7192489119898
11.4897795712484
4.74201655529122
5.04610179686972
4.46964945933297
5.35993108555769
6.88868691222071
7.5146519604922
4.17862748129612
7.91876535873291
4.96918615223696
4.16993317066911
2.93098307767889
4.71869553262218
7.31948618069234
5.9633624572168
2.47565131871864
4.24119209514397
4.91730688849296
5.01065074408283
5.17882884381905
2.06458129509463
8.03470606172711
3.33291446886144
7.58034212026521
8.55792971475548
4.98696625711515
3.14279841697714
4.49413052801052
2.90713945485842
6.86342362084267
7.93367102831518
7.04468209764181
8.07061321177319
7.77034197367947
8.15457402089759
5.02559489625169
3.77968273723874
4.72371990036948
7.04753345473354
6.01344831241582
4.60437315694183
4.09836337381522
4.61642849690435
5.32779961259654
4.68543842381043
4.00715036484576
8.35703000828353
4.6586441044351
4.19704647752179
5.03048438429931
5.18109955648219
5.00699705967608
4.36871419482312
4.92114338267567
4.6962349547877
9.35926394355114
8.16968642666335
3.52167815877868
2.85053457847823
4.08524912120633
5.25145569396461
2.37980238032915
4.56228276982714
4.74147032507579
4.7484191806071
7.13100873453016
3.6911888799557
5.8066283170721
5.54213888022264
6.50805275613524
4.73485894046064
3.53989804350763
7.79576044092347
4.78856249993887
5.00218676719358
4.65714080670472
5.13360846042775
5.09707889138951
8.68873495332004
7.38585229742023
7.64022965685425
6.28365638868942
7.8053410240717
9.03435616065152
8.79168981292153
4.31948719409957
4.96416832197479
8.10036381974759
4.51220045526928
4.80636312947252
7.56274441022747
5.05539354470862
4.75819335596274
4.82548533217074
5.78910031332461
5.09498201563391
4.55734178673072
4.97686973760491
4.84454062510677
7.45883932407471
7.91051065688283
4.90491486675116
7.75785219909744
5.26504484862758
4.08245277033046
4.31851390989382
4.18378709589309
7.05616270373746
6.84691219405819
2.13267615693775
3.92896028254002
5.3407026616378
4.45532695646534
4.02487156073337
2.41754675543732
8.3240759922922
2.91653009110507
7.4232058339436
7.98757856393587
4.6409438955898
2.87226480566814
4.22359691670152
2.20303229442018
7.74697335768404
8.69363751458913
6.07326413329637
7.1124851027086
6.90717951543756
8.95635015656898
5.40403615993426
4.50803139610814
4.78481001287788
7.54219711637118
6.08570238546513
5.09903681857949
4.82465075927027
3.82983531186933
4.78584252536047
5.28247277650231
5.16212947402705
7.72003027981641
4.00866791672297
3.56437140523921
5.62751873699118
4.54424129444126
4.46922316219835
4.42980430733152
4.9156697177056
3.95552427843118
8.55843913306992
7.36322093895029
4.31222517000047
2.63413193989535
3.99964775891427
4.90543333243927
2.29420101803709
4.35899805691545
4.14687745070339
4.33634295543741
7.94511017192617
4.12164709138967
5.10973129098796
4.84524185413849
8.09489846743134
4.65413940357158
3.4214341315104
8.00614384008675
3.49686084174503
5.5723391790476
5.22729321855871
3.84190680223391
5.16933296443881
7.88113682912326
6.89313846109443
7.5043090419932
5.78888127894926
8.63162840952674
8.24091357555655
8.35382272816783
3.47963965942808
5.0742809340505
7.71566908389786
5.31397659094069
5.60813926514392
6.80243491831495
4.93388243296693
4.84774854444158
5.03117562774155
4.81539565706804
4.69622092644343
4.7248174178056
5.37563082679538
5.72445245955351
7.96962142170982
7.42561596152689
5.18084560582438
7.63101408331894
5.58508938880999
4.08245277033046
4.7795306239761
4.36578742974066
6.93475305112068
6.51931535080814
2.21104059025352
3.53019919334954
5.52118468535964
4.43729666570694
4.98986937018922
2.41754675543732
8.88952665955286
3.47371603269166
7.31556688566539
7.67060756495957
4.50954690444997
2.65468861686033
4.15239427703916
1.98545610561237
8.21741729845019
8.71814876437278
6.90348400668987
7.38376663242415
7.89612925434991
8.98086140635263
5.60403615993426
4.87836588797187
5.15905985228471
7.54219711637118
6.12981618657432
5.09903681857949
5.22341184846074
3.52960857919176
5.63873458727707
4.8967964523984
5.60482133744691
8.03258689645069
4.88451447688042
4.35413969446533
5.22875764780071
5.28234347949054
5.2936886267882
4.42980430733152
5.76214532963082
4.60527148028293
8.44985218817949
7.40475731533717
4.81137558140919
3.63644475070185
3.30065993704623
5.49146581817679
1.59521319616905
5.09710024196474
4.88497963575268
4.83549336684612
7.48335057385835
4.05044445172731
5.67532051704685
4.69340160332002
8.137636116045
5.02653516884965
3.94010251919727
8.18662586380859
3.82551417174935
5.19808933964077
4.88146997647865
4.14213353491147
4.83674284768327
8.20025617638532
6.89240398249669
7.22943151825419
5.78553951930076
8.60711715974309
8.56003292281861
8.82436760101985
3.54217307351389
5.80389177675479
7.51542030918762
5.65715622841122
5.63265051492757
7.49655731190585
5.74358597717482
5.3468989558503
5.54562392071445
5.44455938797485
4.99706742862338
5.02566391998553
4.87895515059437
5.53949320867349
7.61705971066522
7.71397222236782
4.76426263112696
8.35099406797727
5.16850641411258
3.98453818331992
3.81348684884951
4.89825765573799
7.10923422938821
6.69173525566132
2.65826064157891
4.49624296847612
5.42327009834911
4.73814316788688
5.15839096693486
2.31963216842678
8.51184986921295
3.66429480076303
7.63539299359736
8.42831537460746
5.04201713044731
3.33353239200311
4.68486450303649
3.09787342988439
7.59179641928718
8.66204382675969
6.55092229564525
8.04518206138351
7.93874545431343
8.8829468193421
5.50612157292372
4.41011680909761
5.32758144903035
7.67590625317805
6.26352532338117
5.23274595538635
4.72673617225973
3.26455662680814
5.14205891107606
5.18455818949177
4.66514288623274
8.10903368187122
5.13312877512966
4.52999465993252
5.52960414998064
5.53095777773978
4.82337827449958
4.99708699326763
4.87619425600783
4.34021952789931
9.11126761713884
8.1247372999955
3.92542450778621
3.32501924917279
2.73337725111013
5.30650656729677
1.02793051023295
4.91214099108473
4.70002038487265
5.08410766509537
8.20333055851669
3.88192285498167
5.92393481529608
5.65944537844661
7.61216307950634
4.78784854037845
3.75514326831725
8.13144892541173
4.76313134954918
5.7305595656381
5.38551360514923
5.10817731003805
5.34715590235486
8.19497515132349
6.3194863491573
7.94941150291253
5.22024935156743
8.40920257273256
8.93842953355099
8.62645301400931
3.79078737176314
5.38730880205736
7.64912944599448
5.2405732537138
5.53473592791704
7.06898460823091
5.47853402479119
5.16193970497028
5.30262913965658
5.69317368622408
5.27266887563802
4.353251294014
5.42640048213366
5.02033461272832
7.78493737224704
7.79553889728619
5.00115482986709
7.14703101033103
5.95501232456928
4.55086024627508
4.55022988785304
3.66166958291547
6.64076757556572
6.359142551129
1.13456537187218
4.14938479115778
5.26612035883933
4.06576116652129
4.61830324639763
3.02056722782991
8.69169405981293
3.66453309722465
6.60126311326014
7.76430618928214
3.79524313204472
1.67008874631329
3.16779440649213
1.00085623506533
8.05724449877106
8.53346471490999
7.47075549262062
6.9694628600189
7.19201140752471
8.79617735688985
5.25509248470472
4.49368183850907
4.96114267749739
7.07703104318656
6.16616557320436
4.63387074539487
4.83872779899795
4.60223731299157
5.33154328890556
4.8189628928308
5.44359672666966
7.95022129796319
4.06423150463957
3.847089847549
5.13558225599292
4.59980488235787
4.98649732841668
3.9646382341469
5.26236625999823
4.75117170731883
8.36748658969198
6.90497824570459
4.34420550734963
2.81616177846099
4.37328867084604
4.77716204577153
2.85113099095351
4.41456164483206
4.99479239895025
5.02631043137911
7.65279749712169
3.06584458118028
5.36612521780041
4.38420630407359
8.30708303930834
4.654999669664
4.0910532922781
8.37744292834158
3.37346602423592
5.01340529017798
4.69678592701587
3.69008538739804
4.87527847055598
8.76321950972941
7.9650327162965
6.46099677312281
6.85816825310056
8.40919998495579
8.38785324991116
8.60076240252245
2.97167702164696
5.26839898082243
7.07036079050481
5.47247217894843
5.44796646546479
8.0638287978366
5.14084428284514
4.87972888179074
5.34560508473186
5.28100371910952
5.90592776162314
4.98651017999912
5.26998771933861
4.45931789864602
7.59679068903159
8.54682924640373
4.44013811578479
7.89832135944857
5.39399561048698
4.78535804306972
4.39381712505799
4.29492846890058
7.34072179037191
7.05909676593519
2.13046125748055
4.7826436771429
5.50061815563397
4.69902005250641
4.46189048360258
3.34486222445332
8.53196936191474
3.53680344592726
7.30382460911711
8.46693267271103
4.42850201802983
2.66598463192165
3.80105329247725
1.9967521206737
7.89751980087288
8.84466347786996
7.28260880940516
7.69061063875472
7.03228670962652
9.08961884347318
5.58052901788886
4.37013537697003
4.80472991470235
7.35137445824935
6.49160210638849
4.96349046833733
4.6823150362029
4.44582455019652
5.17513052611051
5.51891710763699
5.32005026513061
8.26142006092315
3.7455631169527
3.72354338600995
5.76884114197805
4.28113649467099
4.86295086687763
4.29425795708937
4.70134954591593
4.59475894452379
9.0886343684278
7.65626859482212
3.78318879326733
1.82026589285263
4.60778646764069
4.45849365808466
3.17542598757692
3.85354493074976
4.43377568486795
4.70764204369224
8.40408784623924
3.6991034671654
5.04745683011353
5.01746519005871
8.61828180226831
4.53145320812495
3.5300365781958
8.70287946152572
4.07342023904212
5.6466641761631
5.39674014182206
4.32334427338316
5.57523268536217
9.05666099631274
7.83511682875643
7.21228712224035
6.72825236556049
8.68354340001858
8.69905201287113
8.92832085205057
2.36877651472226
4.70738226674013
7.3447042055676
4.91145546486613
5.77758618840726
7.93391291029653
4.98443152005009
4.31871216770845
5.21787543343447
4.96233533142265
4.77683970161694
3.48189745504004
4.97874448709819
5.01952564660637
7.58098354606026
7.65584469686615
4.74621489101901
7.42500114530254
5.44595002522368
4.08964406870197
4.39901740049224
3.66086061679351
6.68955995738095
6.14813417802237
0.508040473249928
4.74538334039526
5.02417338283413
3.47919750385584
4.88151477929586
2.52473805380883
8.75295848321506
4.29003616975126
6.65956491196518
8.37737056064353
3.85354493074976
1.67112819363201
3.16883385381084
1.80483733043886
7.84829739907878
8.03969681430327
6.82184715697155
6.62139523272292
7.8551539275889
8.26059980688567
4.99098469482141
4.40099752455283
5.84076811052154
7.34543458855592
6.22961623284917
4.90227429076422
4.74604348504171
4.56741142324871
4.60723525113191
4.4151199363927
5.42012492420471
7.55476766393661
4.71202035387262
4.65122653035679
4.75138928438167
5.42216796399568
4.26218929064304
5.03598342757107
5.03133111440449
4.54814588034826
8.3348383239632
6.87417441502051
4.52495456660824
2.66100897963923
4.47620715621135
4.83546384447658
2.76055761516293
4.43398307841505
4.81735382342205
5.65181350390573
7.76712799687881
3.20462840360716
6.23251752550004
5.25059861177321
8.21217914868773
4.65104584347722
3.91361471674989
8.20000435281338
3.57578447521121
4.8094514639912
4.49077082741472
3.90102784241544
4.9365428939581
8.11649741032301
7.73970763121486
7.09876841741773
6.63284316801892
8.49225319592612
8.609224508806
8.0465075845932
4.21261181952021
4.93797029175801
7.38291740713911
4.93689462894425
4.9123889154606
7.41492046218753
5.14203931759812
4.92273356594118
5.40905574437665
5.68489162720709
4.86566784970677
3.56737275226737
4.95101728360695
4.71231551225225
7.64323917095209
7.65584469686615
4.52783290475472
7.15396924730757
5.44595002522368
4.20916204498013
4.58602443764936
3.35365048243939
6.36630966043949
6.25312745152787
0
4.8342114884851
4.69873684965
3.27988262477466
4.9669900765232
2.66866622636371
8.61437339975379
4.29003616975126
6.45956491196519
8.23666356083828
3.65354493074975
1.33651519718405
2.83422085736287
1.47022433399091
7.95329067258427
8.1019524391951
7.14728369015568
6.94183849240156
7.54794379323478
8.3228554317775
4.74603018535912
4.02035991339672
5.62238612425727
6.93533284189161
6.08672299680123
4.49217254409991
4.3654058738856
4.73490048412768
4.60723525113191
4.3435796943041
5.43964290048287
7.55753698400693
4.34172425573085
4.36852764578633
4.66226033088056
5.09673143081154
4.26218929064304
4.62588168090676
4.94585581717716
4.44315260684277
8.33986222207464
6.78869911779318
4.19951803342411
2.29071288149746
4.64369621709032
4.63546384447659
3.13085371330472
4.10854654523092
4.77960944831387
5.65181350390573
7.82938362177064
2.87001540715919
6.04051721483741
5.05859830111059
8.31717242219322
4.51330146836904
3.91361471674989
8.20000435281338
3.77735393233349
4.87170708888303
4.55302645230655
4.10034272149662
4.79795781049684
8.43974770726447
8.09048575307849
6.68866667075342
6.98362128988256
8.305246158769
8.60645518873567
8.24582246367437
3.96987417090654
4.63494334716223
7.22066178224727
4.99915025383608
4.97464454035243
7.74035699537167
4.90626127139966
4.59729703275705
5.26616250832872
5.67986772909565
4.12893824050733
3.59129801160412
4.80834814085928
4.92755005067494
7.70945120980748
7.22632522202082
4.65630056850193
7.39409614413459
5.01643055037835
3.51517008439435
4.61936041207374
3.54936704458392
6.48154419886218
6.27866311518393
1.02025883266572
4.09748187928565
4.77341997570171
3.45239266200183
4.99091533585997
1.8502640695012
8.51612332232597
3.86051669490593
6.81254382549604
7.98927125680351
4.00652384428062
2.09147120521351
3.58917686539234
2.22518034202036
7.976765062826
8.16816447805047
6.32387601902914
6.81848794736298
7.76317833165747
8.38906747063288
4.83675347399815
4.31108320203576
5.75085378800446
7.30653815425248
5.85004342334641
4.86337785646078
4.65612916252463
3.99293743894108
4.61732092861484
4.32951376646229
5.43454937888025
7.4843713176977
4.89461899034595
4.50198858303903
4.6614749618646
5.43019236806425
4.27227496812596
4.99708699326763
5.13642351838193
4.11862640550293
8.26444197772429
7.01065922790568
4.53297897067681
2.84360761611256
3.90173317190374
4.98844275800743
2.19628643102656
4.44200748248362
4.22988687627154
5.2222940290604
7.59254846088157
3.62497141518866
5.99568236461094
5.01376345088413
8.03879352981825
4.79087620673094
3.50444355707856
7.77048487796805
3.69380903581742
4.9379191277384
4.62129976457629
4.01042839897954
4.55697008445535
7.64547786700455
7.07022692041274
7.1517473309486
5.9633624572168
8.43371382251621
8.61931018628893
8.15590814115729
4.36559073305106
4.82566663580126
7.48001012177916
5.06536229269145
5.04085657920781
6.94834173315286
5.09698456003868
4.93075797000975
5.17222058348757
5.70134673069102
4.34325546610075
4.53410758235472
4.56434527423416
5.67859947324456
7.03100873453015
7.02838111264073
4.33097496980189
7.43249451088144
5.28785453992384
4.16993317066911
2.86037606794378
4.31993444343171
6.94915168882862
5.22024935156743
1.83051668038271
3.84243100595349
4.94181813827661
4.47414527978418
5.464356807685
2.06458129509463
8.38259057722153
3.70531023413951
6.83857825606157
8.21857169359832
4.21883706899911
2.22829567971564
3.72600133989449
1.99263671759693
6.91539238806856
7.61547968026933
7.53095294549327
7.50516254451253
8.14485965530152
7.83545467363553
5.08285724763802
3.98575760333571
4.95616009037884
6.88121255555243
5.99393033613766
4.43805225776073
4.33080356382457
5.01518958609481
5.61332757646249
4.14459984300726
4.06698951348955
8.24379688295901
4.87937376553633
4.57156415914385
4.46540239592773
5.49976794416907
5.26828161597362
4.20239329564201
5.12657864503803
5.09499604397816
8.81832452607413
7.57018245348736
3.74533981997104
3.19773049022849
4.08524912120633
5.20075598272592
2.37980238032915
4.88095115751402
5.06013871276266
5.06708756829398
6.9886869122207
2.92305969183966
6.12529670475897
5.14337779103215
6.88379028106183
4.9633837829269
3.8585664311945
7.79576044092347
4.30499488275063
4.29086906136882
3.96562569416458
4.62161424591275
4.70304323348929
8.68873495332004
7.76085534374908
6.78459071007721
6.65399088055314
7.63902012489059
8.921123035327
8.70914651578533
4.47383868348026
5.28283670966167
7.98414142179251
4.51831222632187
4.49380651283823
7.93514017550553
5.45415463389909
4.98185501715512
5.17336984766516
5.99453557568697
4.74119957548084
4.36871519600824
4.82023685591942
5.37647217410613
7.41676689585122
7.08343198597289
4.40136062965387
7.27759078992453
5.342905413256
4.33963370960225
3.30243397843307
4.01780714429329
6.6453649584474
5.65297892491476
1.28359045921626
4.24037511533358
4.65794786257413
4.21478625386536
5.29896442133852
2.50944624284672
8.35366135799234
3.717623458858
6.46400940645125
8.064205941185
3.8442682193888
1.91098918149166
3.4086948416705
1.67533021937295
7.35314214597117
7.97210001072376
7.64825944371725
7.45011167118038
7.8427323561631
8.19207500408996
4.64298557339143
3.85682838410651
5.02654575023082
6.6268468031391
5.96500111690847
4.1836865053474
4.20187434459538
5.12263450013613
5.48056837624964
4.17779358697276
4.33737517334152
8.19884775629117
4.33244754436988
4.26943686000543
4.50303695417702
5.05989626992247
5.13552241576076
3.94802754322869
4.89393736029422
5.10730926869665
8.77337539940629
7.33754116874356
3.26273049711077
2.65080426906205
4.19269403524765
4.82618713311561
2.67053635535511
4.44107948326742
5.11518958609482
5.07940079301247
7.3866310216008
2.60575319361568
5.89053350367119
4.90861458994437
7.28173439044192
4.67951350722443
3.68399758158419
7.80807366564196
4.18768838452664
4.64523481378215
4.32224602461902
4.50430774768876
4.66967319997631
8.80604145154402
8.05158931877505
6.44776623557507
6.94472485557912
7.70940578474257
8.84861545913104
8.63663893958938
4.12285308443739
5.09709600814119
7.7430087947037
4.8726779787352
4.84817226525156
8.05244667372951
5.26236884777499
4.49924569429485
5.14444062843597
5.92202799949101
4.67059256574574
4.29810818627315
3.94261597051734
4.68843568749369
6.56112794907418
7.56970283382436
3.61332414304142
7.66386163777601
4.55486892664354
3.87026561067669
3.37304098816818
4.0472001345582
7.03561590498987
6.0296828427795
1.35935699862661
4.63913620452406
4.18857976364856
4.14417924413027
4.90020333214805
2.04007814392114
7.68901439815519
3.34522769357993
6.65592314800749
8.45563366165393
3.8736612096537
2.08675572090203
3.43808783193541
2.22046485770887
6.9254358538187
7.50611206516865
6.79262049694022
7.77781796333286
7.47033659088503
7.72270690516439
4.17361747446585
3.0085017892751
4.62778466104035
6.25747870421354
5.5956330179829
3.81431840642183
3.33374515647933
4.35450531202009
4.61243918813358
4.08738398395305
4.42778477636124
7.88674200875193
4.013779156683
3.89910236814171
4.43242994444192
4.74122788223559
4.29581982497147
3.94802754322869
5.04463707153293
4.33918008058061
9.10108169155878
7.72381201659503
3.41343020834947
1.83630153180056
4.66206213417322
4.13815064650316
3.13990445428069
3.75304299665497
4.42715309948237
4.76073240532559
7.77290186945227
3.47388238173172
5.57186511598431
5.30737567913485
7.74772233599703
3.93981091643514
2.99596109497175
7.62759164192012
4.55802287639037
4.67462780404705
4.32958184355819
4.90306883687924
4.67926359695659
8.57566351448714
7.6765862724462
6.83403708342654
6.57439036371539
7.70940578474257
8.84861545913104
8.63663893958938
3.80418469675053
4.30905952152875
7.37364069577814
4.08464149212276
4.37880416632599
7.49696160367883
4.49423965965894
3.8112092076824
4.39611403360455
5.60335961180414
5.33506393386099
4.28867435862932
4.84129433474035
4.48363197209037
7.38925238008888
8.10050336348331
4.4185426790207
7.84003772382046
5.05224698379573
4.09446488858593
4.56249253153487
4.03914984084133
6.84310475579552
6.57159862122442
2.20442942355796
5.28996646209426
5.01507595647475
4.11275399162167
4.89862003410499
2.20696418494587
8.12024424166477
3.58489146344926
7.11014788600166
8.49356946235052
4.73932761252192
3.4430058941564
4.30742488821971
3.57671503096324
7.49609580585629
8.09076549222725
6.32706879125571
7.17475960128584
7.06823562011691
8.33571967527759
4.65723257183094
3.78051803173101
5.6939859074656
7.3132819077062
5.99586410985869
4.78597887063755
4.59926128198576
4.39369040294708
4.56045304807597
4.63779110474298
4.90398420857551
7.4692279567663
3.86784581525399
3.78881947266846
5.3942787301059
4.5975114016552
3.74170979782122
4.91968800744441
4.86795434549177
4.26031970465343
8.68509117288296
7.62466522673522
4.23309011815406
2.87849988375466
4.48102797609531
4.18110338027788
2.45298654647122
4.13712535645537
4.53665348610827
4.66989459017892
7.94629271424929
4.34321943801603
5.24629045918655
5.71340813230223
7.65834734425056
4.27345958670334
3.58521449995823
7.9480258309929
3.98674454185792
5.67072289597971
4.91423527061679
4.74323216722085
5.07949468883238
7.89069199531445
7.03456292491286
7.770985533563
5.92769846171692
8.44045757596993
8.54635201474949
8.07850915533407
4.14646722762037
4.41660132001468
7.55780804822541
4.84623878726076
4.96345759338458
6.70977575588553
4.91742376754124
4.63086911748699
4.72213743690467
4.87814622967441
5.52377297986957
4.28142622595568
5.06306344912954
5.1398113046097
7.72914804233038
7.83610776104412
4.63079818656834
7.69295508476328
5.73186658939401
3.94960038546526
4.1510758187599
4.17990736398731
6.34699300088965
6.12044409159658
2.26250656849211
5.00930740917727
4.46706659328924
3.81365296408524
4.81291436209547
1.9620996818252
8.30393183736807
3.78283512819793
6.74971923278962
7.99745770744465
4.59097366420784
3.31539148870295
4.19001328293752
3.07973252658424
7.49810746070997
7.63169335940284
7.04746309711543
6.84003611498523
7.17144119209837
7.81538978108547
4.29175314519753
4.14690451200477
5.35623208185555
6.60311457994923
5.50088877216472
4.18275506889596
4.87130445918226
5.0456673801015
4.29871431177274
4.4550766748245
4.37344414039557
6.53693417548821
4.27799177023706
3.96957506828062
5.13498244383173
4.90544049578965
3.74928273041287
3.94709610677725
4.40788730105119
4.67768368535988
8.00487414179129
7.17593449117646
3.6135393129201
3.22444038853404
3.41565367395352
4.9064864614604
1.38761224432942
4.55019009778177
5.11627309170655
5.31371964598087
8.10964668594861
3.38707163488269
5.715790057294
5.2982598948192
6.92274582025749
4.46644589268305
4.16483410555651
7.45684123744805
3.47240638812205
5.51411113847833
4.78971119130084
4.25002136976484
5.00096344867224
7.57427696388365
7.32010380323285
7.41702259421937
6.21323934003691
7.23641089950374
7.27651595274804
7.14305834959924
4.18191136486224
5.15825594976134
6.72688065853302
5.34279321424091
4.52248941653482
7.23712628360297
5.26232497560145
4.85005451010417
5.09677238122605
4.93992058855411
4.76963867688124
4.5705740334409
3.99561664024682
4.72640373786679
6.51358085514163
7.56564390308781
3.47787245738228
7.67363706624133
4.49306649096671
3.87508643056064
3.6533573649367
4.31966598172593
6.78363738316938
5.77770432095902
2.11873596276443
4.73818231565956
4.19340058353252
4.22392915216793
5.18051970891657
1.72230427505819
7.46083791750731
3.01247875255599
6.40394462618701
8.20365513983345
4.14612705682145
2.84613468503984
3.71055367910315
2.97984382184669
6.70220150559088
7.25413354334817
6.85784446593276
7.53392570544996
7.1375876498611
7.49690149015583
3.92163895264537
2.68231557887893
4.73468130177663
6.0375619973744
5.34365449616242
3.56233988460136
3.37725412892279
4.63482168878862
4.75730197715836
3.83540546213257
4.10159856596508
7.63476348693144
3.35052863064306
3.56429215370342
4.46808838728458
4.07797735619565
3.96100961053319
3.6960490214082
5.08260512190603
4.5581554673262
8.85718943367588
7.75593132221762
3.3961219508429
2.36118269914374
4.66688295405717
3.47490012046323
2.82213058541774
3.68693240839147
4.46512114985548
4.09748187928565
7.69225011214976
3.74634822889947
4.90861458994437
5.43801851255782
7.49574381417655
3.60500070199685
3.03392914534485
7.37561312009963
4.30604435456989
4.77367391518256
4.0776033217377
5.17553468404699
4.42728507513611
8.34985809947857
7.34644461247304
6.86615638904912
6.23958014927711
7.54157000219902
8.59663693731056
8.38466041776889
3.64918803328329
4.26703164986805
7.24196860623666
3.94918980646361
4.12682564450551
7.16681994370567
4.7006051989973
3.79390095017583
4.06992782320839
4.9401090857642
5.05848084162022
4.01209126638856
4.95562180208928
4.76021506433112
7.64435454769927
7.90243934661216
4.69512577126146
7.64670597537186
5.3288300760365
3.38430824721591
4.6768199988838
3.76256674860058
6.65202758538804
6.38270768705962
1.9278463313172
5.0133833698535
4.30491931510473
3.83617089938092
5.01294750145392
1.49680754357585
8.38451949198149
3.84916671376597
6.92125695183686
8.30249229194303
4.46274452028115
3.16642280191564
4.03084179597894
3.30013193872248
7.76037105617301
7.48282317947784
6.58217095886609
6.98799058346502
7.33032463419095
7.6510229262366
4.04971130388962
4.04479328204773
5.80831337481453
6.60312526633618
5.37864293742462
4.18064383893892
4.7135887493347
4.50801787029602
4.6747805154249
4.44890017057818
5.16825945889222
6.85945211078388
4.57800245662399
4.05090848674249
5.11769563786514
5.30766804302521
4.00598504813794
4.31435297574577
5.14453743773253
4.37464717200235
8.49832215506215
7.42660120986408
4.50967321039482
3.15508297599543
3.77087133472529
4.89126002164789
1.7428299051012
4.41370844869613
4.81323657834903
5.38005123154893
7.74822869737815
4.06663634577527
5.95644710055656
5.43682504006146
7.03703027292128
4.53773483702005
3.86179759219898
7.34008351824349
3.79785360769311
5.39413980373894
4.72534433645198
4.46664907498008
4.89060375466758
7.20599524627347
7.30096009157356
7.57292151669186
6.19409562837763
7.73030093459991
7.9196661299202
7.47056684258465
4.42305031986112
4.69318441225544
6.8476514068554
5.12282187950152
4.35812256168595
6.97405100620225
5.03175123489017
4.90745220972775
4.98641268722138
5.58830287104442
4.70135095140058
4.07392663307994
4.78257446808185
5.18168361117782
7.47691827177098
7.7313334470825
4.36151200557362
7.12424518621438
5.52143877544003
3.81728669714584
4.32152464940097
3.82301858136496
6.81782257810066
6.08468463600277
0.861243446759829
4.66989459017891
4.79279843372697
3.91999769093705
5.47354395733577
2.44924930359249
8.58774023362615
4.36552491996761
6.45337772133192
8.08598702910131
3.64947965646047
1.35902244609277
2.8567281062716
1.49273158289963
7.78484785705918
7.93563154001399
7.45347088078894
7.52256929083363
8.01731189216035
8.1544126162524
4.84809145877347
3.85403901421561
5.45606522507616
6.7690119427105
6.06221174701758
4.3258516449188
4.19908497470449
4.8971561090195
5.18577981332131
4.175136878779
5.15578072339058
8.05919962840519
4.34172425573085
4.14096919625822
4.49593943169946
4.93142860617526
4.84073385283244
4.45956078172565
5.53788499521706
4.91252070576834
8.84583301905956
7.41212070474081
4.3638349317303
2.29071288149746
4.80595184198215
4.6313985701873
3.30331213836779
3.94324372059462
4.52547847558775
5.72730225412207
7.71615049644612
2.89252265606792
5.8129587653093
4.83103985158248
8.17942804708505
4.4847249442961
3.98910346696624
8.27549310302972
4.35808473076557
4.70538618970191
4.38458363678146
4.67888728368602
4.7713246443692
8.74812113414041
8.2261688547723
6.20697327010322
7.11930439157637
8.13892525958789
9.08545062002013
8.82436702586377
4.29743262043465
4.57438230550547
7.54822023177539
4.83282935465497
4.80832364117133
8.04654418600493
4.76453308510222
4.76161393106323
5.24165125854507
6.15886316038011
4.74468050461541
4.26252494796235
4.63441875618719
4.64684971336116
7.28840433094854
7.63194431256979
4.37152159255156
7.90775402918611
4.5511389261002
3.51999090427831
4.5009156996518
4.22059398094214
6.60626959490644
6.39701908522717
2.32477243513947
4.61549247778664
4.77824079558566
3.87591883073259
4.87247062343803
1.53249020063825
7.86518268194568
3.15537198860392
6.9355683500044
8.11399665284777
4.67775078063884
3.39598480768726
4.26040380175056
3.5296939444941
7.32151626985903
7.91618595623
5.78079882568472
7.00230198163257
7.05803362535547
8.16326205562432
4.58477495217766
3.60593849573375
5.63240907558252
7.13870237170894
5.59806490152593
4.6113993346403
4.53768445010269
3.87334739136558
4.36342262844913
4.46321156874572
4.72940467257824
7.23239279587722
3.91270007661914
3.79684387673702
5.30683694891515
4.44827345433743
3.56713026182397
4.74510847144715
4.85572318106816
3.82676195704875
8.44825601199388
7.52904938137974
4.12381340679309
2.9026319003795
3.90655399178768
4.00652384428062
1.87851256216361
4.16130714516985
3.94918653895778
4.24037511533358
8.11093861435563
4.29619835154688
5.01376345088413
5.51157065121011
7.78681500799777
4.08573150042894
3.09527799319483
7.51850635614757
3.81216500586066
5.58173294960283
4.73965573461953
4.68165533533778
4.68169548049961
7.41967245199598
6.36508221411073
7.67013748442266
5.2582177509148
8.26587803997267
8.37389439509622
7.90392961933681
4.0592897799476
4.54496629848749
7.32097288733632
4.75724884088388
4.78887805738733
6.24319702685085
4.97853984761674
4.52159240612602
4.46707587718556
4.70356669367716
3.87388736717517
4.17797260875368
4.39904244959788
5.309231374319
7.00558966114662
7.02838111264073
4.02792777005742
7.33249451088143
4.81848644099826
3.70056507174355
3.79911226579492
3.95056634450614
6.94915168882862
5.59096669193873
1.46114858145715
3.84243100595349
4.44793878956739
4.14252155596679
5.57758993300952
1.59521319616905
8.1767238899483
3.70531023413951
7.02485705021452
8.18553394947741
4.21883706899911
2.22829567971565
3.72600133989448
2.3620048165225
7.29112991299515
7.46430292938961
7.16158484656771
7.54290691962071
8.14485965530152
7.68520592197202
4.55622679732612
3.68271040359124
5.12248098955995
6.67816535580797
5.64408021349025
4.23500505801627
4.02775636408011
4.64582148716924
5.25719260286144
3.84367455960679
4.8489142290494
8.04492426074429
4.97731249212197
4.57156415914385
4.16235519618326
5.49976794416907
4.91214664237257
4.36871419482312
5.70917986928812
4.72562794505259
8.83155765139865
7.58341557881188
4.30971464539111
2.92630111788858
4.5546172201319
5.20075598272592
2.84917047925472
4.51158305858844
4.69077061383709
5.06708756829398
6.54473788667868
3.7617958896908
6.12529670475897
5.14337779103215
6.97742085506081
4.73582533339879
3.48919833226893
7.61527841720162
4.41822800807515
4.23405757907754
3.91537694250108
4.73484737123727
4.35531502718586
8.45835701626316
7.76085534374908
7.05395880900277
6.65399088055314
7.8053410240717
9.03435616065152
8.79168981292153
4.63815558178644
4.8134686107361
7.73099572082203
4.36150074403059
4.33699503054695
7.75465815178369
5.08478653497352
4.70749364472405
4.82851299852324
6.10776870101149
3.88668850250447
4.6746482849547
3.86857622447547
4.96091912411454
6.42535805247137
7.21267209919238
3.61529862154679
7.83852510440332
4.19783819201156
3.31529614945907
3.49826576361501
4.31968357117903
7.22758669328294
5.86940169639305
2.19607315463789
3.8102776318205
4.31623365363545
4.4116387826397
5.27674343082959
1.02793051023294
7.59067929573625
3.02881269121762
7.40276795705941
8.28848020371538
4.6205060187056
2.83360052995394
4.18493264098732
2.96730966676079
6.7694628600189
7.37034216856586
6.34264430922808
8.06852779878372
7.74282002750588
7.59124516114826
4.58178401278052
3.21841515090377
4.62975913954573
6.58420459498421
5.3501194526665
4.14104429719251
3.53503451406588
3.71752208715085
4.81555452582887
4.12210956406111
4.38461897636191
7.93979164801036
4.84843403927993
4.17158580476256
4.46715552454998
5.15145569396461
4.49893516266675
4.27475343399936
5.48842606861179
4.08920389286848
9.15413133081722
8.16760101367388
3.95934112177231
2.67095641439749
4.02507890930396
4.88499545555509
2.31963216842678
4.16327080838398
4.13443926315658
4.44643931930727
7.28099699924842
4.22072719078364
5.7147288296627
5.45023939281323
7.25919761916365
4.23378570560313
2.93080570817406
7.3132985559018
4.88647708694941
4.53885790744426
4.19381194695539
5.23152304743829
4.43375003164018
8.12568732677501
6.85631398659229
7.58088189247844
5.75411807786148
7.71138026324793
8.99147917280943
8.69772905209778
4.22552643327582
4.46515636053165
7.5992905848901
3.94887159551996
4.24303426972319
7.04698541596669
4.65638158326547
4.35712012110525
4.2977789311856
5.74622332548253
5.73379703782282
4.43550194038341
5.00782444346934
4.76301522349094
7.52633642202618
8.14211554471763
4.67853261599342
7.74024009515905
5.59664973646238
4.6785301439057
3.71789524953332
4.12177967055543
6.74082734206155
6.62552321680594
1.01450273726146
5.23297257767557
5.16810494857557
4.1480118128907
4.56822898733274
3.13803432528929
8.4723555715326
3.91551848812921
7.01504998201587
8.6280912813072
4.42167411886579
2.25101793444554
3.60235004547892
2.01535897232682
7.52558438043179
8.57132053812067
7.03038094122978
7.46954478455405
7.17342611161273
8.79222353070306
5.21539828428469
4.11733224704422
5.2236250350668
7.30470094081717
6.4560910957268
4.86154064302548
4.4360128836207
4.70550749386278
4.67784226086702
5.18534355850774
4.59787903627922
7.86964273154618
4.02305586804397
3.99400996416427
5.53038951899661
4.77806304312466
4.35485347170388
4.62588168090676
4.15781933056472
4.41375961657787
8.86756851422713
7.37496996564465
3.41148154681167
2.2149463420871
4.17432811816476
4.68616355571528
2.66148561437914
4.15924625646961
4.83030915955257
5.33314511621885
8.41565446962211
2.7994083974241
5.72184882715054
5.45735939030107
7.84899824039543
4.51027380201654
3.96431442798859
8.38048637653521
4.15405785019823
5.63983627699908
5.29479031651019
4.49910381068709
5.53972167470049
8.67443379690801
7.71548270674964
7.27493751860489
6.61122552460448
8.305246158769
8.60645518873567
8.24582246367437
3.65120578321967
4.78564305840093
7.59002988117285
5.14984996507477
5.444012639278
7.54413510122877
4.87686828113476
4.64799674399575
5.26313484197622
5.36119934140878
4.74201655529122
4.9328686715452
4.16558418504369
5.35993108555769
6.54473788667869
7.5146519604922
4.01230658211501
7.91876535873291
4.96918615223696
4.16993317066911
2.46161497875332
4.71869553262218
7.31948618069234
5.58762493229022
2.37565131871864
4.24119209514397
4.94181813827661
4.87290636897466
5.06559571849453
2.06458129509463
8.00807289559948
3.33291446886144
7.21097402133964
8.60882264014079
4.61759815818959
2.77343031805157
4.12476242908496
2.53777135593285
6.48768609591608
7.61547968026933
7.04468209764181
7.93286883666502
7.77034197367947
7.83545467363553
5.08285724763802
3.61123992171365
4.55739900118837
6.88121255555243
5.99393033613766
4.43805225776073
3.93204247463411
4.61642849690435
5.21456648727202
4.51911752462932
3.6880310175837
8.24379688295901
4.56070537784945
4.19704647752179
4.8641634851182
5.18109955648219
4.89376393435155
4.20239329564201
4.80791025735115
4.6962349547877
9.24603081822662
8.05645330133883
3.42667143228417
2.75259585189258
4.08524912120633
4.88208759503905
2.37980238032915
4.56228276982714
4.74147032507579
4.7484191806071
7.47495776007218
3.32182078103013
5.8066283170721
5.54213888022264
6.88379028106183
4.59304929106319
3.53989804350763
7.79576044092347
4.67532937461435
4.6896301505593
4.34458419007043
5.02037533510322
5.07756091511135
8.68873495332004
7.38585229742023
7.27086155792868
6.28365638868942
7.63902012489059
8.921123035327
8.70914651578533
4.15517029579339
4.96416832197479
7.98414142179251
4.199643838635
4.49380651283823
7.56274441022747
5.05539354470862
4.66318662946824
4.7988521660431
5.67586718800009
5.17152483013119
3.81617537210311
4.25453617833664
4.45589206307027
7.09063673753256
8.07578395914957
4.00009528288614
7.74770545209358
5.06095005196875
4.18556810802574
4.22580007356801
3.81465651013476
6.78786245687494
6.55919163123789
1.31034259766948
5.16664099210751
4.70303431584973
3.63299339719707
4.41827051797802
2.5206620931326
8.0845951478
3.84918690256115
7.00798474870908
8.43832716342994
4.22572281035529
2.47343031805157
3.82476242908496
2.60713945485841
7.45925279486374
8.03562085362704
6.41604764645497
7.12888774129149
7.2377929664616
8.25652384620945
4.67969859979106
3.74388818744244
5.03278219971508
7.11173890493723
5.98465103699993
4.66857860714553
4.06256882401889
4.28280077221202
3.67150977305478
4.42445611554023
4.90916401368437
7.08658279575188
4.23108565490698
4.03592684264385
4.76950207602911
4.85853438045957
3.34626640585054
4.80228774395238
4.56270425736289
4.08305320558974
8.29435974793095
7.24187920242499
3.96132098307214
2.05360803002453
4.59035759436514
4.49021224720475
2.88491085348797
3.87034949487895
4.43235385016711
5.2668135306508
8.24932288405407
3.86055697888127
5.66888394196392
5.40439450511446
8.25084083662517
4.16342956812071
3.52861474349497
8.13367276724533
3.90909265434899
5.20413659250544
4.85909063201658
4.25413861483786
5.06828161597361
8.1990906640019
7.3838482965453
7.48296730546791
6.27959111440014
8.1144033234173
8.13827032055094
8.00085726782514
3.86736022224838
4.3743367082219
7.224959248447
4.61415028058114
4.90831295478438
7.12038875319359
4.4983130325584
4.35909998240507
4.7937560566637
4.89301447322403
4.42365289139113
4.83691459623347
4.35331530750539
5.22318543539331
6.90075193738504
7.85684662243315
4.38050658088039
7.97321741305907
4.84201271525234
2.73337725111013
3.89817089831232
4.56243190617965
7.47255188913218
6.32656918247669
2.20420849319054
4.39219653016945
5.08144161296905
4.65660397848892
5.43900974210836
1.79313846956654
8.35588725506985
3.79402065055122
7.41090329561205
8.341445088902
4.62864135725826
2.84173586850659
4.19306797953996
2.97544500531343
7.22663034610255
7.84573605347952
6.58760950507731
8.2307941100625
8.00508633878466
8.06663904606192
5.20924759700594
3.98362311023737
5.39496709887933
7.34941255431781
5.99928724941276
4.90625225652612
4.30024247339948
3.6769813611668
4.88188611139692
4.71803426263283
4.86001286127558
8.14503577038445
4.94844472566687
4.33385211604133
5.08580933569087
5.31372200524338
4.56526674823482
5.03996139333296
5.65069237989056
4.33416908871772
9.35725353684732
8.32986732495266
4.56728672971958
2.77096710078443
3.98453818331992
4.89313079410773
2.48189847970556
4.32553711966276
4.09889181067803
5.21164727864087
7.75639088416207
4.22886252933628
5.67699514094147
5.412505704092
7.71636510524729
4.47238147545135
3.55826929239948
8.0785065152354
5.04874339822819
5.01425179235792
4.66920583186905
5.39378935871706
5.08291782838645
8.36634437003757
7.09697102985485
7.18097675778115
5.9927138477097
8.39829243510238
9.28441545325947
9.02317627166885
4.47049162912505
4.61893132946542
7.86783903130678
4.42426548043362
4.71842815463685
7.28764245922926
4.81015655219924
4.96506572905251
5.06298689051919
6.03915960593256
5.0744289390964
5.26528105535039
4.50584709844966
4.9838736223554
6.70915291450784
7.97758604876881
3.86787284273013
7.95007572319212
4.82475241285208
4.5023455544743
3.27124599108485
4.81948419260996
7.84702049064535
6.11811815338416
2.92432715300162
3.90840720600249
5.27423052208178
5.20531875277985
4.74066135895384
2.48679087872858
8.22602498804119
3.01241981324999
7.59370940926464
8.54280156629484
4.71838681817736
3.09048242851716
4.22555108907275
2.4212499172692
6.9535822771809
7.98185538162618
7.20909712547096
7.99260118644148
7.55472051699192
8.22681074722939
5.50620836783269
3.95594253904886
4.2324646416477
7.02184683380835
6.18565773251494
4.629779654138
4.27230538804007
4.72506768649291
5.55482940067798
4.94246864482399
4.50210173384447
8.49696982048094
3.99342269191335
3.87655182191035
5.19657586892338
4.61381687054608
5.23846655168677
3.96054714289003
5.13284461689184
4.80487414437626
9.3057631680031
8.08776366579804
3.75160579182484
2.06812546781327
4.88702960393707
4.7483784582322
3.27138006288866
4.18622530662486
4.36541286187352
4.18113649467099
7.50626812453138
4.12360126376089
5.23934563113599
5.20935399108117
7.72046208056046
4.70612818458099
3.16384058030535
8.17849582884845
4.43766641162072
4.79041881054709
4.53187077216391
4.68759044596175
5.26928831148863
8.9874574649652
7.83316219580622
7.30217192238788
6.72835900602463
8.11127812696391
8.86816295777876
9.23249763598001
3.34553928346185
4.8197345825899
8.12477570004844
4.05521009925012
4.91271681874912
7.864709378949
5.16403273429719
4.28712916626596
4.91193105956091
5.10858450206399
5.56948013951664
4.94205582119598
4.84150354428824
5.23238332241652
7.36001552284507
8.21760429493397
4.51221171681232
7.71051603406585
5.67213848667873
4.2866547960714
3.45339546128493
4.591147769481
7.20925029856959
6.45920231762483
1.87574618402132
5.06865567936939
5.26216653265254
4.7881268790531
5.0747828681453
2.91861740251807
8.44572240540496
3.99100723834555
7.01098470772659
8.47741474957024
4.41760884457652
2.27352518335426
3.62485729438765
2.03786622123555
7.3571415649067
8.40380572181178
7.33656813186304
8.05027558298612
7.6427942105383
8.62378071517797
5.31745955769905
3.94888943151912
5.05730413588569
7.13838004163607
6.43157984594315
4.69521974384437
4.2696919844396
4.8677631187546
5.25638682305642
5.01902265932664
4.30745412855916
8.37130537594443
4.02305586804397
3.76857343098015
5.3640686198155
4.61276021848838
4.93558427013595
4.45956078172565
4.74984850860461
4.88312771550345
9.37353931121205
7.99839155259229
3.57579844511785
2.2149463420871
4.33658374305659
4.68209828142599
2.83394403944221
3.99394343183332
4.57617818682645
5.4086338664352
8.30242134429759
2.82191564633283
5.49429037762242
5.22980094077295
7.71125386528726
4.47957536159963
4.03980317820493
8.45597512675156
4.73260241238763
5.47351537781796
5.12846941732908
5.0776483728765
5.51521042491683
8.98062098754128
7.84904389209947
6.7932441179547
6.7447867099543
8.13892525958789
9.08545062002013
8.82436702586377
3.97876423274778
4.72508201674416
7.91758833070096
4.98352906589366
5.27769174009689
7.85250852810471
4.73514009483732
4.81231364230193
5.23650167584858
5.84019477269322
5.10414727889239
4.18472969726837
4.44449558372002
4.46600726292272
7.06300756227686
8.08389515812711
4.1152037562441
7.75581665107112
5.0690612509463
3.98357756033898
4.05355421165204
3.82477170998723
6.81318748041891
6.53156245598219
1.112417324272
5.11542856628438
4.69883767290323
3.89723956977566
4.78682484314326
2.4532845418938
8.02832880554173
3.8572981015387
6.74060719747028
8.53413052048344
3.95834525911648
1.97956442253052
3.33089653356389
2.11327355933736
7.43162361960804
8.00799167837135
6.74882568265043
7.53087828897825
7.24790816631408
8.22889467095375
4.6878097987686
3.55606466070925
5.12966427424304
6.84137208106786
5.93050661108565
4.39821178327616
3.87268402387136
3.96781726168238
4.36549951377897
4.62201469875842
4.9753476477954
7.71456233584447
4.3128458028888
4.04403804162138
4.96706065924729
4.8484191806071
4.04888015061686
4.531920920083
4.84578328530081
4.11675165600965
8.92890201865132
7.52495823036291
3.92762253265223
2.13536817800637
4.2753740838355
4.22283469596594
2.75321640394299
3.86023429502648
4.44046504914466
5.27492472962834
8.27277748178002
3.3666910833602
5.61473951604964
5.35025007920017
8.25097810169525
4.04900621568157
3.53672594247251
8.14178396622287
4.31108320203575
5.17650741724975
4.83146145676088
4.65612916252463
5.01413719005934
8.52756054761069
7.38780693037044
7.08097675778114
6.28354974822529
8.21128539794525
8.76624986064353
8.4028478155119
3.2202913198962
4.38244790719945
6.83470182838611
4.58652110532545
4.88068377952868
7.44885863680238
4.50642423153595
4.32540153198516
4.73542844099107
5.52961801735876
5.25957518364464
4.63215086532397
4.42732235133484
4.78798056974987
6.98213990605514
8.17599211369965
3.96780896414568
7.62029146253118
5.12773573401208
3.82210751702979
4.20307993697902
4.38124281360901
6.9572717767491
6.20722379580435
2.16575704923357
5.21447771187791
4.79761925361094
4.39432549840684
5.24209654079965
2.13147543472952
7.93461335700317
3.66038021366561
6.57852416218426
8.23199895837752
4.15132512954582
2.66353604856651
3.52795504262983
2.79724518537336
7.13172098043622
7.6836530181935
6.9586925150731
7.70638332510323
7.31216718585835
7.92860720124385
4.59611293695299
3.14889430791361
5.22461780854002
6.60117616016697
5.81023322519709
4.07387312309832
3.96763755816836
4.73101151711965
4.95433239678519
4.29767603858058
4.45063601708858
7.80722110658472
3.35980534200403
3.43582448995622
5.00481799648404
3.94950969244845
4.13558914653044
4.20758225990517
5.1441819537891
4.66743217868717
9.02964705332915
7.85677937135796
4.02179360439359
2.3704594105047
4.8107726618661
3.64947965646049
2.98553826950483
3.6072670754012
4.24477813827397
4.74538334039527
8.16080916306328
3.56374959242615
4.83103985158248
5.2554198760845
7.92744952526457
3.77958023799411
3.66070325017458
8.02351458120925
4.48062389056714
5.26361042194596
4.50712279658304
5.23711151593007
4.89386380417078
8.52231571913185
7.5210241484703
6.60333310909182
6.41415968527436
7.94351980253242
8.83347209819965
8.57238850404329
3.89008846846166
4.23840566031202
7.41423218483603
4.43912631322701
4.55634511935084
7.34139947970292
4.59081206480059
4.41957260372653
4.53650655224307
5.17694424665328
6.06620942162801
4.7679143241886
5.36188720674801
4.38695776028867
7.69075144985534
8.60504963299424
4.53409887660855
7.77155045961825
5.4522159970775
5.01094252771087
4.52752626186486
4.22256833054323
7.26417846225623
7.1509962533446
1.56317857154445
4.90018768853411
5.50051733238075
4.48042419669587
4.24329462779205
3.54972446435416
8.69030766397431
3.59502383251776
7.39778536994086
8.56089343353479
4.52246277885359
2.56807004491112
3.70313870546671
1.89883753366316
7.99148056169663
8.93862423869372
7.19479596905893
7.52927713433052
6.95780465492519
9.18357960429694
5.63874940447936
4.46203486437943
4.8986906755261
7.44533521907311
6.64994040844806
5.05538995574675
4.77627579702666
4.81414668345134
5.01810517427297
5.6108165950464
5.41194975254001
8.10439470908562
3.45577318210786
3.67351530855284
5.86280190280179
4.21078035718857
4.69955608903908
4.38615744449877
4.4827536901054
4.52239880616643
8.92730086400361
7.40628033010385
3.73641590635236
1.5304759580078
4.9761086008955
4.55245441890842
3.5425438523696
3.78318879326734
4.45425169635029
4.76586243028275
8.44696483408133
3.60118888015485
5.15456614121442
5.1245745011596
8.68354812355007
4.62335269553435
3.58825696478631
8.76109984811622
3.91002546120357
5.74062493698686
5.48863962923146
4.16631892154564
5.73357098742175
8.9688481559665
8.16279260513563
7.3062478830641
7.0559281419397
8.77750416084234
8.54202666103359
8.76698734762637
2.84157477088812
4.64120931901603
7.73066415942878
5.00541622568989
5.86948567581666
7.84610006995031
4.98550747072333
4.27193928079348
5.37621373549403
4.79391665547266
4.12082704152978
4.19634437126395
4.15210277524326
5.22861259914549
6.84431343760457
7.21306516210351
3.40525057077623
7.28271271627151
5.00317049046105
4.07225615836346
3.97379262504541
3.86994756933263
6.84402166387147
5.50628264247594
1.44583263091993
4.0893706803081
4.36732001439388
3.89964715590146
5.59596169551978
1.84215287052366
8.07159386499115
3.88999428360229
6.87478599719971
8.13629012341107
4.06876601598427
2.17117007978098
3.6688757399598
2.30487921658784
7.20644586353235
7.35510763014318
7.34626889603049
7.60936457025346
8.06424088012802
7.57601062272557
4.47560802215261
3.43577072923663
4.56298469857106
6.43122568145335
5.54394346203859
3.98806538366165
3.7808166897255
4.73050553663203
4.77146535452912
3.31468340440805
4.71300118862793
7.78382346184894
4.96405781499911
4.49094538397035
3.6399267716123
5.41914916899556
4.42641939404024
4.12177452046851
5.66030273340107
4.91031199451538
8.57045685250331
7.53453844292482
4.1340891437231
2.91304644076572
4.63930126959468
5.05068492971111
2.92365172854626
4.43096428341493
4.87545466329988
5.25177161775675
7.08354566227971
3.70467028975612
6.07223637911359
5.09031746538677
7.60009805434201
4.48888565904417
3.67388238173172
7.7999624666644
4.4448800101854
4.1248622798311
3.80618164325463
4.76356064676186
4.2551782757342
8.64304106572594
7.8109263967639
6.94163213109612
6.70406193356796
7.24584473308279
8.835510986648
8.62852774061183
4.39321990830675
4.7328498355626
7.50964329790979
4.25230544478415
4.22779973130051
7.93934220124648
5.00416775980002
4.53186814305604
4.72338297356608
5.90892352700798
4.21542638307557
4.83279735116045
4.50025838399539
5.53773657800718
7.22107807398798
7.57813084825952
4.56659249692429
7.79156882718374
4.98314412183395
2.02804142962407
4.29281474242977
4.55831466110665
7.0294961969042
5.88988291624974
2.67680156491635
4.21465954906419
4.376105791483
4.47906699738367
5.83365358622582
0.765207959333559
8.39474192091608
3.727668876188
6.97215575597075
7.90057563291671
4.62452411218525
3.32453174040364
4.18895073446696
3.45824087721049
7.26548501194878
6.9879371352536
6.79516457875516
7.80219410777315
7.93873456442142
7.15613688201238
4.35193404348682
3.91727133587415
5.66114571642683
6.47142013040426
5.13978745965096
4.05312189276533
4.56642109094699
4.07162520528426
5.14107636777064
4.29770768297403
4.79366108691236
7.28772221686534
4.99535084099695
4.2675003416781
4.90827235458562
5.36062812057347
4.49891497387158
4.18683102957219
5.96524352250442
4.55539319680293
8.9265922611436
8.16392261370412
4.76883516821926
3.55170911562807
3.27920236183386
4.9400369094378
1.45396796947257
4.64008826227663
4.41344295329189
5.25855339397095
7.59044617291354
4.22474528426328
5.72390125627154
5.29538575490481
6.84306951209751
4.40602970108813
3.75981773089917
7.21858568066551
4.61205713200124
4.9827214327911
4.23251956564211
5.38967211364405
4.63986213615848
7.45584220598803
7.0332265365424
7.01503204653261
5.92636207334647
7.52030001118882
8.41019186089349
8.1539765774143
4.61162303570667
4.90216919021934
6.9916992963966
4.71140350855367
3.86529779087607
7.22389796591681
5.17348711445676
5.16661416755219
4.99663511615597
6.08606572126264
4.2130465390425
5.23781372581779
4.59214718501784
5.51112922884712
6.98134315119303
7.12497849018447
4.49305381146016
7.55006560026616
4.85234308498349
3.17724301390911
3.99082419474299
4.55122528822474
6.98881501406654
5.63063001717664
3.23594891229983
2.9492931403415
4.17818051808551
4.97072558486619
5.10410458901094
0.567282685936071
7.86519292370119
2.39517823091828
7.19967937953682
7.4713360533417
4.85204773575133
3.55205536396971
4.41647435803303
2.88282285272174
7.00623211287568
7.02159161273853
6.89862940794973
7.54596703567062
7.34370483135489
7.24802568303483
4.29593633495586
3.71934606247666
4.45712029772707
5.94187113318937
4.72846486126609
3.52357289555045
4.49696104411946
4.34782489338701
5.64202746813869
4.25270598377027
4.41618178900924
7.32232024636831
4.32805746867389
3.53795134446322
4.87520298334223
4.63107912335858
4.99986607423964
2.85434038430248
5.90089179823619
4.61542806046805
8.6315705677041
7.86794716561849
4.37180685139671
3.68735739135983
3.41765767482844
5.16756053300387
1.38961624520434
4.71348091311657
4.68464936788915
3.92606274870124
6.98134315119303
4.31452453272117
5.19435225905666
4.7747608231675
6.44107896441075
4.40309289335863
3.48101581290664
6.68903668345062
3.88250813478635
4.74298650999616
3.99278464284716
4.66012311642916
4.22853953777361
7.45084412484418
6.99048408029038
7.28122804442306
5.8856808905088
7.03130242634493
7.75528364385115
8.03784472088241
3.97279488995357
5.34699018908162
6.99080485869944
4.80329230957613
3.95718659189853
7.21889988477296
5.28668438950165
4.90733022583783
4.46708611894108
5.22584675487649
4.76219712649245
4.7907936178546
4.65193537806423
4.9277767833525
7.54581577637566
7.97899172363388
4.05254620580597
8.51601356924333
4.45678998879158
3.74966788118899
4.52520327417051
4.76338735360707
7.43679267891632
7.02135497860379
2.63965378992577
4.73074076527077
5.18839979621819
4.50327286575595
5.40073929333028
2.17455906612461
8.49414299953595
3.9110828310877
7.78246941940364
8.75156567154892
4.90714682831638
3.41492554034999
4.54999420090557
3.54863467715684
7.85977801354147
8.52023417736224
6.4796783613557
8.23862354796684
8.19098085123304
8.70702020699986
5.36637319694062
4.18753674049671
5.56992977542576
7.58088156931528
6.21740752139706
5.19299757940325
4.49971639972958
3.137536854278
4.91503913854591
5.03491534786344
5.38129901548298
8.1244863838601
5.13312877512966
4.77945495887988
5.29473384784972
5.53095777773978
4.60079820589868
5.3267067162101
5.10321402853798
4.21319975536917
9.30470910372216
8.28975680126157
4.15244428031635
2.40488990297477
3.43724314683034
4.9371384683712
1.82159360578192
4.30042456576373
4.08830395955167
5.08410766509537
8.36835005978276
4.58578875070189
5.92393481529608
5.89394317524125
8.39365794060809
4.66526847177754
3.14342684299626
8.27421719863135
5.09275107249166
5.59568926350717
5.34576522916613
5.34267510683271
5.30103810037075
8.25803870084994
6.56888166053275
8.11443100417859
5.4670373818921
8.68354598779535
9.24962829651096
8.93765177696928
3.54843904536771
4.67559237673637
7.55410476213171
4.5288568283928
5.39498755193393
7.13529061483374
5.35151425226104
4.55022327964929
5.18004907105568
5.69317368622408
5.17560079080741
3.88065854423051
4.57998339790772
4.70085725891949
7.09471269820878
8.14211554471763
4.42754650333213
7.91127199315401
5.12728163753681
4.08964406870197
4.00025631130178
4.05962170598399
7.06626387524568
6.52052994330045
1.05317511158584
5.14414442958573
5.02417338283413
3.8779585930463
4.4827536901054
2.52473805380883
8.32525219106257
3.91551848812921
7.03456795829403
8.76377438300102
4.25230601994023
2.21626283196793
3.56759494300131
2.34997196877478
7.4205911069263
8.03969681430327
6.33557630912007
7.0491015248754
7.47845000972416
8.26059980688567
4.99098469482141
4.02429360668809
5.44200702133108
7.34543458855592
6.22961623284917
4.90227429076422
4.34728239585123
4.16865033405823
4.20847416194144
4.80510441308328
5.04772915892663
7.55476766393661
4.39335196618575
4.27452261249206
5.15015037357215
5.1034995763088
3.88548537277831
5.03598342757107
4.71266272671762
4.1493847911578
8.76254461611569
7.36044526287198
4.20628617892137
2.21587434130331
4.47620715621135
4.51679545678971
2.76055761516293
4.11531469072818
4.49868543573517
5.33314511621885
8.25339884473028
3.60338949279763
5.91384913781316
5.64935970096369
8.21217914868773
4.27865007819914
3.59494632906302
8.20000435281338
3.95474297111706
5.20821255318168
4.86316659269279
4.29978893160592
5.31324681182285
8.11649741032301
7.36470458488601
7.5850392652692
6.26044740274085
8.49225319592612
8.609224508806
8.0465075845932
3.89394343183333
4.61930190407114
7.38291740713911
4.61822624125737
4.9123889154606
7.03779549951469
4.74327822840764
4.6040651782543
5.03235182651191
5.36622323952021
4.1634562271687
4.99836859022207
4.04952713889804
5.25175475272232
6.42910715200651
7.32509562304248
4.28259616615573
7.49809403598999
4.67962981478723
3.66489994637898
4.05858544498221
4.42782031521635
6.96031886601966
5.8397726925483
3.45620225606557
3.09524825783212
4.98353119824439
4.51373905430198
4.46589836422474
2.57775125979974
8.0895340248201
2.56154486395435
7.21098888001247
7.11734272918107
4.42872694165867
3.80706041702651
5.15839252805989
3.13782790577854
6.73983385617416
7.72042588860837
6.23787226933828
7.56151159553735
7.31227172670912
7.98313853058823
5.3745180905736
4.04889360380501
4.23416356291975
6.90036043949759
5.50528062513026
4.45720014170589
4.36551296696714
3.94226421851387
4.69034512267329
4.66923092252285
4.34388952912553
7.61245443209794
5.04635514039153
3.35839186876041
5.03063656957988
4.38116203973077
4.39612830237915
3.78796763045793
5.3762144974751
3.85968044071338
8.45742601597922
7.82376571871981
4.13775259117752
3.67181916356391
4.11207666555882
4.69321637850814
2.91091872306752
4.19591880220496
4.52947749266138
3.979171492044
6.91537799985798
5.05644270274804
4.58226372945276
4.3177742926033
7.08775896592145
4.05411024842057
4.15920553409471
7.64897237669334
4.07063874683908
4.59912755306684
4.25408159257796
4.41568470732795
4.58891120410394
8.02091528688521
6.58904615932902
6.82061067952731
5.53669824557073
7.91149594517399
8.13990045846586
8.52027529925444
3.17354335678773
4.8658912452873
7.367645216391
4.34076496495993
4.63492763916316
6.94221337607688
4.72549274420373
4.67327596561863
4.79663366026945
4.70781980934957
3.59205629615958
4.42696865921295
3.8768882970794
5.33064693321747
6.51377432649073
6.89341977132059
3.9391437713717
7.46328812167219
4.29843304489503
2.41066030756467
4.35531470208913
4.18804410802463
6.32571801278217
5.20517183931082
3.36151264185528
3.52994847212527
3.71091269082223
3.94233912329286
5.42782489427832
0.992740863801899
7.89272972854761
3.06247577552723
6.53658237825245
7.05699180027214
4.18895073446696
4.04399452663362
4.91861632086817
4.17770366344046
6.58077393500986
6.33715393384381
6.3225394438225
7.26662073005485
7.72952300328773
6.50535368060258
3.9541050408767
3.41525914350568
5.06762486640337
5.78670905346533
4.42083460382969
3.36841081582641
4.19287412514848
4.10124910051262
4.51770628085464
3.68162165692795
4.2001402368889
6.57351310119099
5.66054394165771
3.90222306210159
4.31475150456215
4.99535084099695
3.74009129921183
3.50211995263327
5.59285105307843
4.01866532271212
8.16253515049672
7.79153014427813
4.35438914678085
4.21690221628884
3.30882625706221
4.50446353171951
1.81112059688338
4.27481098270012
4.60836967315653
4.59336029331018
6.8831424254163
4.95441087066449
5.19645253071895
4.8809397334664
6.15835843515859
3.70225151696609
4.23809771458986
6.55339258000474
4.20123516654824
4.35935134587511
3.58173636423231
4.97885014819105
3.91656597575828
6.87475416071695
6.32738707900602
6.78837510508563
5.22258388922444
6.8355889342499
7.64407347683225
7.44813711987791
4.0553771853377
4.61315970196506
6.25861583943244
4.08803342163769
3.26436258443881
6.64280992064573
4.88447762620248
4.75216814611378
4.4946229237875
5.32200861061575
