6.89322441604234
6.10480293531128
8.07122773531968
6.76067679544093
7.84809938094772
7.06729131972909
5.29855154399058
6.69448344725048
5.65380187233886
5.85432679159324
5.50894617591493
6.32187604900029
7.7721687939695
8.42542022455994
8.19452181479099
6.02522099065433
8.79541846638132
6.25447045089511
7.1277004754461
6.87654218807828
6.77039314568751
7.2465188348054
6.82293641902424
8.22340489881381
8.04577208660041
7.75822175487561
7.82724521117279
8.94466697192621
7.9840670751466
7.64021784746795
7.7660837853503
8.17639223934071
8.33960358365847
7.31667690621867
5.1564753162353
6.85352086171559
7.54245158185945
6.30978298169016
5.43355587540673
7.43862321690298
8.02379325046934
7.1083809062431
7.25664249893047
6.78124838103618
7.26863570991492
7.53411095579374
7.63405789704372
5.77056562929427
8.17519853572036
7.18705591310037
7.5947616791959
5.18092675769824
6.88005733581534
7.41880892577632
6.48508739331803
6.35518694192604
8.60040867763232
6.24531196651303
7.832932881372
6.68297682276109
7.45681314567346
6.88199879284048
7.00762724029744
6.43103581257182
6.13761876129227
6.28385580773293
5.95910842273673
7.3658726802153
6.80214016608649
6.50545672540426
8.35750571935746
9.16469350785532
4.71712693767041
6.88234164822212
7.18974122700037
7.10137256264815
6.5621235664363
9.87296419376861
8.11163247767931
6.81966945982525
6.10480829228617
6.66415671726639
6.39232196662974
7.39657164224883
6.83912286047583
7.25794769062979
5.23120430884768
7.63467852195829
7.04845063535205
7.87553165778196
6.53505229570317
7.28565317780486
7.80673118742428
8.77719857433488
9.85547728863465
10.1189664107443
8.54159714417391
7.54165951031426
6.24150755970466
5.07284018090959
7.50482691115207
6.08841015084566
6.04514715346329
7.61080033744608
7.22374784610297
8.0568538694999
6.11942538537726
7.82886944236022
6.86907871711465
6.36242124593892
9.35461973823458
6.12731894896012
7.86056635006305
5.98336706185592
5.77338472179397
7.29150319101531
6.14122538369308
7.67335447787494
8.37375099707036
8.11256612801756
8.31013859701419
7.3458537267846
7.79938019579014
7.24159521772262
6.48008079288363
6.35157890273874
9.46668370180652
9.27554357426865
8.60397009407225
7.6747069425689
6.01734422259902
5.19981707638763
6.3400313493788
8.12388488912245
6.41308032995957
5.71037150317112
5.86223778582146
6.56996415272545
6.37578939544389
5.33869300909546
5.38790068591931
5.73673809569532
5.42171402153951
6.20600945429241
8.54920681555778
8.83542864123193
6.88347882434367
6.84131720625837
7.33821417287939
8.60367562855599
7.24403774740986
6.93160047217843
7.97648424686558
7.14620121696268
7.62253070313844
8.12402828642199
5.5380855870269
6.65350745884092
6.68841197809395
7.6684330854922
7.103515271636
6.50265371650974
6.80968377457796
6.69604062681832
5.9382509124694
6.73106892953956
7.99412940264148
8.00774211615094
6.35487499658878
6.81627320128524
7.04053498020389
7.15647516120443
6.98613669013403
7.34705285099359
7.08841313624139
7.32162191745984
5.98774550070291
6.9784564958218
8.25714478478113
6.20267618656909
6.21149076377137
7.22237955343837
5.82175325359695
6.71893024481538
6.56474735692521
6.10814119187378
6.62555483529636
7.04387105457054
9.43430030508299
7.02244612498832
7.26229664909378
