0.672909653485291
3.77327472577705
3.04301514823673
5.90070506496532
4.91781490557175
5.59982024386925
6.25514478106246
4.38681156184693
4.7552963978216
5.24538052777211
0.668434806678931
1.84497088083008
4.12771444187418
0.313995090581791
4.56337518947462
1.52650094344188
3.71987275274149
3.39745486433385
4.07431246883862
1.17206122734475
3.04301514823673
3.7114499549157
5.10973611391873
4.0323718457498
4.95501576714537
5.63018305303335
5.95890005301758
7.24973641147816
3.54287836978691
5.01882752357122
2.15918266054337
3.19835483962294
3.5116445044596
3.49783779864249
2.50370619070733
4.54119516667176
4.64327590574287
5.61437652285362
4.88571869683572
5.36335105373519
3.73472489949491
6.0203599792306
6.90521288131419
5.67583644906663
4.07924842965888
7.55508205721421
7.21055852705025
3.15331426847852
3.85616803462356
