1.42572210838362
3.4605897397561
1.42572210838362
19.1206763195357
18.5333203994298
15.8976144318274
13.4796631442451
19.8894070867428
17.7970112640351
18.8315138340793
18.4132655221481
17.2459896216959
13.2819045035245
17.9223229661852
19.1307970441886
18.2741380784477
17.8047083564728
20.3056840852054
19.3160948601712
19.6799728181011
15.3695660457194
19.9264513479073
17.5238484264353
15.6350613865906
16.2063945016463
18.1058400964843
13.9378573976815
16.6620214300019
14.093607689086
16.054306556947
15.9713364726777
16.2130129111938
17.072322500157
19.3462070772599
13.4363706660293
18.2104448843731
15.3024480084581
15.2431061671831
18.8293328792163
16.7883994186749
18.3808597547946
18.6286698719876
17.3846353041148
16.6390592142519
18.6132043930293
18.3580858873976
17.7619224201891
17.0785857932795
14.8208893589155
18.0257146082019
16.9478457444757
17.6704723152555
18.0291334348058
14.5871009562501
16.9646618369889
14.8551640346774
19.6349615631816
12.9855111477017
14.1130967321162
14.0556388408666
20.1969461996343
13.617768562818
16.3375208989458
17.0218853535129
14.5062287036411
16.5413261952993
17.8930262089321
17.1296375023685
18.0410931565082
16.5143488494593
15.383571040589
15.7757373250944
14.0189594992671
17.3483576447347
14.6068079583017
17.5317116636858
15.8809640080514
18.0317193088329
17.67176771711
13.2836491872749
16.5902435374092
13.1077029911408
14.9658963478294
14.1980755124564
18.1203705857652
16.727520860478
18.190928381758
15.9588371772811
17.5968739095156
14.7950568549445
17.7456922875939
15.7411245108411
18.2354098842916
17.7538691637815
16.2776842578312
17.108025971649
17.4864895303335
19.3659839325294
15.9716715093855
15.4083294801025
15.9365199485203
17.8170614751591
15.8688019021587
16.5239497698114
16.9112811107835
15.927643855531
13.6392481581694
14.2257216376423
14.5098922181601
16.1679808010066
15.3713033906651
15.5944162986158
15.8216511492189
18.0995717086581
16.0797353962814
18.3047245448487
13.1371065351227
15.9843382930291
16.4141387906194
17.6420747022706
13.7425122685069
14.9070137137238
15.1184402647925
13.6636401875332
14.3493846453308
15.7672523237385
14.2491365057444
14.7447903746052
15.4404424244504
13.7354445829746
13.8729412398985
15.5332124746168
13.1843321098897
16.1899371472095
15.8008765887651
15.463407590076
15.859247852252
15.8831029126711
13.5977313094114
14.7959783898342
13.5785748852841
14.1175981107913
13.1417158320939
15.8777243172885
13.1094622897092
13.0455110527303
11.1841014109211
12.6402083828099
11.9450549741767
14.6172673209077
13.3043999236643
15.7567892604774
13.2824435750715
16.0576592119079
12.9508219464479
15.3972528028753
14.3653402048376
14.1587272196623
14.2842225653989
14.2066016816693
15.1026730005047
13.8478496977964
18.0865728198008
13.720058169281
14.0019927669691
13.5439017517084
13.6286555935836
14.1426954815536
11.6160370760911
15.3443019055458
15.7143122223019
11.4520365820763
14.616303535201
14.0906007447873
16.1693452856363
13.4417270669141
15.074911217532
15.5245442594571
16.5726369759169
14.7233605769372
17.503690997419
17.2696463547009
15.5367959153422
11.9464405391336
18.3634542062041
16.1427973633587
17.5843425137606
17.973417533161
16.3013770897073
11.4922284304694
16.8800877325345
17.0642722961686
16.721387156868
16.8154569317792
18.7348867521658
17.4536997355771
17.3788806975359
14.940447780621
18.3457194122177
16.4111296259799
15.0871898636657
15.1389321066516
16.840328289099
13.5507106501425
14.9717410520892
13.1598473160566
14.6776735120522
14.0969494423709
15.5276709189053
15.2162493076995
17.3908604791009
14.7310931879164
16.9618736802729
14.2579831462929
13.3022908969735
17.9589891828536
15.0272951375662
17.0022256011752
17.0194395855073
15.5691616843909
14.811729801285
17.6241604243747
16.760141343895
15.9774685548679
16.1280149716196
13.677829567919
16.7008508186065
15.8119837724698
15.8582850218243
16.2289025566973
13.5935752912065
16.0526425825995
12.9338925730706
18.8401987658352
11.8898031381975
14.4350127059018
14.9059841987643
19.0677071277213
13.0854428679538
16.167700595826
16.5151093713376
13.8053279334896
15.5807520309826
17.4512178806557
16.072593760064
16.5498078719561
16.6134856607508
15.0153833567902
14.8268332062173
16.719690679422
14.7179257804994
17.2304150526409
16.8220302334568
16.9588369812475
17.4841561267777
17.6348039103627
13.7795135690379
16.0340982054863
14.8123741062135
14.9448706973641
14.4265355866584
17.5357096535866
12.182297778055
13.2698041982469
11.3940487771239
12.8645015283266
13.5689336553103
14.9162542366665
15.3968495332617
17.6528873322895
10.7593386929825
16.3962248710703
13.0913041084198
16.4326564719626
15.7129661883156
14.631712294987
16.0640831902703
15.9864623065407
16.6678773875795
15.7329944832385
18.5032484809698
14.9893083775602
15.9325780256336
14.5307339618045
14.5206540373008
15.2278808670016
12.8620828763516
16.1056881109929
16.6153395131863
12.6037510716888
16.1475665431902
14.9103386040385
17.6918720111042
14.138387667927
14.5006305997837
14.9235938968588
17.9791493714827
15.414106107541
16.563758270857
16.7791313892521
14.021935760667
13.7012273485669
16.9089197988262
15.9366839269632
16.9073373217927
16.5897103261682
15.9883640979749
13.5424870272781
15.2195811970345
16.7516397943377
17.6826298838317
16.8502004869122
17.196568138821
18.2260889161158
15.0173414195074
14.1160348684687
16.9843758030038
14.7275450615799
15.0564690374718
13.4827179796011
17.0057593472466
13.152439552977
14.2601685168105
11.4591491203172
13.3701948848042
12.9321116650975
15.2867384782812
14.2402071260238
17.7758804135732
13.4117969638859
15.8606591308563
11.620354565138
16.0419626196677
15.1001600898928
15.3082775038991
14.4836823004113
14.5550727683777
15.7781715440547
14.4551727052538
18.4740355140244
16.5992907849545
14.7515565023413
14.0852384916861
14.7235254605826
15.0232636054369
13.2190323444501
14.352417458954
14.5616908833101
11.0263653724611
14.3995439173214
14.3626669409987
15.8198308097045
12.1061190617413
13.2449690186812
14.1186024784794
14.3318095853913
13.2152132435644
17.5774905157564
16.3292542258962
16.3246625209684
14.9240989350877
17.6348659186973
15.2622796703798
17.3076803744364
17.4453030877201
15.6957324639208
14.1487580871967
16.0174892912875
16.8919126160893
13.9092715965274
15.5617414237594
17.4277219876285
18.8475609926327
16.5473058852606
14.9369592407787
17.4287802341766
14.5579162685493
14.4399283066529
14.2386712391551
16.0938093244001
15.8133042437336
15.6788204657152
15.1664989765398
15.3424852025861
16.1038049694724
18.4967372329814
15.0158170466366
16.1529900070029
18.0223522914093
17.3049888860634
16.252291324832
16.0421775668195
18.7440442799258
15.4052301704446
17.3401794348736
15.64974237043
16.2772326289998
15.0322304176807
13.6627407180847
17.2424259941836
16.7420450624248
16.1134869913944
13.3964453025615
16.4190275393279
17.7743164627732
14.884683896691
15.3154529612199
14.4369105893361
16.2404711612834
15.5037747427851
17.6341945237798
14.9827052314134
19.6853611285548
19.9461366614
19.0209880919154
16.5018932662152
14.2495805536092
15.3917218951874
14.2485387242994
12.2720986970585
15.2205764466246
13.8875790496946
14.8272683354357
14.4128836882075
12.9925531790049
12.5013338425221
14.2949836780224
13.9233651492983
15.8329536016454
14.4451223371578
15.1781527993717
15.7709485056047
14.8532979864541
11.9680109823584
15.6566205228653
13.4229727861449
14.6533240167032
11.8807383264297
15.4933422605536
13.0293053378956
13.5042047233994
11.7648091321057
12.6761711490298
10.9149801507044
14.6171681700031
12.2151200526175
16.5186136972807
14.927929861478
15.2628502561968
13.150575233065
15.45457436716
14.9034477889725
14.7930381907156
13.1861316809019
12.2376914056846
14.7285265084909
13.5178241387969
16.7856939498734
15.1929460313402
12.6279378182258
13.6951658448446
13.2526320116752
14.4603779282357
12.5987113434163
13.3063701519244
13.5056433951787
10.4867256710682
13.0308109439664
13.4225043997359
14.9501865220961
11.6810316897643
13.9352973433728
14.2818167175196
13.7884766438164
12.5773878352407
17.0077187634452
17.4060610531954
13.6005229951106
16.1611471548817
17.5076161558284
16.9486105426775
17.9796630164963
17.7738619367545
16.4599549847291
15.0107952356632
16.7888547857757
16.3931560232113
18.5088089696075
17.5267562180525
18.2990979373499
18.9418438961965
16.9970252595606
14.5966138830569
17.4340992566968
14.9623987965822
16.3154499584976
15.253447116793
19.0508809577851
14.7674456602915
15.5490737987381
14.6008524878874
15.1334423444393
13.4601420243403
14.1928281484186
16.748272413696
19.0298819084102
13.411714506989
17.8329664779509
14.6174199872706
16.8518069978778
17.4265617293166
16.5822170975497
15.6030273910059
15.7972371316324
16.7690826984769
15.7594736909372
19.4458099878052
17.6439916352151
15.9462177709053
15.119666996724
15.2612299424039
15.4011362183126
14.7960939394456
16.7184911250014
17.0970768292927
14.4614448836264
16.5020590464629
13.0531113973979
18.7297604854735
11.3043802598751
14.3098915835381
14.6195323799145
18.4613527596055
10.3951901554926
17.0135493784086
15.9340001489974
13.5623762982138
15.9049907781828
16.5647256239968
16.9678108903583
15.9590301729321
17.1494660999421
15.9232504754175
15.0925146387225
13.5609415992415
16.1562238383572
15.8585410919169
16.3549780200787
16.1964756349834
18.5510111372881
16.5790761409655
12.0098391710413
15.4564402971839
13.4807300637196
15.2690046640221
13.5059996435371
18.6977335847767
15.928037198595
17.1985822739086
16.1422704445395
16.6339646736129
15.7087817887342
15.1242928183388
14.6809644383377
18.4088223516977
14.0814549824513
17.1558614531068
14.1037289831031
17.896826170239
18.8400685823821
16.8565652344007
16.8443532490581
16.7587961417994
17.9479555590517
15.7827830743703
16.7197465493204
17.1617115190861
16.0579646038175
13.0799097671796
15.1370373500416
14.1676375910689
16.5766867637188
16.5945170883774
16.9937157009624
14.0199423438927
17.9068346774564
15.999813163506
18.1493241387518
15.6151716657576
15.9707600325398
16.1501425537868
18.3789189149122
15.058796561617
17.7770446103849
15.8543377799112
15.8243642736641
12.8603632370298
17.17461306796
14.882264502649
17.3507423046999
17.7427441579373
17.0329931715792
10.9913399932396
16.3789472418343
16.5870236130018
17.579117903092
15.8803833066442
17.2183294605048
20.3031225125108
17.8383301649475
14.6626800984301
18.9594750195494
16.736080697449
12.9911124347445
15.0492327827526
17.2401403887465
11.2406645936494
14.6501865704758
13.4099693991202
14.3536008693723
15.0122743956419
16.4338071813048
15.5869826755068
17.7529432242324
15.1673572321018
17.0281318770596
13.6912287520995
14.3943341353951
15.9798845328743
15.7192258403473
16.3071413393758
15.7655688996591
13.8790046024157
13.0199084234219
18.2787631715126
17.021101662674
14.6628302152295
15.8622419405287
15.4963996507286
17.1361445215124
13.2333747432026
15.5867051857626
15.9828877920182
10.7162762498251
14.2045912342888
16.3600619547986
18.1110582006896
13.9021854174198
14.8535912955641
15.8618860327247
17.8399087436075
15.4230993940361
17.7957983008413
17.5821953860286
13.5828233501134
14.7035918042449
17.249048229272
16.8185510537477
17.9189168581445
17.8032515541172
16.9568359975506
13.9165852243346
15.8061701797515
17.1132074516999
18.3491299804533
17.4337720473481
18.5386022473085
18.9482609090642
17.1296572260762
14.3078048042389
17.1740121089818
15.484683417418
16.5195909929273
15.3362685800129
18.044834371496
12.7762315018162
15.2224023778767
13.0192282320394
14.392184120124
13.964151304639
14.5682583996408
15.5575927829977
18.1710005684588
13.8426739799668
17.1773027202216
13.7534168319825
15.9088687797826
15.1955654628179
16.2879782635789
15.7101164369553
15.3266568095977
16.2091990705425
15.0584570002725
18.9981944415103
17.3763565801943
15.6611790498559
14.7067404503914
14.7282032007915
15.9676837631211
14.1964005437019
15.7512862016012
15.8989224758655
13.0451217521782
16.1429937239477
13.9889616974846
17.7980295413804
10.7148883793061
14.2868183860098
15.286702741484
17.4519649710117
13.0260929519758
19.6245633221159
18.6262282409158
13.8178556207031
16.2460591099841
19.1793695111018
18.8020387746353
19.0541653101456
19.2371829957458
18.117411359733
15.0998503601409
18.5374444395883
18.5042907575996
19.6088918519591
19.1273070332873
20.0657646662933
21.2158052673204
18.6449663806199
15.5123060563121
19.3346812456115
16.8606469542723
16.3929981167546
16.1042947704613
19.3239672941364
13.0626204550772
15.9714175733709
14.936627399294
15.6927889123762
15.5365188298531
15.2759745191819
17.1302515017524
20.8477376128231
11.3630556315212
18.7575540776825
13.7363266043606
17.8053718213243
18.9549510557341
18.2620660862086
17.6226952949727
17.5075452149582
18.5083623020264
17.7785365568792
20.4417643067994
19.904753975509
17.7336123342573
17.328583265287
16.67796149618
17.7888213967404
16.6799906204091
17.8434597516854
18.3537093083604
12.9125398668139
18.1839628765245
16.7088493951157
19.1482017358415
13.8161832405811
9.65663985476347
9.86699217096796
18.4123813350295
12.5422609715097
14.8422518785726
14.202391526641
14.7441459274753
12.1530775287902
15.1375418523118
14.0674997979308
14.6079693686664
15.3141125268144
13.828940153292
11.2042648677795
15.5184641217861
13.9319414722566
14.0371651587869
13.8497690424744
14.9915361860654
15.905395915398
14.4557090098271
13.6411158152403
15.7212014478199
13.2262935772174
13.9625122549289
13.2229388213956
14.6272049730202
13.9454015187787
14.3727339640063
13.2466594834918
13.5425157062536
12.1345908367814
15.0568604321097
11.6765320424953
15.3556312405582
15.6185201404563
16.4127591258705
14.7134857705718
14.2355092611406
14.1775631635341
13.8228354419574
12.9340033966345
11.9899442847806
13.0216310717515
12.5128579480314
16.6924882245666
14.9570788718617
11.361819461761
13.8357524230365
11.8911424556915
13.7025570489393
13.7089661181583
13.0049815818735
13.1179666287077
10.6052232755934
12.27198586107
13.7590644769069
15.108532259797
11.3139770596777
15.7612342578397
16.2484949938521
15.3884206765856
12.4424521698708
14.2378119724627
13.7337748493687
14.3416367580416
14.6839121601582
12.9863376614105
11.8030746067261
13.4499272877341
13.8891192496263
13.3015670923959
13.7770195350835
12.9248375050853
14.5824157070427
14.7239600058249
14.4705943727318
13.9223747658636
15.5681745393744
13.6833708998882
12.7945379387708
13.6449098248999
11.9826947671526
13.7493107032029
12.2857218010094
12.4431679273809
14.9101902079998
17.1383977617614
15.1876312072677
16.4954607785762
13.6005050222473
17.1068372858688
11.4142757309136
12.4045503814279
17.9471871225543
16.0154830841337
15.5272597929177
13.5851502727576
14.4074452443468
14.4490043712107
12.7680200766004
12.579877439213
13.7789205375612
10.2854612032212
17.0821651603846
13.823253820014
12.6547573424088
12.8701116589372
12.3936146406532
14.3678839250785
14.0526737402381
12.6120598187077
13.2584954039543
13.6281974280896
14.0736659655556
16.1310473133004
13.3627863854893
12.6754477684159
17.8378266568512
18.8853628296053
13.7082897357906
15.7614698746754
16.1298184484683
15.4526085881459
13.3114527973717
14.1038019602609
16.5409185055497
14.0448257243597
15.9641705332803
15.1260699958081
14.2890774168892
13.748846804548
14.4305435054649
16.1141716582289
15.6066888352808
14.882134903548
17.178692873417
16.9341399443102
16.4469833454398
11.5327058720683
16.0006993487985
13.9793867183884
13.8409072663808
14.0194044357062
15.0830879712765
11.5967956295805
14.4508655208069
11.9390550856176
13.7142331428435
12.4667891064764
14.7575790782176
13.5667108952913
15.7621282685583
13.2630995355193
16.1305870945648
12.5523169594731
14.7086050925099
14.8064236113637
14.4878357345541
14.0871052538788
14.1186630049923
15.3031290345435
12.8630872182924
17.720345622634
15.3507177071469
15.5554011366495
14.772286376692
12.1381995207775
15.2686454928609
13.8088629769101
13.3851236636692
13.839219510307
10.8742058942417
14.1495365454877
15.2835562623964
16.2567405326521
12.1198323663706
15.2194980263473
15.1704986360917
17.1921071374819
13.6453107131319
15.5011079656551
13.4209321861149
13.721217648892
11.9979716901174
13.9121691904208
12.0058270150764
13.4100537542665
15.1403266430507
13.6321708277316
11.7129349176496
13.7791102600707
14.792676544609
13.5493026536517
14.0353946640474
14.723896657936
17.3205818493575
13.2477170650024
12.5253683308999
14.9630080431648
12.9757682326868
13.5323273672762
12.4638086579072
14.0827841678064
12.7795424278008
12.6607667083339
11.7830448607213
12.1053330022306
12.7263836185908
15.0685182464005
12.2381526458631
14.1524629623716
15.5596331737845
16.3245851387596
12.0537251112812
14.3842985600925
13.5834117619806
14.6514787929963
13.4809257733114
12.6752594777474
13.916825470462
11.5269923872551
16.799312804561
14.484273946627
12.8701103327915
13.6797243254759
10.7430720434929
14.0847176490337
12.1542850230646
12.3048292637454
12.5221546283764
9.74016374296302
12.832484976014
15.4245491147036
13.8680340280203
13.0513210471979
15.9438721563802
15.7762068359287
15.8467857724902
13.474924245126
16.4914841970133
16.4669154417278
14.3173528981182
13.6325190118194
15.8706033138814
15.71580023965
16.5378947946745
15.7631697667711
14.9416830765339
13.3417964926043
14.8085404990812
15.4465927649235
17.6224678131458
16.1280699132965
17.0498265192626
17.7960885167342
15.3817996693784
13.6630442202719
15.8806016682783
14.72920857495
14.4842153229621
13.8116738354357
16.1568971936074
13.2641656777162
15.6036619259295
13.0447508840729
15.0170695148886
11.1894862558344
15.5456258490889
14.1737983720317
17.2103974345372
14.0707114519798
15.7373548434717
11.6081120065214
15.7930726287565
15.3494670211155
15.0040566612838
15.0577042702813
15.0648192009128
16.8404270942818
14.1445663389026
18.4703002448109
16.1753093979568
13.8492060792003
13.9857034470376
14.1136830293288
15.1175465927527
12.6987259996348
13.9040961995723
14.1044318803557
10.1649361467759
15.4640361948789
15.1887017801477
16.8594618102613
12.1656980595732
13.341620922899
13.4004400536862
16.1067250522169
12.6487629595272
16.0325338016797
14.9250273331705
13.943699939877
14.3633862623709
14.2314247339041
13.6466449702771
15.2793134346531
15.4571520805187
14.574177453193
13.1276909975531
15.070965264338
14.5923298055775
16.4174896989027
14.992226347353
15.4900068188754
17.5178270532179
16.6808479325317
12.1100534483673
15.6628113235114
14.0656056582299
12.310662133043
13.7449145924581
14.2413878494168
12.713940738487
13.3981386191532
11.2433211038731
12.8222792033568
12.989395173214
15.6053468501536
12.6780369802738
14.3829494831347
15.5535173222034
15.3394777304197
14.756668390974
15.3768820251233
13.1710825447428
13.6398344043432
13.4649132657622
13.029351964063
14.1419858325349
12.1156009666367
17.0630425883304
15.291011364635
12.4322702797797
14.6244271432534
13.7181161008519
15.6693273415392
11.4105220678027
15.7877643119785
16.0742446684804
11.0411640323352
12.4798296166367
15.1125842408348
14.7311724588812
13.7539232054131
16.016754035843
16.6916786493578
15.5175926343845
15.2110398091358
