5.8402460669092
5.98865803041414
6.19233162220841
5.55498407375723
6.00103078174759
4.13011322445525
5.90003707370656
5.96011270969166
5.60785480606683
4.6384550129646
3.42860562571214
3.85942859592405
6.42665408692135
4.56183741441043
5.85084335910622
4.40665140997986
5.27713526300429
5.32373526331967
5.4407141503305
4.88173069633315
5.21108890041982
4.41507531146285
5.06173313486616
6.88976741964392
3.10586831429685
3.18200378676563
1.72437723781661
1.23572982322076
3.96780566941969
3.97839151893971
3.52604740467548
4.39174718277795
2.62345754506742
3.48037483238824
2.44150839675144
4.3549237173722
4.0466268087619
1.88662186336528
3.43745601236547
4.9178491707854
3.92486749094931
3.87566643278767
5.49457938913663
3.88489164850017
2.84275017559033
5.32326245399911
2.41600063662336
2.53044045706635
1.67409127440706
1.88444523260824
2.23863639771179
2.53412996827833
2.32624034403261
2.29430145806739
4.87889307902828
4.38957055202091
2.73761669796416
1.51355337647131
2.5919353898298
2.73028885729378
3.50160196469938
4.68957125463243
3.12084345410225
3.46277115001914
3.03682029331685
3.36925996627184
3.35921676357184
4.22514267115315
2.63833137030734
3.31333124363108
2.21188314684077
3.29771510101398
4.20334134413633
2.68725452291143
1.45325892766608
4.32130742470905
3.36170579082558
2.58168069763066
3.7942864639998
3.22381516016353
2.6151482570119
2.55913270943527
3.14179942383166
3.04469961696152
2.26616470804752
3.13230356328235
1.7243772378166
2.22049213576027
1.0783820133585
3.41768348851376
4.29086642115628
1.18556952200694
2.71209968647157
4.19843157010983
2.84386976970141
3.21426937361269
4.57503454559588
2.44306707856744
3.39589633860798
3.33988079103136
2.36105134223558
2.26395153536545
1.48541662645145
2.35155548168627
2.50512531941268
3.00124021735635
1.85913009495457
4.19843157010983
3.5101183395602
1.96631760360302
1.93135160487551
3.41768348851376
2.06312168810534
3.99501745520877
3.03275994088359
2.58117961375728
2.20349832833262
2.82149167087245
3.22635202515314
4.29566174671206
2.85628472263846
3.30937211010182
2.92319807582393
3.97610773151363
4.28494422260388
5.24665719852734
3.03876867038022
3.90205031498798
2.18377947886889
4.08640281417406
3.53128459596221
4.35478752330369
