20.655299628189
21.3051262292227
20.2026727357025
19.9367639247365
20.6516844066209
20.4343032477118
21.3351284390322
20.2226399012148
20.9411756046674
20.1683944367457
21.0098739153625
21.5367567412319
20.6031269207452
21.2957498918409
21.591002205701
20.3658084301426
20.8926181187916
21.2415044273718
17.3272188913006
18.1374920786115
18.8341556085435
17.848000880565
17.8366034545279
18.2141483265253
18.1760395163297
18.9084331554426
18.2062625611345
18.5036395245718
18.2121924300231
18.6068734601316
19.0272183803665
18.1760395163297
18.9730209060919
19.1979243534891
17.848000880565
18.4655307143761
18.9349120958962
