11.5814610440287
10.8873164763765
18.5828187126415
16.2448427816504
16.767193493099
17.6909439893079
19.0519350598281
18.1429649482404
18.1283831954434
17.7443837280841
18.946948270757
18.5147766440659
17.8766660375467
17.2821317088808
11.7880875730243
16.4456996819211
10.3391668949684
16.5301793548844
16.2952523210858
13.4141561215353
13.3512623228879
10.9777614771575
10.8002023728041
10.5907678266421
12.2824864507109
11.8330619757024
11.2070316139848
10.0124630512941
9.86589671027838
12.2828851302065
12.0514287120294
10.3853208744415
13.1438179387744
12.5010351947116
12.0112469441138
12.2305440851718
13.5319775167022
12.9576123779194
13.7492048088115
12.606243913923
12.8090862374735
10.8296404126979
12.2436394723076
12.664224424259
12.7870062131515
11.2992714274537
12.4772141096788
12.8924710663561
12.1776246054241
9.79455354475948
10.316904256208
10.9446302377048
11.4161761174584
17.4992969581302
17.4279537926113
17.9058877745081
10.5343549303904
11.3107112642539
12.2857651414112
12.1953201406301
18.1194920119624
18.1148899021374
18.4525334088043
19.7557994444141
19.1919973534867
18.0347547082832
16.7852977639088
16.9525720502972
17.3039135379624
17.6339785135144
17.2189928842404
17.6347057992006
17.5748195017629
17.6610796203917
17.7297478101769
17.5624735237885
17.028110143492
19.8690204004812
17.4486449748064
19.5863833547668
15.9542347610834
15.6227203240947
20.8446808864171
20.7187212310235
19.2921752590625
19.9225226156702
19.4693637433909
19.5648047202574
19.6352182021132
19.3437699433516
19.2254510753628
19.4026395596912
19.5161570975308
19.2735004907606
18.9709218983931
19.7891854439483
19.316878113813
19.9142708052316
20.0701214597834
20.2085081586423
19.9202210804957
20.2872496343737
19.9569959892004
20.2514414756792
19.432548012676
20.1054013546886
19.6108087270159
19.972936655306
19.704204760125
19.9304245047028
20.0091659804341
20.0701214597834
19.2697576978882
19.4370319842766
19.3247819874235
19.1717412291568
16.9442645025008
16.9053551842979
17.112007514254
19.1251759419208
19.3114381842374
19.501723801912
19.4693920427977
19.4980309356433
19.6254641001382
16.9497095337482
16.4173591226887
16.5846334090771
16.5031973255743
17.0890828593772
16.6934144716209
16.9662605026995
17.1088285715098
16.8908492401508
16.707330447178
16.6509130706021
16.2308652263609
19.7948994357526
17.1253707911057
19.5265514132306
15.516671121863
15.3343704627143
20.9304930805901
21.0306486177434
19.4918404727155
19.8636180936054
19.6690289570439
19.9347794384105
19.844779477337
19.7137446615047
19.351183735767
19.5283722200953
19.7999122559834
19.2176359377375
19.0604192769818
19.9457553155076
19.3834032808714
19.8617359018963
19.8123529510126
19.9925262256527
19.7071487354841
20.2396639505343
19.7750772897742
20.0118338497784
18.8986398689054
19.9138033407014
19.5817305209485
20.094312531413
19.47690398891
19.7107206995375
19.7819321442104
20.0155710556817
19.4960404609811
19.8026525844666
19.1663668974015
19.3733196981597
16.4179760662352
16.3790667480323
16.6985831321532
18.6590267656515
19.5130166532402
19.3768900394222
19.3445582803079
20.0297789791845
19.8661903137726
17.9604453008682
16.9403599010911
17.1076341874795
17.4040263026255
17.6397167659983
17.144601487733
17.5287731539888
17.7466198613717
17.4778198756482
17.7190163340417
17.4404164124761
17.1321691788164
20.0067109473216
17.7631620809676
20.0287591386874
15.8403735684234
16.1208099631911
21.1423944506676
21.3604957624443
19.8985220728869
20.0797837231374
20.0757105572153
19.9952252538731
20.2203206125895
19.784161370639
19.5623828119835
19.7395712963119
19.8530888341514
19.7158762746812
19.1956190048124
20.3516124993976
19.7104401947472
20.0198540908518
20.3441009945537
20.6020702395766
20.3137831614299
20.5044167097345
20.3505580701346
20.5677063285177
19.7065275474463
20.4144015145799
20.0507436483232
20.4846983489801
20.0400401735903
20.2662599181682
20.3450013938995
20.2273825672506
19.7072395371976
19.8749825489507
19.4314221197948
19.7780880429812
16.9752693012177
16.9358785886359
17.0296795334413
19.3977714608291
19.9177849980617
19.6083639342833
19.5735913125557
