9.99865755704455
9.41250083207574
12.9974438835905
8.80222627305595
10.7795880707981
8.67182090209658
9.4821444144451
8.95444925405222
10.0297928142209
12.014983328765
10.7530402843889
11.849959413788
11.4394733946304
7.43069357551538
10.014396926525
9.64801572843302
8.02681950669226
11.8795625155296
9.59401565366915
10.451145146816
9.39331403276084
10.3973017489296
9.66176866669433
8.94634223806079
7.79128970593582
9.33392758880087
9.97737032504835
8.79713486288757
8.80494309118168
9.6851669013889
9.1124387761494
10.6238151542541
8.85276349642087
10.1666626676838
8.80521048092614
9.4929055212584
9.66155800216477
7.35748595702413
8.22940574901855
10.2224637032442
8.41031845273039
10.3938543301905
9.01621708596729
12.2199667007596
9.57145071928085
8.50062998439994
8.77778222998156
10.149549685224
13.550858442435
11.4010137611616
12.2522707304859
13.4030092896569
9.941669142941
9.71576772885427
10.0221126930471
12.0822967702805
11.9536284350846
11.096561339784
9.34192576132522
8.98278047296765
12.3610596879497
9.82818050118686
11.8007876406437
12.8822036774622
11.9058759548976
9.97214672348699
8.76807297206432
8.86360380777895
8.95976081641647
8.86367372925523
9.55413850482724
10.2085744873169
10.280224802464
10.1553795000805
8.52174779890363
9.04890941621114
9.16332879736223
8.81830839304155
10.0780339281911
11.0465206315452
9.63571822804927
9.65934389863011
9.06096168041327
11.6685367547567
12.8967557444582
9.79092176344586
9.23841839805006
8.1149226139185
11.2499067791379
9.21690649942479
10.3712507548554
8.99753253151611
9.11597850620076
10.2468333686264
11.109237750584
10.8979130602333
11.5052445698001
10.6569736890136
10.8816398042156
11.2470782313058
9.83529614438587
11.7477243394606
10.6157699427679
10.7955811600283
12.3603864352044
11.158481182895
11.1702745065983
11.6704297775685
10.5040990263884
10.966237496665
9.39416298951783
8.87131015163374
9.43360342313576
7.50140611206469
9.65764038838473
9.58801102302191
9.19547390720568
9.97093937591104
10.5333078880943
9.98089942148201
7.85531996604686
6.56336619411827
8.43678643892214
6.00939506489876
10.3592385665913
9.68669192550356
9.51715505729941
9.64862705367405
7.28723668689751
10.7404419465389
9.45690273152165
9.72997675531889
9.3745364664865
9.29623743028185
9.16065748877241
9.43876295185806
9.9828394429224
9.15175994340189
9.73475326217643
8.73930595986317
10.5142620362453
9.31223230572252
11.1639967655382
11.2955763316689
10.7960328076009
10.7016015812979
9.18055945016654
8.05673745628654
8.78196945923524
10.3101630671253
10.4309337012314
10.2357746204546
10.3820444766261
8.06719081926945
8.24886125792575
9.33631171002457
8.38472535912553
9.13557698786848
9.4871170483387
8.01828082474115
5.95374264618384
7.9787000575359
7.2875577884249
10.1036260244868
10.2278473168492
11.2839735910256
7.42099485342816
7.54283040724904
6.82941738545843
9.48536503099255
10.6381424298814
7.64767939795411
8.98425506464825
7.27536383806117
8.91732299322655
5.73216817319363
10.7506376538539
10.3663174063033
10.0105678872777
9.55849432573903
9.76639775518242
10.599793985918
10.1249710421833
9.35290441215299
10.5226515255132
10.706698094203
9.14082977971884
10.4225234020564
8.5181126447649
11.0115474261569
7.14387355533971
8.93180732723702
10.648770825341
10.2096368128673
6.82299068213284
7.51153992105364
10.4164569940978
9.86770540756969
9.34730627806247
8.24545562160137
9.68108847734374
11.1138708067858
11.3426633847469
11.0974656552385
9.54575856862418
9.91804753651409
7.96440174486855
11.1519256076373
10.0133107917304
10.9987723585566
9.93356750452695
12.0657750534508
11.1474683066499
6.55823965687856
7.04961102279741
8.06061868354161
8.16688352725313
11.7660932363263
9.56420783265595
10.0659706612014
10.2906262271123
8.15729378750167
11.8931324265918
9.90500722543181
9.756815434784
9.32949649763364
9.63003661534744
9.34432157930376
8.9580288375748
9.76628336429064
9.16041945986304
11.7783637895961
10.0361004322197
11.8845563319371
9.92315527100384
11.3283142445328
12.2517350256337
11.5593893866783
10.4142090911867
10.3326102579937
8.74167234404745
9.29976666920753
10.2622796227373
10.7836182394959
10.4763318787002
11.3076556568306
9.82906435110522
7.97575669504797
10.6287206181413
9.83798962619944
8.48972509246089
7.67611285909357
5.97977225953742
7.4896226390324
6.58208162194583
8.4818469559201
9.50486247138723
10.8509431280702
11.5883648405046
8.21804459514757
7.52525647627954
7.22219034196807
9.75233427448043
11.613334589027
7.321781590678
9.60323537967831
7.80583443920551
7.12843942814419
7.82062290042981
9.65660110497669
10.6432926650134
10.4980304696462
9.66967606075953
10.2472104442877
10.3676195232288
11.0399077393356
9.73315186829673
10.7410487782738
11.2550501428858
10.4734247769909
11.0095704200267
9.83011751532947
11.7016178216338
8.92541781639186
7.94068856331953
10.7767477193868
11.4104687663913
8.58641215922164
7.14557250435193
10.1202629867675
9.61346978769268
9.7104337358803
7.37252282357174
8.72753463414072
10.0346143062707
11.3384010643267
12.0937802972792
10.6244118502005
9.47026841054648
7.72143579241204
10.9699618573292
10.2905997849328
11.9740121299917
11.2849012308639
12.177153021672
11.2964454371579
7.06417600465567
8.11132557037813
6.27561914630631
8.024548730723
10.8180091396022
10.8874687552515
9.3985038999467
9.57001875011834
8.01629836118953
10.7975693129006
10.2455127795825
9.81902927399183
8.86081461260771
11.0511121079171
8.11864806082033
9.12717877682035
9.90098393182942
8.57619615651453
11.6415856471508
10.6013592525881
10.91893835296
9.69239511742885
10.6026192326617
10.5254609740059
9.46299582693565
10.4913920888958
9.49891082514179
8.50726440860652
9.60989464933104
10.6161743951226
10.1266239640017
10.3290919481482
10.6333729768078
9.0144162518262
7.46461111849545
10.9292825016998
10.6760406782814
8.87771417688931
7.97462035663969
6.89692552680898
6.96718203651623
7.17539316770999
9.15496625428804
10.4710384453294
11.8201794127152
11.8380949188624
8.69507819009108
8.623238628202
7.70710381832852
9.7338637105568
10.7598057995113
8.45141197680201
10.6312712693458
8.23691253234151
6.21960543110915
7.03411471681223
9.91442969465425
10.0166328302274
10.7085996054236
9.72880376610968
8.70961571560346
10.1445821748384
11.3465185988701
10.0099268727257
10.1523605193558
11.089517648215
11.25826797734
12.055054155274
9.72625514597198
11.5723493984537
9.27144417036248
8.47783951533133
11.0101139469185
11.4585544472585
9.39091849750228
8.20022258612386
10.9543833231559
10.8142582307265
9.5854077013622
7.71315569692692
10.0227357952861
10.7476966138254
11.0877736535183
11.1939507406074
9.23644903810791
8.03772781723207
4.51701713386997
10.8857083039079
8.28440836206826
11.4086491453442
8.99223634421598
9.65487686033094
9.34367083059874
5.69137694197592
7.36519642959903
7.1818224853786
7.54963707900379
10.8017727934476
10.2184010609186
9.20666238609538
9.92230875003376
6.81843825335771
9.60659909153025
8.33377580189793
8.64502418975795
9.11380769692646
11.3232175274668
8.81248518417228
9.39598318874918
9.51506795591732
8.60016739207525
9.65452748813039
10.4709059430047
9.48042878148134
9.0205417693229
9.3994972824643
10.6653012533111
9.38681237959366
9.51005347037076
8.96286045705746
8.51013359289448
10.3604796505629
10.9932099841348
8.90222615616496
9.91558824882901
9.80053565625698
9.89361764253741
5.74558162880481
10.3248315180748
10.3163018012641
9.12737139547433
8.05768110560552
7.22336930793576
6.23799671191063
5.24346815537449
7.39324317447319
10.1832523948854
10.0579370521564
10.1303974454318
7.14036091768745
7.89111606953354
6.6634657667138
10.2289736342582
10.0791551333543
7.21649511340117
10.1907217947814
6.36034211792808
7.28040162009086
7.45006586256223
7.58673099299714
9.6515307569093
10.0349229068868
10.6417028271174
9.61051906761098
9.67193313889318
10.2097287500477
8.40300182010884
8.92659993638941
9.2734287658558
10.2629837365273
10.5597972265392
9.16269797117174
9.49769396053736
7.67274440986679
7.74340164848095
9.17978135702434
9.63923192946216
7.93031152335712
6.05484440786617
8.97469981636749
10.2395240297291
9.88360769125107
8.22572759941443
10.2200808964495
8.89767801098949
10.3648897817853
10.8391851596761
9.76055275172648
9.83518844024909
8.6917147078547
11.2307287497763
10.2821520584447
11.4872063337501
9.35861808859637
11.7468053025748
11.1475334237027
8.49502898962787
7.62936371715495
6.88754366990122
7.76696258165985
11.1934948905918
10.3810206125579
9.4553571396718
11.1042424242098
6.80268910321456
10.6108662424054
10.1368019392238
9.97206338576089
8.93264067787973
10.4851815674127
10.267102402112
10.3340981645834
8.06810134280555
10.1396506371234
10.4223237743391
11.0146375720845
11.2558885854392
11.0816908269018
11.4317427736858
10.9899158553972
10.5528208793942
9.11929803195994
9.64637235450613
10.0835357341249
9.22559717739856
11.1800177202046
9.94658383952252
10.8165617360308
10.2458805793718
10.6826333072171
7.80541528609493
11.0252596749362
10.002431446889
9.7907969035392
10.2137173688427
7.11757276986018
7.64935923373
8.40349648673387
8.12588545714656
11.1382628186977
9.29134762520645
10.7905916594332
6.35975437061057
8.75100765215394
7.80008725026715
9.93110306528451
10.4001011949686
8.32975692988229
10.0312746186261
6.92627519571752
7.33680108586622
7.81434487962601
10.3888743004496
10.528982251779
11.1969945557364
10.4994207024464
9.66404821282025
10.3198633039363
10.6607959325903
9.72826961454538
10.7021910235836
10.8884687871277
10.7993261143837
9.84432677482509
9.97775528879755
10.7679142646977
7.67286215150485
9.89920206856761
10.9359244578721
10.334724757537
6.92406064228005
7.54038086557964
10.1263586606567
9.91199705964036
8.74734163025711
6.76023379291434
10.5338384404674
10.9098125568309
11.6601429230238
11.3412618751625
9.67906649513335
8.64853191551766
7.55432744651228
10.608950020294
8.53289881585118
11.0961209777316
7.98556940764265
10.7455792919543
9.87833076432824
6.47515833786687
7.81009258662018
6.29889072309804
8.7472153714364
10.5740857171887
9.05844538242645
8.58688993001439
10.3698185263178
6.9653064405515
9.98907489090124
8.99146305392147
8.30482400470979
8.99543597932632
9.73997797063315
8.96024716046037
9.30230777761528
8.60063785542394
8.45915480933315
9.24744224064436
10.8167684323629
9.93260971542774
9.33396602080416
9.23468107542182
10.2533521368599
9.14349636955291
8.58724916568826
9.26656842000203
8.84638643808116
9.35759166595101
9.85016942752203
9.33669817154711
10.3509834269299
9.42851836575943
9.95144391944497
6.10317909447517
10.1145000922242
10.762341770513
7.42329454570348
7.34394511485866
4.9618729306329
7.90053500714413
5.81674538859998
6.4602845225515
9.41459940505092
8.32296045783621
10.6733831886634
6.34865434103691
6.56672283076961
7.51028840314814
9.28886736295753
10.3974260878134
7.33661210891913
9.53227707317165
6.59140342618421
6.9048675481726
6.95349038114212
8.77500900794351
9.88289258796393
10.3797898826985
8.87713453803155
9.2636602617992
7.6628679930589
8.97297142141397
7.55926218765622
8.42416531676604
9.55910466874698
10.1399687794161
8.97529748271316
9.83165205529733
10.2162228963279
7.76749167216217
8.03788417220292
10.1874128564909
9.72690027214082
6.76900900641725
6.69318791208693
8.81237641002573
8.28347950624059
9.28850776114271
5.68472878576902
9.0186679966062
8.75908547421907
9.7052063312951
10.1512647443491
10.2202919200901
10.2433981066813
6.76029899334548
10.4963915301264
8.95384264409017
11.4650141067789
10.6894228354319
11.3063050990972
10.7265316504565
7.45570421631814
7.15588831167846
7.94300095647989
6.72028752409124
10.7544810848631
9.96746828761678
9.56067375590933
10.6710772873862
6.50854852076274
10.1924286259767
9.35480002594662
9.76995475231414
9.58284025898396
10.5227483261819
9.38897180521258
10.6094409048609
9.22738639205654
9.19728624265763
9.34640998438159
10.8154081290052
9.86806101674587
10.3887318498804
8.58371373879293
10.6818765860396
9.82774896223621
8.94083842276667
8.31453624919875
9.54527068865345
11.2256948148307
11.1990650748521
8.60059186427836
10.3935273672199
8.49432630474885
10.2007212479874
6.51061147149181
10.4182043709885
9.94512883544716
10.3495390051545
9.74210040937066
7.59341547858082
6.19198709854424
7.32162074125164
6.00578697872909
9.79963312693573
8.80241628316314
10.836761685784
6.04757700698781
6.86579648084557
7.19563966569742
10.3371615586087
10.8726552754128
7.30590161203663
10.2280155085755
6.5966233442462
8.20422301008555
8.0877712963814
9.76661592097009
9.61937608584172
9.60855861065652
10.7916645390964
9.58294270438324
9.17863216002441
9.46259123783924
8.4073711274258
8.63092343937486
10.2656474820136
10.0256551529374
10.74757329799
8.86387720986696
10.4931622106608
7.52610755947894
9.94838311724515
10.3284250277608
9.72759652295754
6.99057733505032
7.13893704718549
9.30252201335162
10.053909814006
10.6440637747053
7.98028534828217
11.1417943561686
9.75394555194919
10.2996286919587
10.3068336605966
10.7514737611349
9.62779843227747
7.71207445956122
10.1262775134806
8.78036502732777
9.55052158086841
10.4274840662309
11.0750653050398
11.1903883709966
6.82142033834654
6.25786614467018
7.39272566720469
7.10840588916553
8.81589006079088
9.51604454088402
9.60830658213759
9.59348585072394
6.97981921463973
9.12621152200357
10.1598701207538
8.38316828650375
9.26846965973732
9.21524876234947
8.56092341771699
8.83308228446023
8.79833273674333
7.44860492699513
9.85416034308611
10.246378601032
9.50830627537883
9.25170604291013
9.78578231585421
9.85769901681902
9.69057629386145
9.72472511484098
9.60012620486341
8.94488525352173
9.79116934620552
8.87254648127525
9.02254793409762
10.2384635311421
9.31055645439916
9.07452851196756
5.99720659134375
9.19549191680776
9.13125970243703
9.58262704379631
8.50034126340895
8.21692068188802
5.80257314774036
6.70977107603733
6.93092114626862
9.23045741032595
9.58654664334159
10.4210310265825
7.79683581461387
6.82808566350626
6.10975539735945
9.24706775150487
9.85089515020205
6.76527884799859
8.78983601657169
7.26932097177209
7.91553447348224
6.81860011184423
9.59999329943254
9.06715689033646
7.17893683650514
8.14817511218814
7.76472681522677
9.46302814589622
8.38647952180835
8.4435874714264
8.54876154466268
9.26422757978425
7.90383962155428
11.0487761568785
6.85753400795412
10.5968504159751
7.63108338586026
8.63903235186349
10.6728469608716
9.10025303130101
7.51975381101931
7.65740725529231
10.0950812315269
10.0699946596212
9.18853255520594
7.58965359744995
8.45224126366683
9.72867023044872
10.2865024768422
9.39329435906681
10.6187044006274
8.82518335746147
7.67152728951797
10.4261359204978
9.04472782278005
11.5281255700868
10.7948408649926
10.6863260937973
9.84568080707717
8.49590497964109
7.6642105831223
6.93537858068343
7.69135846061766
11.5402034710295
10.064863394843
8.83029244630488
11.1797616684121
6.95866411080756
10.5092788556208
9.31936511963001
9.14102519088792
8.77842310992157
11.0847794738127
8.69411199883618
10.0072916448242
8.68515861087772
7.94490682753418
10.2233931112385
11.6694449529925
9.35353284731581
10.2210940278945
9.76316964781243
10.2607664153957
9.59208478108352
8.68357901259439
9.45367503317766
8.3637261527219
10.705164223104
11.5811697796278
7.9705093923704
11.0112544015816
8.2316038704992
10.5063765274766
6.63537956825487
10.122133412021
10.1416002007112
9.26203444833463
8.81388454797729
6.37234246182369
6.43274155894606
7.46691373838559
6.53210720828039
10.0464882191166
9.03647004147704
9.98524663866115
7.32777502947215
8.01179528070296
8.01802913567494
9.46755532662792
10.8288796205921
8.51697430322879
10.6697655769044
7.66537333752157
6.13952004873475
7.97048359924035
10.1127310732982
10.2508315225316
10.2421326156648
9.84724833624941
9.04210170839877
8.32945271186441
9.12255052064172
9.12917475948849
9.0584117172697
10.618674319283
10.6580345391999
10.7899306865253
9.82076820523355
10.1113205567128
7.94401100593564
8.8142442240789
9.6822146412039
9.76565412429937
6.79415254833369
7.920711182391
9.4445771187997
10.2246229155931
9.66158742699439
5.75517994136231
10.5210595537843
10.2021124539245
10.341114082879
10.5501758878563
8.14419711248818
9.8265424117273
6.98744099265249
10.7093708991859
9.10405370782027
11.831957768556
8.97354272576563
11.1425673507458
10.0918406953139
6.57195034987094
5.79521451515332
6.88107064366109
6.84609301714327
9.9078775959247
8.705921918377
9.75548241908498
10.1627601892943
5.57784168704169
9.20169124405429
9.22690472134617
10.1105462427045
9.81849868754355
10.3197986830689
10.2650662916455
10.1015394425257
7.80709725883499
10.176569503026
9.82617830556413
10.3883651921834
9.66146279118274
9.48573874376258
10.3481909039209
9.94828379019746
9.68919029359259
9.09024501959612
7.99351975717557
9.74519270686415
9.26676073387067
10.1521932042661
8.8470870618477
9.02806574562666
8.999690783815
9.68235659074232
6.89078130345313
10.244676707661
9.81633482469473
9.4712677083161
9.38862817555924
7.20926320125788
6.38920142248499
6.65033642843866
6.38604911342728
10.1601206770286
8.15468282811837
10.0111539338715
4.91935878808248
7.19142444740498
6.53353158750065
9.10593958316463
10.537652113418
6.34535875080961
9.56868700867498
5.45730462011556
7.4033064139513
7.61611439286126
8.73258595369775
9.02861542785833
10.5545600034523
10.3751627839315
9.04655318941519
9.6987968991203
9.8732087281086
8.37968973028983
8.88381256001016
9.42815343822707
10.3688455752659
9.7739327368314
9.10301142667733
9.82348294266824
6.20995610409632
9.64986754300861
9.50070409232437
8.35616814013375
6.93279787918237
6.76378002195143
9.08059090090131
9.72009927510353
10.0826630529661
7.38824463094567
11.1618516566738
9.03575456205863
10.474149399548
9.86591744259532
7.76902836790008
8.59980614525499
5.98153637183275
9.5146147040704
9.4431356869951
11.0793552243096
8.13411955862441
10.1483438245419
9.74008128959806
7.18867117248841
7.04979757741515
7.16569897704206
7.3403070109452
10.3886794940652
9.33460813840351
8.84158052974754
9.35457253918952
6.75395526909907
9.49978112409903
8.59263937518927
8.7928691360332
8.91963646539214
10.459850959807
9.81512491293252
10.3363093385624
9.18312466073115
9.51508548624127
10.0673550177935
9.41895308950861
9.47359205643961
8.71404387866364
10.3283003481116
9.80632285638065
8.74420662205005
10.3601171090118
9.18187198421955
9.37556422491262
9.75218270940072
9.94397210792199
9.38237026534581
10.276072425974
9.36592403233028
8.86299041200476
7.27286898338183
9.99856497726196
9.84980639714339
8.84801941213791
8.84421920437271
6.75393694782939
7.23355848889413
6.20573738841678
7.85427170435683
10.1143898464314
9.57086322576438
9.70769521239633
6.57885740687946
8.03762720691271
6.51419852826542
9.71408988263979
9.59365402477876
8.02693209893626
10.0506520859217
6.10099235909624
7.43575937865896
7.063144663549
9.6291774608988
9.61106065719666
10.4928063365586
10.2822349358429
10.0229350149442
9.6613757003722
9.62605144938203
8.97674996562619
9.25111142674162
8.54579092062929
10.5107993567121
10.2218690594251
8.59162699376937
9.16354668127977
6.25055529078453
9.39873114799002
9.32987040634741
8.76999370282926
6.93075816063492
6.65951365791543
9.11544267096588
9.60184237256212
10.107506133759
8.1785899913696
10.3856420700933
9.55216495440733
10.3594094955025
9.78559625817356
9.69541201685507
9.11849357111049
6.69367249113758
11.3285430315143
9.94809441831249
11.5325140539655
10.7054573256337
10.6750718790831
11.3062070411529
7.87246217493018
7.34301244305653
7.11902801502884
7.32011446580456
12.1456209647133
10.0944717571335
9.64416813714389
11.7966503797398
7.7889265381515
10.5152729446539
9.86517668812471
8.55458593898364
8.84774522040993
10.5054154524495
9.82097103235472
10.1015864019876
9.28767789551597
9.86531293652872
11.5196799920465
11.4782852984732
10.8856638511216
11.5579578674662
10.5816960975174
11.6786476390408
10.9974774747484
9.51204615222953
11.0639615016112
9.41012580993392
11.1285807854247
11.5298562463892
9.48186525956572
11.5720079303788
9.97218622200205
11.1692778853665
7.44514849796489
10.1120410187079
9.77336084864477
10.8109083743901
9.6330220735714
7.02455088540653
6.52561698294162
7.23078301691199
6.53565458420912
9.39256554181581
10.3921110970199
10.1926894892091
7.54832424336043
7.71891560192088
7.99435099301262
9.8915605839606
10.5586558620774
7.59958456333379
10.1575675113702
8.21207475605086
6.90540816681123
9.0954672507752
9.72095177243305
10.9549475706861
9.93118303712439
9.9501822018919
9.90073673415599
10.2001862318899
9.78422855506568
10.7681587772037
10.5984520584939
11.3482606989728
10.1719752154046
11.5023066741334
9.59283673323629
10.6857665937601
7.54405039533665
8.16907569595425
9.99081788412976
10.080291106798
7.74943004537192
7.88280384930128
10.4983023894038
10.2056736345179
10.9791683080179
7.78777403397996
9.95666972053834
10.7314416516344
11.0292588447196
11.51481307923
9.25048012279015
9.07122089085926
7.61169622766521
10.6200189818555
9.62782713364866
10.0720849972232
8.51017829796087
9.6997718917296
10.5074612257481
8.27653196854033
7.90814927971557
8.32348934984427
7.68979198707947
10.2988769809914
9.51923953783585
9.44397005895336
11.2495616503561
7.74202463383653
8.85650103361796
10.3974310050308
8.13788931422461
8.56654570422216
9.76422786813242
10.6883105409542
9.92097738613832
9.54521707944858
9.32193896378318
9.30195791740368
11.0190522364458
10.5018068301285
10.3658417180502
10.7292230941685
9.44520883559959
9.37855101615008
8.83881482093112
10.2506175274207
9.74340463070472
10.6625697697915
10.6644763856056
9.64010746244772
11.1362767733615
9.38276011778533
9.93654209953846
6.95433534640631
9.88775859799031
9.7008155142719
10.5584035182116
10.6409465083529
8.15125016153844
7.46684873376037
7.4593911834946
6.71132413521123
10.3955455254004
10.1370393157763
9.54048904617991
7.66351502198801
7.81924488018033
7.07860703113775
10.2631332890717
8.82363315333978
7.59745567931103
9.54549718158537
7.51491909914326
8.37513699348681
7.0325765735835
9.6517636923913
10.1464727561847
9.66276369858464
10.0321675611724
9.91989098519143
10.2021324939485
8.13172987465104
10.0938524522606
10.2470315270423
10.6518728664026
9.20019008440896
10.2349926559703
9.5916048758652
10.4279962342775
5.52521198236452
9.57132871211751
10.133367393058
9.01643605709508
7.21288590778271
7.28814624759619
10.3276189608489
10.371274076937
10.4953241078046
8.77569292408201
9.53672500423525
10.5629104378577
11.1310444549311
10.3563779005016
9.70600674364242
9.30878933115776
7.9167416136365
11.0317835512523
8.55703473229482
10.9496399978399
8.04979857451941
11.1927074874219
9.66771401118614
7.33799222797266
7.9893428010619
7.41120610685763
8.54327860721763
11.2017035242637
9.26039920923989
8.75012652595763
10.6122800133857
7.15051752399478
10.6560225464566
9.29965256790545
9.13109810077837
8.57611022713424
10.371359894416
9.54978174278317
9.46417144636337
8.86073671455107
8.91907433996226
10.0472373323698
10.9981065049803
10.5202143710416
9.97573249798396
10.2945775331896
10.8878138062245
10.0984300577516
9.19618453082479
9.00042365124779
9.0065564093907
9.91964675210807
10.2068067338071
9.89312576985515
11.5223014608063
10.3111840851624
10.0227601537727
6.75436842690918
10.1988795247048
10.5677178039345
8.15183383836884
7.37264927752782
5.46823288987776
8.16464097355119
6.59992970050634
7.83999597194271
10.1967095635715
9.51960153212592
10.6291864102002
7.49102993568216
8.03698338535629
7.58792205551248
10.2638263045559
10.1666683638695
8.06066864392586
9.83345693801839
6.92859515274433
7.24596486219809
7.79497816149176
9.3888548634034
10.5609679431949
10.5155973689972
9.44533930062924
10.3431019216411
8.65013999955944
10.0982064638375
8.14565227024463
9.0778894622498
9.9688094530694
10.7013767600203
9.14647373967895
10.0761785643635
10.8251988818918
8.51392475924384
8.51875710708497
10.9460629179395
10.8732897906023
6.77383711743867
6.49302073631769
8.56608344596987
8.04834766998502
9.17928521550439
5.9826124821371
8.36686932552028
8.71446663488364
10.2286184699314
10.4843673485594
9.31790343789758
9.23943964700297
7.72852801530148
10.4673340400504
8.54723615999076
11.4391591388693
9.54122304599046
11.2004669958196
9.75991279003006
7.59100724586542
7.16853374643311
5.94768124919335
8.00140301262906
10.6002645200101
9.28444460641185
8.17593843103067
10.5552138136503
6.30350195091861
9.08290546386564
9.08698175560806
8.4349340157812
8.0702794213575
9.99395241031803
8.67980066624079
8.73122229741571
8.32695320324127
8.2093038285717
9.6370469060388
10.7354403049892
9.44860400995019
9.77782144477615
8.77616953735524
9.52827370315436
9.33356153557126
7.8305166912652
9.049462421899
8.07353525435015
9.5270598885415
10.2360670789474
8.57983232680888
10.4595898676441
8.61277405776733
9.07582841518561
5.83503854262792
9.8235447880602
10.0522914284285
8.16215339237711
8.19918027406287
5.5526763133339
7.18776923161354
6.90356246770752
6.19772052715852
9.86675096975538
8.90835351768438
9.52350116233244
5.98726964542936
6.79579213551364
7.41860998351064
9.16005605699657
9.418507048504
7.13182745938897
9.57327829597367
6.33739589887324
6.55572034235303
6.13237438203276
9.65697013984978
10.3792466350761
10.1370107161301
8.87943444364003
9.07197928042566
8.03884728167384
8.41857494730421
7.85915666479779
8.73570323756842
10.3249102794591
9.83999505226416
9.71145431268271
9.3687833176752
9.98159101369965
7.25077973552048
8.7024908530504
9.92958595852182
9.45705449788564
6.71236417121765
7.28825901921697
9.69947494572625
9.06620309437282
9.33500895534137
5.92474686728535
8.9308783208206
9.45197281532494
10.0721348753335
9.13817310428571
8.17153170923269
8.67960550844786
6.80746523489659
9.58282075604268
8.72031287341383
10.5815596561782
9.04711969444243
10.4275523438867
9.59843305992639
6.87226645016951
6.22797576628113
8.35853003289092
8.31111737803027
10.158436056502
8.39296119112787
9.34514605504624
9.57855293444933
5.72065245279417
9.35421808090296
8.45765907926295
9.12507950577207
8.0771981463805
8.53138952930308
9.60177573725607
10.4502807355788
7.81982038599165
9.27386479243178
8.93447429184508
10.5752244880703
9.74332581472147
8.53346715352406
9.7677139264048
9.65774066039169
9.54310607278092
9.0816134692087
8.54034259573838
9.11077736400937
8.67776652729349
9.53458325522122
8.40440081240237
9.87043925047939
8.50489310842553
9.61639525445846
6.6393164740492
10.7596734173676
9.99882519400946
8.79636901765615
9.63899357438586
7.09601006292186
6.90739723267284
5.90511842011387
6.93818849358343
9.91204661650181
7.75451403989909
10.0046479249629
5.33903987218066
7.13091492780025
6.38812964587593
9.01581786538897
10.0019759265297
7.72675965687543
9.16220110569733
5.70338857986712
6.52278134798304
6.64969120988909
8.78941188729033
8.79327844581358
9.50207858591594
10.2688409241635
9.86884733061655
9.99754891295442
8.74692333840784
8.46285756235192
9.28581466252006
9.08805530901889
9.30300074653533
9.02062206710971
8.78890470347342
9.25415232457637
6.50279210681789
9.83535358824243
8.7179108197593
8.57703351597461
5.07850303337315
6.36083586912823
7.70453681448313
8.60687424919374
8.06227226815421
6.63795913072379
10.2345050402201
8.63402718988326
10.0763930937227
10.6387632226436
10.6316098720831
10.3197929141524
7.78807822119314
10.6561566981367
10.4234416989856
11.2347390235575
10.871964767264
12.201677235384
11.9475215465921
6.55888255125613
7.36750642478213
7.67042315242877
8.07275501686389
11.576201644596
9.70784362420409
9.873130949435
10.897202585832
8.47628398129644
11.6467352909626
10.0189763137246
9.62842595010905
9.50235745484654
9.815852771867
9.23991518406081
8.70980213258711
9.69508490333394
9.08818470205121
11.6440348958603
11.0965497980603
11.2783204000196
10.0750572841525
10.6769839770402
11.6113513534412
10.8940818085154
10.2950970374844
10.4266213214002
9.00930384665708
9.9346435140375
10.2972651618946
9.87941572402072
10.2064688852175
9.84472250301157
10.2622278614188
7.28060982060084
10.9977183732969
9.97740033316818
8.84983615366751
8.27489715953197
6.08322563432426
6.67390396275846
7.29496313341676
8.04128954400977
8.87104136080357
10.1479436631193
11.5155187821724
8.18716031011677
7.12836002140965
6.9208565251643
9.75464615967527
11.5053305584668
7.85065740955314
10.0935135333812
8.22974499991071
7.35545680080391
8.08511911207406
9.90839818737252
9.88434909189827
10.2786879858957
9.9272288908708
9.14928609301437
9.20671254050758
10.5668289808732
9.95456440640817
9.88135133826745
11.1438427734995
9.69208740637193
11.3238362150008
9.07164292368999
11.7642486088957
8.38361921482601
7.92276967238429
10.2288691067177
10.5419698462432
8.44157193682256
7.89154727868716
10.408614067882
10.1582676063501
9.99748491839434
6.83593082450311
9.15943145264013
10.5960579335973
10.6515886538365
11.4810130751407
8.87543388746481
8.98174944074377
7.11714112690861
9.29757488463585
8.73499384822328
9.54210562504513
8.93851521155089
10.2969719512158
10.2528150486975
6.08908602276964
4.39468934842866
6.48258267837362
6.44955489553858
7.77845206281155
9.83877648429888
8.74276455239469
8.11969998068534
4.94063319900506
8.60748242574719
8.92898124636715
9.26855441254291
8.46907615657907
9.00568497345608
8.38385070859914
8.47230454024423
7.82093496106907
7.65750763896543
9.3844911526183
9.29499029014155
9.153641231759
8.11790956896753
10.0350466781158
9.7323730303754
9.26652328889029
9.0386892270748
8.42371267013135
8.32400179333771
8.00213210966277
8.84286792236701
8.12962381098329
8.23048447266701
8.56480639243583
8.70383044870959
6.04611329263087
8.71953899962678
8.43991070581199
8.35448033418525
8.00195498062126
7.60776587649558
5.18414948072945
6.12413639068906
6.86941535408152
8.54730249941541
8.39197744617581
9.45205760125518
5.66963490543405
6.28140701383556
4.80438709150614
7.86163881595492
9.52126158386209
5.51009993731159
7.59248939733384
5.38203231051099
7.44808031517709
5.50481129123204
8.69957973053549
7.4720880853039
7.9667743877
8.37737127734236
7.74414050594967
9.60662590208545
9.45225068302549
8.12458909232451
9.0390083447388
8.67789857320037
8.37453802860843
9.68396669382396
6.71892329793218
9.03668845628142
6.41213239286449
7.88647500233861
9.55371147499152
8.04256447431629
6.11579763996773
6.94171859705504
8.64189306094256
10.0178230537586
7.91649570962463
7.06650494066915
9.18860017706069
9.16881461587921
10.5259368313694
10.2108177703106
