10.4523671787582
12.1741574307832
12.4934855640817
10.6326746603337
12.7162692962515
11.8420301380018
12.1715506413049
10.3898852628741
11.2494952151399
11.1481441479045
13.0903082850948
11.6463126691934
10.5557397493452
12.5385300703245
11.4374924586595
11.0468815406824
10.0973426512991
11.3698371463643
11.683088750174
10.5185348724455
9.30170897644369
11.4624448861676
11.0483891155961
10.5649637267718
10.6994678048507
10.0125830793157
11.0356494015215
12.2904089818225
15.4205768921246
11.0956540235958
12.2964745983191
10.2554791998152
12.6082659218107
11.8676076989661
11.1023391884378
10.8867740009971
10.8561722706747
13.7202284400397
12.8520229798694
10.1802868339474
12.8865277289482
10.1301554730417
8.90344559233571
13.6711154137721
9.55539798956941
10.6641354988364
11.8593680380033
10.519529026118
11.2581756212684
12.7053956247333
12.5022123104864
11.7350648182797
11.0153807336878
10.3920870127647
12.7543942826767
10.6942722349803
10.9354709305284
10.5732699299515
11.3822834159786
14.3443416623272
11.7428593218151
12.4699185102588
12.0797334970979
11.8268722086431
11.639405413619
12.2504801479038
12.2862359331274
14.4157884803151
15.4649049372761
10.8118241948915
11.1758686745051
11.3004651955448
11.2872469888648
11.558652802056
10.1427648697238
15.6806861191782
11.1198139601756
11.1373403876852
12.0868286833796
12.0745654206109
11.1711959227036
11.841825414271
9.48525173309982
11.4014784086634
11.4673059387434
11.083883837425
12.0213035616564
11.3744433524039
11.8014650098209
12.4558926706202
10.7449972825608
10.3446024732537
11.1769236669002
11.9257000549389
10.293316326271
13.4583081032605
13.4055677211318
12.2214310303771
13.4939761152282
12.5320853746001
12.5643897814439
13.6357533732801
8.40297446381187
10.1837042123535
8.78640789397885
9.55944044720922
9.21652097959817
10.077415563603
10.1380190706698
8.51488441204327
9.04460212379593
10.1541631491198
9.98189521557941
10.322573839779
9.18782330214472
9.32692832792998
10.3575180240631
10.8482665477224
9.5406524370479
9.16829687159845
9.39167694225112
8.77272785817906
9.46752222562348
9.54622967400201
8.83394726796451
9.73558447469772
8.108286938037
9.20734757267084
9.00968711179004
9.69625100025678
11.0147774986816
10.2161035503798
9.24874801974396
10.0286299790191
10.7567480799941
9.0391533285482
8.79332611871467
9.10071053801394
8.68243435880888
9.81455614379185
9.64116596463214
8.53875607201374
9.24788942515679
8.86834742211044
9.38994467184701
9.26406988756588
9.33852357172941
8.7806340305107
9.8357699330746
9.35305050654937
9.0068952781137
9.77422977863353
9.71969526602385
8.53829946348332
8.23501628351922
8.41082587915449
10.3124761674347
9.15632238238668
10.1703071271385
10.3585317875013
9.58974719874952
9.78384560859888
10.1312214271392
10.0930048001743
9.61324120040317
9.40601075028759
9.16851507251852
9.23855859921662
10.4621881245426
9.47883244592074
11.017186243503
9.52819576386351
9.23394805990309
10.2864106283314
9.43125582903735
8.28507422153601
9.12019221737604
11.2805118673254
9.31067062242293
10.6985376657224
10.066554351552
9.98120973794108
8.47098728483757
9.90459583415539
9.37707593169102
10.1851514254075
9.74598837796035
7.85863787367769
9.81706302600608
9.37720636549533
9.74598837796035
10.2663714917941
9.55892428878884
9.54846188725507
10.9558736823947
10.2945707154753
9.21885138510994
9.33930237531397
8.31918512516219
10.756869867759
8.76549822135214
9.58565340331185
9.587786600847
8.74720960934048
10.3809124962426
8.20279099104395
9.66539992069079
10.2625042362197
10.1299342993632
10.5530646425706
8.23026400768471
9.73503914674698
10.5704698625506
10.6451372114432
9.53822810080044
8.84368911778144
9.40896518730595
8.70100694623351
8.35631687403477
9.97882273060583
9.40441152060869
9.49249567010838
8.36761387903036
9.6447110751604
8.96393146786586
9.69176643091511
10.0185776325563
10.4500877903561
9.33612265293132
9.43113582380966
10.1911513959102
9.71404136623789
9.66150124297063
8.88565027227776
8.76308669805384
8.86964261613193
9.57206774692898
8.49954191023553
9.39007781985147
8.9489997613554
9.47060376260843
8.74209681630536
9.80817551522293
7.31148564685689
8.70152505962672
8.99677190749542
8.73974240623373
8.6205848770969
8.7245387160498
8.83789792937005
7.49624875032321
7.19529636080281
9.1283066329546
9.44464905192017
9.61800158716928
9.53451389011571
9.25180763704776
9.1041812595117
9.97936515165931
9.37366014500419
9.03266704239272
8.72493894954935
8.80727431966878
9.54127849889755
10.5381563787128
9.22006244328951
10.4391317556844
9.69732321244003
8.82287494030119
8.62400764265905
9.90415772904846
9.1451607479398
8.75973946774348
9.89125589028454
9.04250561042136
10.6869798299732
9.65388716845854
9.98533479460048
9.33107381124137
9.90872089081477
9.08309353328995
9.61983497181689
10.1257534578147
7.98022977501418
9.34528591367905
9.34618345648337
10.1257534578147
10.0740449590194
9.20670503851726
9.87041329851326
10.1053355131128
9.78848817090201
8.47069848325107
9.94758709249013
8.06230914796279
10.79500335941
9.40601023121282
9.82205035228056
9.66343656501085
9.99234204691485
10.2236914244892
8.52177080431597
9.63637356460418
10.2946300234872
10.5931943626359
10.4082461935984
9.7443279286533
9.73049502844719
10.7550610232157
10.9339389015418
9.79184588637459
9.54328686546407
9.79524364276833
8.7071644946714
9.84703031561658
9.94979637451921
9.23751396848172
9.79664172745392
8.98211305218079
8.94560667880409
9.46804833285519
10.1962588975532
10.8927174059618
10.4547220144523
9.36967057860041
9.75677128958071
10.6346879872743
9.27777179262074
9.45941978631915
8.91500639075748
8.82403876703966
9.72030324816329
9.36694850950245
8.72054239464412
9.45830045979832
9.00995183034123
9.59646552308547
9.19794184925737
9.850945068475
8.92167376394065
9.67947573169609
9.49465491478017
9.35566745808297
9.33598573214186
9.30686799123841
8.77748260235671
8.05929920411482
8.55243028738529
9.8985020085475
9.2425675952687
10.3221048047978
10.2382157984921
9.73135160698033
9.72061581712717
10.4745427648064
9.94049086835118
9.81077766304533
9.41793373637339
9.25476028540054
9.58733077918589
10.297698363552
9.49818376442428
11.4864942891044
9.61557851060893
9.37555246813388
10.2890892164337
9.66369971388772
8.66908842228056
8.65071887696998
10.9701477632973
8.96076090859025
10.7419986685098
9.66242297623398
9.55497600190273
8.85500148558212
9.47836209811706
8.92828014254646
9.844152331074
9.85713894708789
7.97956043253414
9.88262638951376
9.47188439030155
9.85713894708789
10.2142555593483
9.62060520160949
10.0610281605429
10.8729975721805
10.0772960599018
9.09792882625349
9.79726237561156
8.20457848866995
10.3821346979417
7.93223729028035
9.44792464896593
8.929063445975
9.21995847965465
9.14139141020856
7.28061183168976
8.81789552761223
9.62971394409334
9.69154551205784
9.88885211744877
8.2344895733496
9.21758995283918
9.97394284531183
10.4912763270827
9.27714845619525
8.27611442620173
8.98689830761048
7.9286998208716
8.4819129611008
9.4360648399083
9.03239436281543
8.84237136971796
8.32025631208559
7.94000085415703
7.81690424579541
8.61773001663439
10.4034118999784
9.1699622587639
8.58809724369208
8.22627422613713
9.32993862360845
8.67580319007718
9.66391446102111
7.40776148999509
8.37097761075714
10.3903756157859
8.93852286995747
7.40681332091935
8.44112087759409
8.5568906740587
8.20934913797437
9.81795659847596
8.40449603428341
8.11533638573408
9.05675793575607
8.75401338762866
8.30484401705546
8.66969922467916
8.48787622105193
7.67760933343988
8.01777671255698
7.91229096192124
9.08139322179768
9.06820861891656
9.54467006271201
9.63187422769235
8.16794115433651
10.2139451891409
9.51979662727511
8.9011668707869
8.89717783348216
8.57217659729498
8.53050821949213
9.17009292774216
9.12592648274895
10.1848765991976
10.7295526967448
8.27782456961216
8.87385044835164
9.94933681959447
8.38549956845341
8.48762008639139
8.28416737612809
10.664155031722
8.08327685996437
9.96415471438824
9.13272312264137
9.1525948513136
8.67353314969295
9.0759809475279
8.40825847237414
8.84817680611479
8.68216033021803
7.21258652884102
9.38090776046883
8.28043924666681
8.68216033021803
10.1778291535442
8.69450670779333
8.80362686764786
10.1092222557817
9.22526600874519
9.69522135851294
9.2720713917341
8.38740228324769
10.1417545987369
8.26169081135282
9.3030092616511
9.1158001850318
8.64963087869791
10.312349047522
8.29836792627707
9.16159251069146
10.1152644916238
9.51481903034111
10.4243243591546
7.63318175564794
9.36292313856384
10.0252987538026
10.8172989072391
9.60112948546857
8.73297072708386
8.75944055431066
8.43847997914625
8.21243281404741
9.60670672242268
8.7275490100445
9.39024609741806
7.69018669366532
9.76202187717034
8.93232394065282
9.33279826704868
10.1502524251098
10.2354858479528
9.05234097740716
9.55127230944563
10.2264016009472
9.54156754973654
8.85380316713536
9.12983615138733
8.70772750270505
9.19274258873919
9.40898310495351
8.52964185454824
8.8868432689147
8.89364056600661
9.50070370692115
8.85137936655856
9.53505255499705
7.5393352679697
9.39963409436609
8.78903946095612
8.37739493045022
8.88311184418415
9.30108645569443
8.70648950503641
7.98606066372244
6.9875639142635
9.42193109204793
9.21679943080736
9.57517637343186
9.94941410839349
9.14165392115103
9.57330313927486
9.71683818457205
9.57741872813694
9.0737490438231
9.08362413593324
8.57942469855597
9.27875153181029
10.4146932704201
8.93781133813462
10.0029684039688
9.4739377478473
8.53301009564504
8.66594420047029
9.62208644645025
8.35757984667802
9.58273166710514
10.2493763651827
9.16190372430169
10.7492917463161
9.86161961499785
10.3606406481806
8.54349290997959
10.2834454603314
9.90608573265162
10.1234947437338
9.76137687037303
7.517191064383
9.17091958229598
9.24803186677824
9.76137687037303
9.60548775405704
9.53013159486318
9.3246775149644
10.5414904398275
10.0504504631884
8.18805434159031
9.06511217408113
8.41317044770903
10.2335113662877
8.95699734176144
9.82205035228057
9.19145014919565
9.97169316059683
10.2242642835518
8.61734773954908
9.1873606751528
10.1428296313592
10.0064208893449
10.3697255265833
9.13512608563548
9.41317354081199
10.4170576862062
10.8430670717004
9.62689764992991
9.43171647086371
9.34623075331696
8.49943204813209
9.73013213069481
9.63247488688401
8.78850107903035
9.99819437976905
8.40226459745833
9.29359278555285
9.24092038596476
9.83729073368674
11.0674242725423
10.2126299854809
9.1619381320611
10.1148751919011
10.7247327128592
9.1052979761194
8.87957133159669
9.19301929816248
8.76867957169087
9.76075907910979
9.48650800918774
8.76276192993789
9.00986042940949
8.95459263499244
9.62384025720584
9.32847910794747
9.61068184791299
8.890289400328
10.0126500321517
9.28692246824085
8.96418512945652
9.59851269922912
9.60077158922229
8.70086869857101
8.32126149640123
8.34469784084598
10.1373319470929
9.2425675952687
10.074007853607
10.3704718751092
9.67599241163154
9.96130679171401
10.1907610892822
10.1275414655162
9.6240100433629
9.54876930164446
9.2747312289646
9.32480381209864
10.387743089137
9.44140402104465
11.1015149394461
9.47040548599161
9.05823098049868
10.0483816325841
9.60947805240232
7.93630204156673
9.21655522582966
11.2353575466709
9.13495354301851
10.7606815168343
9.92494994332124
9.87548733493489
8.1222151048683
9.79829214708568
9.43598326700416
10.0983415377247
9.71196592247057
7.71703346544688
9.69614046714962
9.37373280059641
9.71196592247057
10.0283424960468
9.66138761629465
9.7431419981069
11.0064077919236
10.1141235331005
9.09792882625349
9.14263707831535
