14.9641644879194
16.092883075277
15.1588979463206
14.8857306383909
9.01392925528543
15.3401947730719
13.590336085278
11.1852575883017
15.5224098565721
15.7969210080278
13.1303487436797
12.04801024474
13.7406280168187
15.6845250463009
14.46427998044
16.0571831382555
16.1646732995417
14.9786552398689
16.0672471443711
14.3081550618435
15.6002755362826
14.9494081605169
13.5566065945559
8.45625608222763
15.6894308467416
13.6021401892271
13.7170124859348
12.909706890826
11.6350144557485
11.7425046170347
13.4491164332696
14.7595429358157
13.5492927608327
11.0773412826907
15.3899130159395
8.90186375843201
14.2838606533305
15.2997189463826
13.0245791875337
12.1247609775738
12.4349379154358
14.1436513334822
13.5964013362878
9.96446199275052
13.1842632891191
13.6058540557684
14.0132582170306
13.5242611689779
15.9942592229484
12.9071035254692
12.7022306259192
13.4251681279828
12.1961974353374
11.8265596350797
14.6985357199708
13.7631048276594
14.5142397466303
14.8996554510298
15.3770702667759
14.9744341477637
14.5742000746014
14.3805056879671
14.2147932715266
14.837575333323
15.4088409366614
14.8685514905223
11.9893302392314
13.8227820420807
10.8086126982505
12.5873583292115
14.0377012709104
12.0813251386297
13.8971764651401
9.45953693148982
14.652132489046
10.8467139290588
13.6302971096482
13.6305541522786
13.8629662854898
13.7454264489863
14.4007635632035
14.4349737428539
13.8000897747011
14.4498393180791
13.8278898187961
13.8306947086226
14.3217194256466
10.187707210961
18.4666861739632
6.65553451831839
5.00400273442089
8.15093194643597
7.11851352363708
13.3255873490821
11.6985474432692
12.6149753243668
13.5899259356142
11.5730802678992
11.3119987384179
13.3152808640311
16.6280546445122
11.7022362281304
7.17112244537879
11.998056257207
11.521013779056
11.521013779056
6.73861797268607
11.7972663699164
11.196781683227
7.18151013933932
9.415361074819
11.9315701998538
13.7411006518596
11.3119987384179
13.8117079952834
13.8117079952834
13.4048405019074
12.9910995704639
12.9910995704639
11.9315701998538
7.10105385347034
11.9178392804879
13.4066128732415
7.57171761875689
13.9584784070247
10.9273101832132
7.48206672923933
13.4048405019074
13.5806615664064
13.3828326758594
11.0380025315755
11.7754423804043
14.7074695486417
12.3074673241573
11.6756288604315
11.3276193564161
10.417659492802
7.16936055012857
13.097903108866
13.6426568980189
13.3668850444192
13.9890026083101
16.6280546445122
11.8754711573442
11.9773489955108
11.5095352489197
8.4380250197755
6.08709176006332
8.2638319980457
8.8371278363654
8.98480888630285
10.3100137970168
6.55348306301723
11.5730802678992
10.7208595569233
13.1714756935516
13.7221483574071
14.5418318958746
13.6426568980189
11.7413627906654
13.9890026083101
11.905552930635
13.5429651042472
11.7084394323664
13.1952558909337
12.0761546084131
10.7642772105343
12.2450590910939
10.7642772105343
11.6074327622379
11.267926601779
10.9278794081354
11.2105442965366
12.5820069918754
10.2246950677085
8.7198697754577
14.9204130904259
