2.7361901043471
4.82873718973428
3.77988141618668
6.09909984067369
5.34034116201596
4.31737281269206
6.7983304601973
7.13636500788872
5.25170145792831
5.89733267655465
5.24520600379492
5.65100997013715
6.12759950237861
7.52485599265994
5.04039228927121
5.61615849892307
5.99067105409014
7.29988812423615
5.18139986118842
6.64408968505674
4.79307303365641
6.02952216008421
5.62596999413277
4.86662758516193
6.08414806817538
4.2567205729034
5.24325842211675
6.51834131367722
4.72879772848457
5.55361481149134
6.0534939337952
5.65471969128676
6.08541583927076
5.6791800602374
4.50542201900479
4.11552362596863
5.10502233574497
6.0318194742142
6.74117165135529
7.37373007557968
3.9845989348451
3.3773499217256
4.26934094320288
6.45723668890559
5.12918930082597
5.57331169263293
4.46539043353947
3.99048608564867
5.60240565237197
6.68485566505016
5.65691546942009
5.45522391778378
5.89814163433668
7.83989192140323
6.51607965915884
7.60875529820058
7.81777281296431
5.16100317478807
5.21213543091533
6.85254484341723
7.75952751077141
5.83666830148714
7.24583305236137
7.04402116127822
7.78495198320827
6.2304412610134
4.12248885167237
5.06285065356695
6.57746081352887
7.25744644627305
3.36949668131197
5.7040069016463
7.50158257505959
7.1151830537034
6.46929359411519
3.75933160479717
4.3756068150768
3.68624130269429
4.5532215442621
1.96289655783136
6.10058697274432
6.27079640281955
3.75584768281016
3.83952242856803
5.52835435896289
4.07993585967264
6.55846384503828
5.7096465353662
5.878867667312
5.45924258013467
5.16888072594084
5.11966779730677
4.89354507225858
4.09809532980453
3.11250948487287
2.84413880084664
4.35677220995838
6.46017686215217
6.85589059242497
5.35374808068201
2.50780535445434
4.27011639868521
5.09701256124965
7.01172737982494
4.44256870141452
3.04477985713075
6.89634365772525
6.14073567548089
5.71086642893021
3.99051809778968
4.45492499150249
3.95380966533109
5.1361375194752
2.82600818485677
4.9435734502066
5.07696676296623
4.81258208041843
4.74572932964625
2.6854207422973
3.62762318485676
3.40112098163712
5.53477029951661
5.72941360007554
7.19487300296486
5.08624832793221
1.83422185676754
4.64013330101106
5.10759816435506
6.39651513710421
5.2949401320485
6.22512602545991
5.0148518203498
6.04992938302276
4.02202973450676
4.70272666316503
5.42848837803863
4.05747645856045
6.31255250711173
5.70146966083829
6.33602540578683
6.06134683319687
5.99620749743309
5.24337453562199
4.37569381041976
5.2249056857854
4.12312767739769
2.56138239511974
2.72672970900097
6.12688961468727
7.26270648815763
6.06085370293069
4.97410013496054
5.11235214916393
7.12179434231938
4.32419001771824
3.82150352468286
4.42303637589292
7.40407413742355
6.16566303040484
5.37257092469357
6.20138621925635
7.00052383329695
5.22853542909002
5.63074035523049
5.45565459860997
5.70632225397931
6.07605959983612
3.6538236699485
3.34569284464873
5.19663553699239
4.36241034897771
7.06304774554279
6.82540087086553
3.87125525222062
5.14718680799118
3.77029458799687
5.55638511067128
4.10455113360699
4.88287005932515
4.23655449151053
4.02718637057819
4.70535600402753
5.05686883204784
6.74227560633523
5.13963587585191
6.36404035985773
6.5199782386497
4.97279600519794
6.0159247403393
7.46610614300821
3.83681147011578
5.1788653820864
5.41816261606275
6.18837515669427
6.79668356819472
7.94611628585133
5.95956666292696
5.33942003413263
5.87470024903245
5.70876783260503
6.63795933071161
5.89435191538957
4.90443004449217
3.6177475086028
4.1305234558111
4.60672640559686
3.06888074709482
6.02679647218368
6.71350206343156
4.79781411398455
4.20871915738091
1.6557909441084
4.46859153851998
5.36624824228192
6.41013557276574
5.51078309166503
5.55207975070386
5.78183439702191
4.73485965531271
3.7888804138989
3.99723010877918
4.38313147108356
5.39731970172294
5.29948308140848
6.11345000243402
6.77317789275376
5.57734435127745
3.06064665765907
5.16021695342506
5.21679730107595
4.51707235201007
4.12248885167238
2.86584933874732
