9.78250897658254
10.261868269236
10.2075204336159
10.5857951960438
9.25670302682286
10.5857951960438
10.7056286744173
11.074684310156
9.46433352966769
10.0501975660785
9.97920502163002
10.1788579235087
10.2648762843499
8.94948673729355
8.97147058401015
9.79212595443017
9.88382655341277
10.9998523037766
11.0097391605917
11.5007800253535
11.2742449472114
9.9572326479641
11.7616110987978
9.2465136614108
9.60643361480858
10.2465472951048
11.4132201691166
11.7616110987978
9.37558245249105
10.352690403201
10.4902357296937
9.85034622627247
10.2226675594154
9.36603023923267
10.7723428657212
10.300562753231
11.1359589751984
10.0644758336425
10.585788410259
9.95522730444107
10.7893670919625
10.7443693195117
8.7527793552668
10.495039458206
12.0174863423583
12.1485604769616
9.85188247801079
12.1485604769616
9.18087774939372
9.97153034110065
9.71166860845941
10.8333868245483
10.2648762843499
9.4687241201784
10.8756026423298
8.72463564898256
11.3782947341999
10.6406369785339
11.4199281977804
11.7432238083365
11.2970557685069
11.9995730497304
10.0501975660785
8.72463564898256
11.74991817208
12.32956302403
9.91059087774369
11.017705356089
11.6817825724219
11.4552474942798
10.8756026423298
9.76052260134374
11.5887670617346
10.4226870602481
10.9981204774163
10.6202585734793
10.2648762843499
12.3961588912509
10.6724348612055
10.614532089823
10.9937764910656
8.65263365945911
10.6724348612055
9.25942625140917
10.5635259606581
12.3961588912509
10.2537419725983
9.38213589049667
12.28393375692
9.0163096691703
8.69717359217464
10.6883941731374
10.5635259606581
11.6459243358288
11.4378414904083
8.53933842082081
8.76111683498097
9.21195144564975
8.62862598502081
7.56087392579234
6.88941173521972
6.99257347238854
5.17689614393738
5.00709367861653
7.8586682115637
8.8067975113481
7.63885905249059
6.63279485177899
7.112578487572
8.12833189304157
6.18634840328915
5.60865389652079
6.9276087737544
6.57824019809458
7.19636579740652
7.52391877537785
7.35847675126167
7.88698338905533
7.42092922513196
5.4537308347895
8.38533722276583
4.58782668713158
6.4774081189909
6.81468636629843
9.25509294956843
9.74137471445044
6.62452211786265
8.31944200390022
7.08518714043978
8.27170843194942
6.81448035778186
6.72166168065277
9.22883993506749
6.75780630843354
9.45794345831317
5.34384139329853
7.48445961357037
7.20416696981266
7.10783437859831
7.53569624709649
5.29743577238263
6.87111516771348
9.47703160472957
9.52331352449764
5.96405914098741
8.16727603281303
5.78215986397242
5.53998070927082
6.19386331824206
6.50336156623796
6.49743844204275
6.09894255788183
6.52295245108512
6.55748237420445
8.87366865945317
7.76735814399546
7.36923921827331
7.25864542604605
6.79259126212269
8.17108314873421
5.42370769774155
5.97783752225444
7.85342594276662
8.43307079471663
5.92589743653975
8.16157737206895
8.14963953857937
7.68224215498515
7.10259730303513
5.78215986397242
8.71744132075913
6.85853284185228
7.12117327860462
8.59014878655814
5.91779359009273
8.89497556148836
8.58869032657946
7.69131004940751
8.00809274331693
6.6887539558502
8.58869032657946
5.67940146094396
6.79500245341387
8.89497556148836
6.27647679861107
5.88300374852787
8.9466157404681
6.30773942395323
5.01838056370414
8.29079657836583
6.21535760146386
9.63230111547807
7.54134926109495
8.03142653747512
8.72220655494492
7.22681870837383
7.84438826103058
6.49714997637376
6.34048155576236
7.24136700326573
7.27414607148387
7.90583072589406
8.37133663758976
7.73280131008311
8.00888594022535
5.83915135538717
4.07600245665657
5.53529464868902
5.97790213816933
6.80887137583181
6.9235807154526
7.22520862360547
6.35433194919111
5.97716874551044
3.87570990372812
7.04457059336838
3.77355970696057
6.90070368252543
5.37092588667691
7.7224415097042
8.26501145522729
5.09187067799843
7.72224255635454
6.27092016026877
6.88253291926361
6.00335198999041
6.33416725907805
8.66086883956254
5.42370769774156
7.98003312235357
4.99664434539656
5.95649386282216
5.67151552994844
6.98296140617446
8.09742884251545
5.42475232380747
5.33846372784925
8.86889791759801
7.99534777374942
6.42357368160913
6.63931028206481
6.23862638798624
5.75059590527288
6.3211798696669
6.74925205518924
6.29635840590904
6.55540908189566
5.70868547091411
6.63252258286325
9.09772855512179
7.63419268332307
7.29562101435246
7.12537729838984
6.44539421422071
8.34828123785091
7.15125504388169
6.05287773091323
7.28545484726167
7.86509969921168
5.11163045636873
7.54427616377098
7.55244009103368
6.86797517481413
6.28833032286412
6.23862638798624
8.95608178641717
6.29056174634733
7.95291177311805
7.98981072663289
5.71671355395902
8.75391180662584
8.78506894694379
7.5580419217513
7.87482461566072
5.31536641577014
8.78506894694379
5.54613333328774
5.98073547324287
8.75391180662584
6.17557563537517
6.37019956445388
9.11799997128062
4.77508798408901
5.47789510432587
7.72282548286087
5.40109062129285
9.03510166793238
6.97337816559
7.41144363588698
8.85680778960499
6.39476604955373
8.52009930233213
7.1116651974575
6.94186273213664
8.40251945872588
7.97892756820849
7.06538291184163
8.5675639052991
8.40851235138466
8.67218314020374
4.45535475567814
4.78078395338117
7.33679557455293
5.36708675774761
6.64349761542939
6.2240911039734
5.42370769774156
6.428519670988
6.09461125423137
5.39183301859035
7.15779329829103
5.05007552920117
6.07656460103734
5.46516895214395
8.42722300642882
8.36688045232847
5.16605839979532
7.00961890016588
5.49569235034546
6.9567206410605
5.21895665890069
6.17796101984205
8.04088593797439
7.22520862360547
8.05422084415046
3.61284774568752
6.05836285992333
5.74570325174534
5.18146048031056
7.56098631698384
4.47988888685065
6.04324522457387
8.1168695509286
8.0972167708506
5.44600524641525
6.741179279166
5.04659050665431
5.26577778819836
5.37631643271009
5.08420424027432
5.1654842864412
5.36337320056374
4.95197141512868
6.15663885625089
7.45451133348953
6.82670993835618
5.49412008848856
5.32387637252594
5.08479705776556
6.76327953059204
7.30422776043132
5.57699400430087
6.65166164605599
7.21069155739641
4.33640264644543
8.70542861923112
6.89803194921841
6.11126111902871
5.5316162670787
5.04659050665431
7.98187196344102
5.6797463659256
7.21231747896612
7.27718707044423
4.58583943449119
6.99257347238854
7.14185172531153
5.7565409958874
6.07332368979682
6.02014791249475
7.14185172531153
3.74463240742384
5.22870710657345
6.99257347238854
4.37407470951126
5.39263112926
8.17612539003569
4.84927570588589
4.50032666913198
7.01020182667222
4.64906225462344
8.41511876634423
6.2738885541108
