2.78247610797464
3.33903149155529
2.68329568058308
3.63273339089108
3.43821191894685
3.87008330928824
2.62611553465777
2.68329568058308
3.87008330928824
3.33903149155529
1.52501234118661
0.655735810972224
0
2.37526962410305
2.18074815215882
1.18678762870518
1.36865176786974
2.40611681618925
1.66235366720553
1.18678762870518
1.36865176786975
3.06185262716146
0
2.37526962410305
2.18074815215882
0
0.655735810972224
1.8997035856027
1.52501234118661
1.66235366720553
0.712915956897525
