6.04454872050823
6.99745844572625
5.42440117537174
5.79435171759469
5.01657645947086
6.5903225054678
4.68732394744374
6.99745844572625
6.77969645668919
4.06101072969808
5.97017496033131
5.99979526696178
5.26609847968341
6.99745844572625
6.11136177162071
5.99979526696178
5.25487564048195
6.99745844572625
3.77641850778575
1.80646565533858
1.97330286716363
2.43421376606783
2.96890120645624
3.12253661471807
1.90206411912126
2.41020726382441
3.47790492760051
1.27439163683513
1.31942097409596
1.55265440977085
4.3280175648631
0
2.95908503291461
1.97330286716363
3.52050026353358
3.67413567179542
2.56304612370087
0.603741608485798
2.27961612226398
2.93644771602811
1.78033187300016
2.21363641435045
1.3695612586778
4.3314686149674
3.68313911306282
4.05308965528577
3.32003640768769
0.715679365610121
3.80266752412971
4.05654070539008
4.71042259845776
2.05540280129286
3.02925721999515
2.38208809650357
3.42728546598972
2.21363641435045
2.74680418207915
1.9425232392211
3.68109254657993
2.77340357292203
1.42057942762611
1.93270384283843
2.58658573590612
1.96818847243572
2.09292228901148
0
2.44596403770702
3.45794834216908
2.59319123372293
3.03596998957126
2.71568822486473
1.79208214463934
3.0492377417288
2.96659282605018
4.2257041810897
1.19386491078381
1.93930934065526
2.54232350952325
4.05308965528577
0.603741608485798
2.38024409779172
1.3695612586778
3.52050026353358
3.3992077622181
2.56304612370087
0
1.78398262188627
2.93644771602811
1.20149093787725
1.93270384283843
