0.579644851950036
0.579644851950036
0.579644851950036
0
0.579644851950036
2.03276709811462
2.61241195006464
0.579644851950036
2.61241195006464
2.61241195006464
2.03276709811462
2.03276709811462
0.579644851950036
2.03276709811462
2.61241195006464
0
0
0.579644851950036
0.579644851950036
0.579644851950036
0.579644851950036
1.41762803836053
2.31753485041542
2.21429478244339
2.19041721629369
1.78091797201916
3.60834058085468
4.59549323111139
2.07369829365012
3.26242494108816
4.224041116131
2.7910039553356
3.17496377043046
1.58308471516628
2.97713051357758
3.99533922790514
0.771849108116967
1.66602976516344
1.94972064374644
0
2.35476303222558
1.32768482243713
3.03884085025113
3.58993714076627
0.548265017279931
3.46161633406596
3.21848502578588
4.15660559813463
3.72791467703715
1.72774010183699
3.67005091752824
2.49057583297118
2.12060118461712
1.76926983313547
0.548265017279938
1.40145562646649
1.22942136909749
0.8602670765478
3.7897635296345
2.62346716750879
1.11319957784588
3.2633817388613
1.94231081569123
4.24287155945262
3.350842909519
1.98233986026604
3.82238274615408
3.03853628688308
1.86933594045
1.32011412539691
1.32107092317005
2.12060118461712
2.33415145907846
1.19272803071308
4.0230194211719
4.2764622747697
1.97214783587027
2.49057583297118
3.81164675614125
3.26242494108816
3.13503884640433
0.941126100060067
3.39180935389478
3.82005719570044
0.548265017279938
1.78091797201916
0.8602670765478
1.87594983971707
1.90602927883441
0.548265017279938
3.74586373608231
3.84834009452566
1.72331344772318
3.13503884640433
3.350842909519
3.72322878771041
2.49057583297118
0.941126100060067
3.39180935389478
3.54290151061085
1.19272803071308
