4.69840290281171
3.22092329635606
3.88589277578332
2.61711410507805
3.43047182644703
5.29506067843286
4.15923113401527
0
3.28923500016217
4.37904782462315
2.72479343720119
4.25858647129418
3.73884352322069
2.62791573540546
4.56630137086462
2.34827525623579
1.35400444944359
2.99881344346918
3.66375254684111
2.20846552474162
5.10780713219139
3.60088708382531
5.53607943979573
3.21780305161469
2.97354364930464
2.50695306595462
3.2210489470429
2.53167660130297
3.8532757316833
0.793016116844683
5.36829213559589
3.39187072433056
3.47637334991281
3.3276139150541
3.50052333072358
4.21703886963016
3.39467482946053
2.17734774509178
4.93401100446126
3.09703790768667
3.96964359524347
3.53072865780012
4.13917020091736
3.71035056675057
4.44241598219522
3.69448143121576
4.25360240937997
2.65448822397046
3.71035056675057
5.03985950572431
2.22072418851279
4.65891314899084
5.50496166014589
1.66925655067435
3.42093185225016
5.76861881329255
4.58298143361068
2.04067822054177
4.50649898956301
3.48827956206192
2.47218005743257
3.84152951013575
4.11225914908681
2.59885460748586
3.29415475351909
2.46053012347828
2.25416154627379
1.28564466320934
2.13479193050378
3.13714953685983
5.26244363433284
1.35400444944359
3.58770256307892
4.99687046572846
3.18830625225604
4.80732013222748
4.63953282802765
3.65036382243363
3.2210489470429
3.90085000842025
3.40830249328437
3.7950015071572
3.3100238890539
2.53246316467141
3.07084837009941
3.3100238890539
2.46053012347828
2.53167660130297
3.42093185225016
2.86085680117495
3.30340648489116
2.77618711148161
4.07294930080505
4.80170860837329
2.31444469089317
2.8975097918741
3.97720408547782
3.46195135483508
3.65036382243362
3.60069163437709
2.86261082150781
2.87193232680885
4.63282690064923
6.09420875432891
2.76406847543591
3.31223460605056
4.30872001014111
4.20800436441405
5.03747931770935
1.19588311245757
2.34266902673685
3.52758030093507
6.10428688130991
3.08487670113686
2.17056005870528
3.61378900102089
4.74880727944244
1.63858671225578
1.5435053424305
5.69654512040674
3.99509159858316
5.32166438205401
4.04046428672946
3.1806219164641
4.11225914908681
3.43267079337471
4.74913647987102
2.98304700883197
3.59601489482566
4.60739779578067
4.87651746826912
2.21174554852063
4.43396778455291
6.49453543202558
2.44922898054639
4.11580277351462
5.81773627507791
6.0968717981034
5.12889879367313
3.78103732045081
5.05702158032341
4.9278232347301
5.03315357834589
4.33822256922567
3.30016058946294
3.34140244880533
5.72199105975067
4.56542655805737
4.579456707654
4.20343827957246
4.06794938504397
4.29918349489969
3.5384688001452
2.74295053530004
3.54781758612583
5.41740959738124
2.74383331196993
4.72857211597647
3.46123060517245
4.15960460181865
5.02794280246793
4.87204059751126
3.9108543897152
4.77247854140548
3.94797401851
4.9677858128385
2.4199072217096
4.65669490262675
2.97602489292769
3.19257431984278
3.92133362741102
0.83161721896116
2.24726558535945
3.09682910451554
2.97602489292769
3.2210489470429
3.88245969439301
1.35400444944358
3.15370038682477
3.90214541727799
5.36352727095767
2.01000031107215
2.53238754155457
3.57803852676987
3.75763522878963
4.30679783433811
1.17146290736643
2.79876135094255
1.91844601240456
5.46799964329161
3.08990891977101
1.80362823398633
3.57803852676987
4.02419153880395
0
1.28564466320934
4.24317007220001
3.56577672319244
4.59704864141551
3.30978280335822
3.18565413509824
3.65926331412591
2.67860262901094
4.22178644956475
1.50021953689996
3.86163102855516
3.16845403976781
3.44834837306148
2.24726558535945
4.39821731030188
5.76385394865434
2.38402608257008
2.78816159477326
5.09312053443941
4.64349674989667
4.39821731030188
3.0209034133543
4.3468371318788
4.49850835933937
4.30247209497466
4.30247209497466
3.56577672319244
2.61254023744065
4.99737531911218
3.96654468688424
3.97962279018509
2.75006323136573
3.49302714199651
2.84580844669297
2.18562166840475
4.29493335078527
2.93050400655767
4.69279385674275
1.98369940487342
3.99789063260522
2.53167660130297
3.55977068434974
3.57456775426121
3.41866554930453
3.63729875464826
4.8311223125074
4.02437762541521
3.51441076463177
2.52546735681003
3.94651045418213
5.17781609430412
3.89241951844284
4.62117882601108
2.50968232604772
4.10528150345619
3.79404760377913
4.83404081102443
3.90085000842025
6.00494731653608
4.24367138832187
5.27618800896784
4.06963143132574
5.02234730998533
1.33129923393673
3.06528829621089
4.71344010825245
4.43743629016697
5.44219941582068
3.36587366618203
4.97691992860531
4.97243069589011
4.62202063228866
5.2843196785866
2.9549707140358
5.09659130694808
3.34549046166854
3.07892930670761
2.9549707140358
5.05041961267592
3.35667504297369
3.04753199766947
2.94054544606083
5.38006489391384
4.27184467999758
1.12908598526489
4.27184467999758
2.30746907737588
3.73982624166934
2.53238754155457
3.92133362741102
4.44905678673588
3.60332417136752
4.62202063228866
2.26222129568426
3.26114684912281
2.0141912277318
4.65009293497926
3.16450201715218
1.91844601240455
1.35400444944359
2.62791573540546
2.94054544606083
3.42564867747043
3.73982624166934
0.728759307568229
1.91844601240456
2.08276375701183
2.75638442884101
4.42812833845229
3.54308537242934
4.52387355377953
3.78324597345171
6.48934410960087
3.54308537242934
3.1432772129967
2.31877269010123
4.29358800241709
4.03923989328593
3.17623653467636
5.25263286134777
4.22591508978045
2.86085680117495
5.0051718309843
4.15440798503867
4.32166030510768
4.67899454555925
2.48309043470849
3.42564867747043
2.01419122773179
2.74295053530003
2.01000031107215
2.21178613849259
1.91844601240456
2.94054544606083
3.40830249328436
4.33208347893576
2.53238754155457
3.60332417136752
4.08939896351945
4.91390348641493
0.831617218961153
1.35400444944358
3.76529207301133
3.94488877503109
4.49405138057957
1.62108669190918
3.24838513548529
3.09682910451554
5.01837585874887
3.53953270431375
1.35400444944358
4.02766231131261
2.84580844669296
1.17838309211098
1.35400444944358
5.42155316431099
3.7530302694339
3.41866554930453
3.49703634959969
3.63527791964098
3.77216266502201
1.50021953689996
3.77216266502201
2.67860262901094
4.31125481309791
4.3468371318788
4.62673146517246
2.69688936990219
4.84784109484464
5.3142301641116
2.83364986711283
3.96654468688424
3.91473744232843
5.82187984200765
4.58547085654336
2.57127962881155
3.16845403976781
4.04888457479663
4.48972564121612
4.7520958795174
4.01540050773518
1.43415714532967
3.8189922270012
2.78816159477326
2.80123969807412
3.92844632347672
3.04340335745377
4.02419153880395
3.36400476051574
4.74455713532802
3.04340335745377
3.51441076463176
2.17095295111488
4.18514417884669
3.63729875464826
2.38138759223876
4.75295084637219
4.59704864141551
2.53167660130297
5.28074609705015
4.47400140995795
4.69279385674275
2.97509114135277
2.76812736207115
4.72819230976138
5.07080261055382
5.79956191812206
1.33129923393673
3.99943300219314
4.97243069589011
4.72819230976138
3.7950015071572
5.55532353199333
3.06528829621088
4.82656422442508
4.1051108781926
5.47197109452807
2.50968232604772
4.24367138832187
4.64696752240533
4.33158778890392
5.37572682997358
2.91624988163928
4.52729614406256
3.79404760377912
5.0716444168314
4.83469589404386
3.40459449857854
4.64696752240533
4.52387355377953
1.90054621459662
2.84912221277275
3.87203652056494
3.2902024571266
4.22591508978045
2.97602489292769
4.9304411093711
4.25360240937997
2.30746907737588
4.72146846454033
1.12908598526489
3.2902024571266
1.35400444944358
2.74295053530004
3.99943300219314
3.15370038682477
5.0716444168314
1.81259751114151
2.08276375701182
3.19257431984278
3.47170984286828
3.15370038682477
2.36806979694731
2.53238754155457
3.07753951994821
2.97602489292769
2.97602489292769
3.2902024571266
1.90714239967922
3.09682910451554
3.26114684912281
3.934767520952
3.2497452463413
3.99270915697209
3.34549046166854
2.60486288134073
6.03972032505812
3.53900758732298
4.32166030510768
2.21292418883818
4.22711541656999
2.86085680117495
4.35461962678734
4.07424976923678
3.04753199766946
4.03923989328593
4.55554804644155
3.70478420049593
3.1432772129967
4.2293707610165
3.66147352681947
3.39372092608246
4.44751441714797
5.17627372471621
1.72132916657214
3.35251218507361
4.35176920182073
3.95783731810097
3.3100238890539
4.22085214831441
3.23717593785073
3.49209284074617
2.79468644623422
4.31813973322956
2.17095295111488
3.68679972239347
4.03904307496505
3.79121229512693
4.76780238253328
1.58177849796036
3.20907694153648
3.90214541727799
5.07544388850095
3.50022451036494
2.59486359150218
3.16280264113539
4.18514417884668
1.98369940487342
2.03939130569639
3.9616540597553
3.3100238890539
3.58677332140257
3.08077663747373
3.59596972569218
3.69546707979969
1.73526844775208
4.23304559201645
1.28564466320934
2.75638442884101
3.46640072181549
3.73552039430395
2.66496161851422
3.1432772129967
5.44722571849447
1.12908598526489
2.97480569954945
4.67673920111273
4.95587472413823
4.01951764682637
2.70427518319442
3.91602450635824
4.12197456480648
3.92377243149913
3.04753199766946
2.46053012347828
2.17095295111488
4.5809939857855
3.42442948409219
2.72103059528045
3.63977517897671
3.50428628444821
3.73552039430395
2.97480569954945
4.70524894137921
3.08077663747373
3.68251853672981
0.876240433829647
2.89043166156146
3.19893411255721
3.86964200868404
4.46427970187219
3.13714953685982
3.64855789709996
3.67392309154011
2.84941856864464
3.23289475218706
2.93578294740396
2.92180384197531
2.75006323136573
4.24400822941183
4.97276753698007
1.28564466320934
2.72479343720119
4.1482630140846
3.28923500016217
2.53246316467141
3.57456775426121
3.0336697501146
2.84580844669297
3.69546707979969
5.11016083865336
1.73526844775208
3.48329353465734
3.63373042759286
2.89043166156146
4.36248973516109
1.51353451562139
2.81455467679555
3.69863922954186
5.01889249408399
3.43198052802597
2.00766631854181
3.09455865879642
3.68251853672981
1.78019321713728
1.3707889877576
4.67778025457878
3.21875554448452
4.30289951622605
3.02326100011794
3.5277257433532
2.79468644623422
2.38445350382147
3.49363521033408
1.93482971927873
2.7874220380949
3.58863292995271
3.85775260244116
2.18562166840475
3.34549046166854
5.51048751635003
1.33129923393673
3.09703790768667
4.79897140924995
5.07810693227544
4.19153897282359
2.76753698104998
4.03825671449545
4.10479908580546
4.09579375749635
3.2497452463413
2.49156773273217
2.2931851592521
4.70322619392271
3.54666169222941
3.65200315152054
3.13714953685983
2.9291936473731
3.23289475218706
2.47218005743257
4.24183266286207
2.23024488327324
4.39864473155328
1.77702106739511
3.79121229512693
2.27140681073771
3.76515608276376
3.9616540597553
3.8532757316833
2.72103059528046
3.53596665214473
2.71146212924925
3.94902094701054
2.78144234079258
3.63793003679879
1.91844601240456
3.68251853672981
4.41127784429805
1.78019321713728
2.23024488327324
3.58677332140257
2.79468644623422
3.07084837009941
2.74295053530004
2.47218005743257
2.0141912277318
3.95783731810097
5.41921917178065
2.22981700168003
2.92180384197531
3.63373042759286
3.38498021548941
4.36248973516109
1.19588311245757
2.34266902673685
3.13714953685983
5.32795082721128
3.08487670113686
1.57518919792951
3.09455865879642
4.24400822941183
1.28564466320934
0.876240433829647
5.19174607037613
3.4811257827858
4.8168653320234
3.30212741057062
3.1806219164641
3.28923500016217
2.89841931961882
3.92611233094638
2.44879553507608
3.20156637577078
4.10259874575007
4.37171841823851
1.35400444944358
3.91473744232843
5.81954584947732
1.90054621459662
3.61100372348402
5.3129372250473
5.59207274807279
4.45390921112487
3.07659531417728
4.55222253029281
4.41385741893274
4.35816399579764
3.81899222700119
2.90571207040805
2.80715097504945
5.21719200972007
4.06062750802676
4.18500818859911
3.69863922954186
3.3616707679854
3.79438444486909
3.0336697501146
3.60069163437709
2.72479343720119
4.91261054735063
2.03939130569639
4.0535825334282
3.06678208611757
3.76515608276376
4.52314375243733
4.36724154748065
3.51640587066031
4.17710768062972
3.35260315773424
4.46298676280789
2.4199072217096
4.15189585259614
4.59471464888517
4.18514417884669
4.91390348641493
2.31151840253034
3.50428628444822
4.08939896351945
4.23304559201646
3.3100238890539
5.41921917178065
3.87405326863493
4.69045986421241
2.80787096698061
2.74295053530004
1.86189461798759
3.4244294840922
4.05222759571144
3.83458873854793
4.78098690327968
2.91358683786479
4.38609380923896
4.53902274806219
3.67392309154011
4.83203285026937
1.50021953689996
4.73799183906491
3.8760858457194
2.62057673565762
2.33249335320091
4.44605085282009
3.3100238890539
3.17192254538188
3.09396115822012
4.92777806559661
3.73884352322069
1.35400444944359
2.84941856864464
1.80362823398633
3.94965347769633
4.02187300762128
4.32570963026214
3.98938951585782
4.71846641092623
3.87203652056494
2.70427518319442
3.56499493550765
4.33296391783303
5.51134700994402
4.03270216757275
1.12908598526489
3.57224922307854
2.75638442884101
3.93695695224552
4.62272119559899
3.6537991723336
1.86189461798759
4.2372187025058
3.11537115096491
2.16555830947466
4.22996441493491
2.20453620364406
4.32570963026214
3.56499493550765
6.03705728128363
3.09396115822012
3.26766776070911
0.88942495457604
2.90361618230785
3.54615465025748
3.31416972287825
5.05446893783038
3.62154632992462
3.09653086571474
5.11016083865336
4.28565631575789
3.71729154525185
4.2675912873084
2.50695306595462
3.95783731810097
4.18514417884669
4.91390348641493
1.72132916657214
2.66496161851422
4.08939896351945
3.39372092608246
2.46053012347828
4.78234184099644
3.23717593785073
4.0535825334282
1.91844601240456
3.63237548987609
1.86189461798759
3.4244294840922
3.16280264113539
2.94516378397187
3.89156194870363
2.27670950708059
3.90400795065671
3.90214541727799
4.56334804611617
4.19515551948516
2.33249335320091
4.03904307496505
3.8760858457194
1.98369940487342
1.50021953689996
3.9616540597553
2.46053012347828
3.17192254538188
2.20453620364406
4.2909007348124
2.84941856864464
1.35400444944359
3.73884352322069
1.28564466320934
3.60587819441663
3.46640072181549
3.73552039430395
3.35251218507361
4.01951764682637
4.76146147514099
2.00532641909455
2.97480569954945
4.33296391783303
4.95587472413823
3.1432772129967
2.01851093984094
3.57224922307854
3.56650227900069
3.04753199766946
3.92377243149913
3.3100238890539
1.86189461798759
4.2372187025058
3.11537115096491
2.16555830947466
3.63977517897671
3.09396115822012
3.73552039430395
2.97480569954945
5.40017995049943
2.20453620364406
3.26766776070911
0
2.0141912277318
3.19893411255721
3.31416972287825
4.46427970187219
3.13714953685982
3.09653086571474
4.51997160269516
3.69546707979969
3.23289475218706
3.63071395652418
2.50695306595462
2.79468644623422
3.26766776070911
3.99642706827735
1.78019321713728
1.35400444944358
3.17192254538187
1.91844601240456
2.53167660130297
3.6191909691297
2.47218005743257
2.89043166156146
3.41866554930453
5.07544388850096
1.96744676337874
2.50695306595461
3.09455865879642
2.84580844669297
3.82331796636466
1.72834826300754
2.71411041053591
3.13714953685983
5.01889249408399
3.57985313665803
0.889424954576036
3.63373042759286
3.98163799111055
1.28564466320934
0
5.19174607037613
2.90571207040805
4.4730900487437
2.78816159477326
3.67559835198526
2.75006323136573
2.55464403633913
3.63948818594178
2.44879553507608
3.77698008814853
4.10259874575007
4.37171841823851
2.23024488327324
4.45390921112487
5.47577056619762
2.43971798339306
3.61100372348402
4.96916194176761
5.59207274807279
3.91473744232843
2.73282003089757
4.20844724701311
3.85838513312695
3.81899222700119
4.35816399579764
3.4811257827858
2.49809264192216
4.87341672644037
3.75156917489948
3.66577784637463
3.69863922954186
3.07504662298081
3.79438444486909
3.0336697501146
4.28645587773056
2.18562166840475
4.56883526407094
1.50021953689996
3.51441076463177
3.06678208611757
3.24592574053928
4.52314375243733
4.36724154748065
2.99717552843584
4.69107349642707
3.86656897353159
4.46298676280789
2.91488365723077
3.80812056931645
4.68622107203808
3.44834837306147
4.17710768062971
1.97139920895567
3.64594328382227
3.35260315773424
4.37470259139051
3.42093185225016
5.51335229427003
3.96557691876242
4.78459298670179
3.78034063039217
4.60484515328764
0.793016116844687
2.78719382665144
4.29593795155475
3.95751813399689
5.02469725912299
2.87427864391599
4.50157708749211
4.53098624984522
3.89326132472042
4.79272465632056
2.49809264192216
4.60499628468204
2.80720734457649
2.61254023744065
2.49809264192216
4.8523061836511
2.62791573540546
2.84941856864464
2.21178613849259
4.8884698716478
3.73356156290553
0.930972556240068
3.73356156290553
2.10935564835105
3.73982624166934
3.26114684912281
3.19257431984278
3.95746176446984
4.27641252341606
4.62202063228866
2.26222129568426
2.53238754155457
2.74295053530004
4.65009293497926
3.89326132472042
1.91844601240455
2.08276375701183
3.35667504297369
3.66930475362907
4.15440798503867
3.06673788962079
0
2.6472053199728
1.35400444944358
2.38709536039823
3.88984522136024
3.00480225533729
3.98559043668747
3.32540365839927
5.99774908733483
3.00480225533729
2.94516378397187
1.86189461798759
3.8760858457194
3.59869765253178
2.80694746623359
4.71434974425571
4.02780166075562
2.49156773273217
4.33208347893576
3.42564867747043
4.12354687608286
4.22828309335959
2.2541615462738
4.35816399579764
4.58547085654336
5.3142301641116
2.1216558442688
3.06528829621088
4.48972564121612
3.79404760377912
2.86085680117495
5.18266851869311
3.6375026155474
4.45390921112487
3.04753199766946
4.761461475141
2.26222129568426
3.82475616178886
3.56312931883205
3.34549046166854
4.29188862640029
2.67703618477725
4.30433462835337
4.30247209497466
4.36113479744433
4.59548219718183
2.73282003089757
4.43936975266171
4.27641252341607
2.38402608257008
1.90054621459662
4.95587472413823
2.35605775114434
4.2372187025058
2.08276375701182
4.69122741250906
3.2497452463413
2.31877269010123
4.13917020091736
2.21292418883818
2.53246316467141
3.06607404411882
3.82678873887332
3.75283886277028
3.6191909691297
3.63237548987609
0.876240433829647
3.06607404411882
3.93263724013637
3.9616540597553
2.74295053530004
0.889424954576036
3.17192254538187
3.16617560130402
2.64720531997279
3.52344575380246
3.20555151671996
1.91844601240455
3.83689202480913
3.17192254538187
3.29464429473957
4.04010185667337
3.49428783591678
4.13584707200061
3.37513237724612
5.8005066281961
2.60486288134073
4.33296391783303
1.12908598526489
3.1432772129967
3.59926079025388
3.71449640057492
4.86460637956885
4.13137020124275
3.49685754341141
4.34795027669794
3.52344575380246
4.22711541656999
4.03104063422085
3.57224922307854
4.23659728749534
4.62673146517246
5.3554907727407
0.793016116844687
3.5078379799271
4.53098624984522
4.23659728749534
3.30340648489116
5.06372850972728
2.78719382665144
4.33496920215904
3.63977517897671
5.05446893783038
1.97139920895567
3.96557691876242
4.15537250013929
3.83999276663788
4.88413180770753
2.42465485937324
4.05195330294936
3.35260315773424
4.34288510926317
4.34310087177782
2.9477164264649
4.15537250013929
3.98559043668747
1.43415714532967
2.3575271905067
3.67392309154011
2.61711410507805
4.02780166075562
2.24726558535945
4.43884608710505
3.76200738711393
2.10935564835106
4.18318534744828
0.930972556240064
3.2902024571266
2.08276375701182
2.0141912277318
3.5078379799271
3.82678873887332
5.0716444168314
1.81259751114151
1.35400444944358
3.92133362741102
3.47170984286828
3.82678873887332
2.36806979694731
3.26114684912281
3.80629882751644
3.70478420049593
3.70478420049593
2.61711410507805
1.17838309211098
3.82558841208378
2.53238754155457
3.56547845250921
2.71146212924925
3.45442603988004
2.80720734457649
2.14702056628828
5.54812530279208
3.04028170220415
4.12354687608286
1.72132916657214
3.73552039430395
2.49156773273217
3.98533055834456
3.53596665214473
2.84941856864464
3.59869765253178
3.88245969439301
2.97602489292769
2.94516378397187
3.77865930881684
3.43254463838478
