14.6040155870256
13.9521686557137
13.6217051606677
13.8853079110707
13.5714512793164
13.8867834043204
13.8026864363246
14.400951170407
13.6088835443977
14.1683964445643
13.590094246684
15.6591152162916
15.7076162657143
11.5624409121914
12.3843937870285
14.2532738273689
12.6002416463497
13.5427634163253
14.8735127118237
14.2120855521722
13.0296208885855
14.9792976342731
13.1100495797182
14.2229653164023
12.1096921152119
14.3929350292364
11.9524499565398
13.4905126076648
14.3526092020975
15.1533768900317
14.3670027725355
14.4843471336065
14.8846195141056
15.1175001242466
15.9565190794798
14.9393188819875
13.041454231441
13.0392699609134
15.0804854253138
16.5485050272163
14.0277095076752
12.3912430101965
13.3640549392071
12.8004063887244
16.1052748281823
14.1723940932127
14.5769083407361
12.6990539645626
14.3575763433558
14.3728012494334
13.9858897826431
14.0419841178921
13.8659361655235
14.2039291683894
13.3263819297566
12.895930413433
12.9515226345289
13.305374257479
14.0648888831236
14.1131033569121
14.3636354425375
12.0066254415499
14.3507065651334
14.6734278605771
14.3918135098223
11.6723638792189
12.5861885934096
13.4955614733976
15.8294947883022
12.3260382440968
12.6735936801095
13.8449908695841
14.5641143855014
14.4589384428046
15.0393958556647
14.1642971803402
14.0224579895565
13.9766319602724
13.9766319602724
12.7359733288307
12.5930044774545
12.8912393682292
13.5224120722784
12.741055190487
13.4104343758508
14.6518930408524
12.3368788991647
12.1544441615654
14.4699497573217
10.9715185440901
13.5671403472358
16.3672447584942
14.1474483607135
14.2468361517549
14.3073328248837
16.4672842920125
16.8546812266196
16.5843601464828
16.8434810309395
16.5561972199165
16.7529285574022
16.3627168927222
16.9134321962163
16.2231799008508
16.4920958959146
16.7526769515179
16.2080300593015
16.4225091844095
9.59402897071175
9.886076437626
9.70491919821222
11.1440469994771
11.7756381434984
11.0692907680451
10.6339047827592
10.0187163927832
11.9490688380441
8.84220943523933
9.78641305663297
9.60638663638663
8.59134683153705
10.0318696787603
10.6593329282048
7.98444654963244
11.4250672305825
11.2059583181406
9.68844859379245
10.5894549119165
11.3019275541093
11.8462804428336
9.26991014399169
8.58370990878558
9.32378819843628
9.86723199315577
9.79985594102637
9.11517348732849
11.3519580900022
11.7919295650798
10.2534702239102
10.8644902260987
12.4468234230952
11.4048147165395
11.3121104098643
10.6208915796475
11.7816569421131
8.89375135210545
9.60809657830544
9.84792312351255
12.0963691382895
11.4199716040732
12.3534668994836
12.5202636439887
10.3516771057748
10.2201887358961
9.84352341911571
9.85483914680051
9.94875299237376
9.77391215641
12.7823472418527
10.1091459415896
10.1236755997304
9.99647890084726
9.60185574579862
10.5337064187319
9.27467288660077
9.16371506720151
12.187093659889
10.5519651599124
10.5808210057252
9.31657878687377
12.1272785442143
11.1980705996482
10.1953888435979
11.4295085260604
10.1701435156689
11.4221609174527
11.7152527463673
11.744115507737
10.796479105244
10.2910792650251
10.8494964612874
10.4380834411624
10.0964477211013
11.7636063075857
8.32715787665306
8.46853183281807
8.53177095150012
10.9223587676293
10.9650980064517
11.1523946308164
10.7182319766543
9.86111250360481
10.2667006120758
11.322325666748
9.43829669876342
10.1312656488091
10.7898165572458
11.4833099858888
10.8158203210965
9.66552487486263
12.1614811482628
12.1051039913249
12.3268814709604
9.44279313575085
10.963615527726
10.1606123368701
11.3798825117403
11.3013768721566
10.1974581880075
11.0136982435431
9.43940693847811
11.7139724444629
9.10238662040338
9.33360689692278
10.1224319147789
7.91214322604564
10.3970950468877
10.4350593370868
7.53164038992225
11.7902925987099
11.0965192276848
8.81661601375491
10.415367961195
11.7775725098039
11.9425478624402
8.25411961543347
8.1309037490754
9.48329473672498
9.14472876624286
10.1018298706955
8.68744811920114
10.8609936031928
10.8819386579431
11.2045187568699
10.7467804323151
12.4424325156027
11.2467046000583
11.1944006160807
11.5719401126073
11.4178403155694
9.0678383028269
9.7272969292293
10.1346716573997
11.7928105161473
11.7616067377579
12.0499082773414
12.665953528079
10.4973669898651
9.93783005787309
9.87663353559698
9.88794926328177
9.96505302059999
9.55338385548537
12.5038694112934
10.0211492253108
9.84670064608754
9.54657203986093
9.30127823793691
10.2331289108702
8.82476602561443
8.71380820621518
11.5078900543975
10.4967303088979
10.1530956375978
9.70613350812576
11.4480749387229
11.1252992791513
10.122617523101
11.2568303169226
10.5110272108954
11.7310091286422
12.3730139776818
11.6561187914582
11.623279076662
10.9488404963395
10.746931652352
10.746931652352
9.58114156139108
11.9376932583072
8.23916116037422
8.2457487988403
7.95246149719499
10.9509972126898
11.2692888744884
10.2805620507789
9.90738378224568
9.86979913162864
9.81163971931248
10.5380738782933
9.46915208219154
9.6762047560458
10.8206719406739
11.0282490931254
10.8245069491203
9.04882126937123
12.2646228493898
12.1800231720874
12.1916101504635
9.27840901338452
10.7769074526798
9.53116089905348
11.0320372618601
11.6247804440937
10.8337839073445
11.0162688907042
9.93314461841931
11.2770558458596
9.25930347308444
9.44284364607174
9.35040621279431
8.30826742770077
10.169087239366
10.1590054020505
8.10248499497877
11.5622847911882
10.9056844046107
9.44766134151951
10.5697864064944
11.9822112496217
11.9178898577529
8.50036104835812
8.11945380476676
9.05329547963426
9.64198310529805
9.42795345666696
8.81482714886705
11.3491969747206
11.1927835665753
11.139460429485
10.3970004589686
12.351439113624
11.5011958364691
10.9036716418204
11.4426762768423
11.58505984697
9.32352983312909
9.93250417473894
9.81373291701038
11.819855623193
11.4454124054414
12.3566318893047
12.4137481649245
10.2376242608859
9.49756561194411
9.86993107800836
10.1228126784834
9.96174325475681
9.55379266060246
12.3611414855733
9.43115102881521
9.22236586304087
9.61542202690023
9.27586879479137
10.2077194677246
8.80690363664911
9.02735504361916
12.0626121199676
10.4178680647693
10.4519496099398
9.29141072215764
12.0027970042929
10.7536488435887
9.75940117219258
10.892862527556
10.4139465762149
10.9179300124248
12.1793172328909
11.3289811793487
11.2381458679265
10.6909492832025
9.96275481725439
10.0731867245978
9.60921651411902
12.2616280222319
7.67358663923346
7.99240533138078
8.18503430592692
10.5913352519269
10.77803243927
10.9271707365355
10.0517185437639
9.7697974956183
9.80712270622791
11.3213967689916
10.0098852680421
9.70485427489605
11.4229197838729
11.0568986119757
10.6913387811751
8.78855681107387
11.9215844316981
11.5298684787759
11.7173684787759
10.0613282697214
11.6210604272539
10.5490992878773
10.9768274680765
11.2290283385552
9.80897123700029
11.4021851945503
9.28096817043416
11.4115757278983
9.72092175437392
8.67691343585307
10.2808706828228
8.30063017705288
10.3247465132863
10.5553397780315
7.19108534625842
12.1787795497171
10.4779840937142
9.20510296476216
10.2958389587085
11.9741819247232
12.1002475118022
7.85106457176965
7.79034870541158
10.1018298706955
8.42553530517315
9.48329473672499
8.84514776856308
11.0186932525547
11.0258093333304
11.8619636563978
10.6744318987137
12.0539455645954
11.6351915510655
11.582887567088
12.2293850121352
11.2594015475254
9.32619627928802
9.92390634414863
10.0151426549131
11.4522554724835
11.4446419285367
11.3932148162717
12.2774665770718
10.1088800388579
9.30472683124599
9.75710453311041
9.7684202607952
9.80661425255604
9.39494508744141
12.1008143676296
10.1788488746727
9.99057132147493
9.80493001632205
9.45897788729886
10.3908285602321
9.08312400207555
9.4330016672849
11.4355415207962
10.6544299582598
10.7716307715684
9.86457227616972
11.8365618897301
11.2455797200961
10.2428979640458
10.6237270902955
10.3525884428515
11.1124739946717
12.5696233926011
11.4976800234142
11.2347921256548
10.829311493853
10.9053704203959
10.9053704203959
8.86194810032137
12.6568867193769
8.08072239233026
8.86428393281084
8.6716549582647
11.0087776536346
11.6577758254957
10.6690490017861
9.96516422319047
10.2582860826359
9.93192016025725
10.6957735276552
10.1265969817195
9.79648519699058
11.4781168402018
10.6876940494616
10.7521584155189
8.41571804274412
12.1450938469033
11.7915362210802
11.7885551067997
8.58098657805446
10.9128110190712
9.2930833911918
11.6433694627476
11.8613673948151
11.0939610925086
11.3960113800611
9.93968338617748
12.0110950797215
9.09829405787931
10.1151343183919
10.0576044033064
8.56844461286482
10.2381260071242
10.8953376029379
8.77477566729891
11.6313235589464
11.104113028233
9.70783852668357
10.499257081596
11.6823851802182
11.4497641669279
8.99058641648546
8.79174447708689
8.4845114617101
10.0697084734254
9.66454040738842
8.68179782396863
11.3168259769214
11.72191870026
10.9013829216233
10.8643747113354
12.5255260643454
11.4695762771281
11.3710458941871
11.2045987689806
11.5290986147282
9.47322413952267
9.88556508428314
10.0129006593147
12.03360377793
12.094112843319
12.5703800440417
12.2770804226202
10.1009565185816
9.69599423556638
10.0065988203126
10.2594804207878
9.66116574689511
9.62796040290675
12.6213186707374
8.63307026638597
9.02394955919478
9.31484451903854
9.11924923545035
10.0510999083836
8.50632612878742
8.72677753575747
12.3227893051317
10.6551941341727
10.3189202850414
9.62865599997826
12.262974189457
10.7845292842477
9.79028161285156
11.1919494782774
10.1904371610098
11.3176752902455
11.9176494905866
10.5309004169195
11.6178883572834
10.4292815408981
9.82608707495008
10.4729320024184
10.2425974208818
12.4120996812799
6.87550587680422
7.6925792619773
7.98586656362262
10.8904222026484
11.2454066916368
11.1873479216996
10.5183536774486
9.53171998775662
10.1069610954076
11.3515257711924
10.0018559431437
10.0046926640757
11.4148904589745
11.3567370011554
10.4532612733134
9.2551919447586
11.5167101793314
11.9972427311427
11.7093391538775
9.49206989498828
11.2610045201683
9.70665113378188
11.2602662361205
11.8758482143384
10.8068839070587
11.1158594475587
10.3281703371847
11.9668594234106
9.7739454674697
9.03879578552029
10.1027097903453
8.53574496350289
10.5397712852306
9.94534452044673
7.69843713442732
11.9329688370528
10.9685130561734
9.42076134123372
10.8634023597024
12.1105210154648
12.0447090664558
8.60209946547822
7.71540594421532
9.37274366288333
9.53652445521544
9.73688894098977
9.17169454053327
11.5134353918407
11.2084317492528
11.4734767053906
10.750229433229
12.8576358584148
11.2045987689806
11.2569006160807
11.7766925527479
12.0425855657354
9.58991713448862
10.0829136178845
10.6946749119673
11.1225204609962
11.5875511452592
11.6592967271079
12.9206963481736
10.744572444135
8.97531021735643
10.4347346555593
10.6876162560344
10.6926044581308
10.1818476766116
12.6296766471985
9.8374408849651
9.08023944299931
9.21741519385433
9.92602348810292
10.8578741610362
8.40889680360321
8.62934821057326
12.2900896557698
11.04368108518
10.808817001606
9.89363350812575
12.2302745400951
10.0409941502772
9.04674647888103
11.0753074547386
10.7617918260951
11.686949542898
12.656540018859
11.7352710354986
11.784742935415
11.1681720691706
10.4307932349461
10.842206255071
9.77494548837937
12.5280153235915
8.07987649538335
8.34927272304701
8.11773398294349
10.8362801791095
11.4525164857062
10.9002707362497
10.1770471953266
9.49828121971265
9.13188722133352
11.6928322533144
10.391082012833
9.02961879000165
11.8041165286638
10.3816631270813
10.4198225052695
8.59700792654865
12.5092391250097
12.1374749891242
11.5744906202761
10.3120160142047
11.6005605473943
10.5264515477521
11.0210572640392
10.7033666752765
11.1138364781157
11.6618950808197
9.38758334196724
11.0116732547199
9.76590298879479
9.43336240077707
10.0546642929007
9.09672802621631
10.0535893303013
9.99002923051341
7.31525747637065
12.223760784138
11.0684004900461
10.1938297884717
10.8832491835289
11.9087312518007
11.9540903288171
8.62431130517251
7.9145208355238
10.0791821305703
9.53777157174248
9.76370787848927
8.83919092412917
11.205365382667
11.8851463011759
11.7386575891734
10.5944131331346
12.6825202880265
12.1020985045376
11.8190072189147
12.1060789449108
12.0806052455026
9.26976774815151
10.022997682678
10.1432330094961
11.7051728927891
11.2588235415361
12.2784090713891
12.7141637644149
10.5455772262009
9.98197258070246
10.0512274562856
10.0625431839704
10.2433114398991
9.72797777617397
12.3911509963524
9.92076922720404
10.3044981846403
9.97928878683085
9.4552757759181
10.3871264488514
9.25748277258434
9.92349885519958
11.9155009525537
9.54219369169051
11.0818123445404
9.53555969888281
12.6326597388935
11.6463482561623
10.643666500112
11.3162923708668
10.6330015846158
11.1803063448531
11.9862209594501
11.8718772107573
11.4253824802378
10.8781858955137
10.8627708632339
10.6570643531715
9.68089706524538
12.9165966056462
8.45491957967336
8.16884441074657
8.36147338529272
11.3470461897008
10.6690490017861
11.6577758254957
10.048928278963
10.6208962916029
9.65989691438445
11.1757329594128
9.82949294426381
9.52446195111777
11.1810128027462
10.0995323861829
10.79863020708
9.29790612635016
12.542881268689
12.1511653157667
11.93568522546
10.0460960117399
11.2165148264499
10.2284960612502
11.158117351881
11.7432544082445
10.5775871625537
10.8933428492412
10.25529060605
11.4442753772602
9.56248298632994
8.4559746678091
9.93882508201877
8.35402076213357
10.4831852813303
9.55742710797308
6.65400816080857
11.8763828331525
11.1201094621274
9.19674498830105
10.8747128886634
12.3016594328707
12.3844377183043
8.53283882442221
7.25327151996172
9.92518459258908
9.13016067358628
9.98221359507565
9.21004448512771
11.3835899691193
10.9306096839685
11.521408612734
10.7696315480756
12.798219817248
11.3335462729591
11.2172517318413
11.8888299684714
12.1476337486987
9.44498616309255
10.1873932951559
10.5300260277278
11.2724561458192
11.3097933949354
11.5295539070133
12.9577502725841
10.7891637343702
9.69321378225324
10.04269116142
10.0540068891048
10.5501493865265
9.78269291976662
12.5518013186368
10.6244521012998
9.68279088053014
10.1309169673293
10.0310716710662
10.9629223439995
9.40911095308278
9.29815313368354
11.9497675904855
10.7260393731792
10.6756920035244
9.5865172325059
11.8899524748108
10.4602478416205
9.45756608557019
11.0747140413028
10.8904170667595
11.6920993630848
12.6891523950877
12.2594216674472
11.5646722439019
11.2649789137454
10.851228396857
10.7080218867946
9.27328616708919
12.3148411185728
8.84246403636325
8.76834516476687
8.53680642466334
10.8739291200333
11.1245918072857
10.660691025325
10.1861029912344
9.87593429446698
9.22729479184412
11.3539575458652
10.2225357497634
9.09185982857744
11.5740556082458
10.4439041656571
10.8306421119586
8.80420499375136
12.8671742869207
12.2646228493898
12.0963355477445
9.73397687611501
11.2582952256752
10.6158515480379
11.1478764727421
10.5157481222085
11.0106075038554
11.6790338206374
8.80954420387751
11.4317797650681
9.39873291840903
9.65932844659821
10.5365066273361
8.75329753427411
9.86224929273858
10.2260339052466
8.00283137809934
12.0324207465753
11.0825330583524
10.085320422639
10.7091907945881
11.6241251206025
11.5096421455681
8.59109441042639
8.01980018788734
9.90793794565538
10.0488548847722
9.66730211040871
8.63809311955486
10.686546669217
12.0994005962154
11.6208482024803
10.5989299042932
12.9363845124424
12.1014607664023
11.8825749891595
11.9240640498376
11.4540407866337
8.97927267808451
9.6118121969061
10.2943815713237
11.9121045996324
11.6001613818808
12.7650192831499
13.1244450022011
10.9483210981625
10.1588399847371
9.78003872159699
10.0329203220721
10.3555502361693
9.4639003041911
12.7062774409604
9.59566126572266
10.4702271589006
9.46155185080333
9.31462759324061
10.2464782661739
8.65303346055222
9.65045876953676
11.7306683245265
8.91562923282157
11.0521894826421
10.4775111366994
12.4478271108663
11.9146684665477
10.9204207951515
11.5930466659063
10.0925405369309
11.643194942358
12.0276890523924
11.8096298336621
11.6327042877972
10.8554595201099
11.4649936492021
11.2592871391396
9.78679154908812
12.6943447692018
8.1542352935468
7.81555667763903
7.81555667763903
11.4841483648234
10.7687319684915
11.564829817655
10.1423372814026
10.6618591700566
9.93665120942399
10.658746463488
9.68907866577966
9.83438277809212
11.1021131816105
10.4094532131573
10.8064265535989
9.23433835610542
12.4022330860115
11.8553073669603
12.062504434163
9.95566708261717
11.5606919422398
10.1702483214108
11.559953658192
11.2454542822045
10.9771687358114
11.4155468696302
9.69777640505075
12.1371442521633
10.0318361450361
9.20908061427301
10.4023972124168
8.7060297922556
10.797661962797
9.31495058831276
7.86872196318002
12.1908595146192
11.1403134992972
9.59104616998642
10.9475969540125
12.4727084375363
12.5083062540847
8.77238429423092
7.88569077296801
9.83634085051223
9.62071904952553
10.1615763630613
9.25588913484337
11.5976299861508
11.3787165780055
11.8981641274621
11.1124168553005
13.1573232804863
11.3763992121044
11.6190880381522
12.2013799748194
12.3422729878069
9.88960455656012
10.1671082121946
11.0568623340388
11.4847078830677
11.8872385673307
12.0214841491794
13.3453837702451
11.1692598662065
9.66820414949039
10.605019484312
10.8579010847871
10.9504951356972
10.3521325053643
12.8875673247649
10.301038072594
9.54383663062821
9.9103091259883
10.2257109101744
11.1575615831077
9.10179073573718
9.32224214270724
12.4603744845225
10.413287153046
10.8930115959161
10.3183209301972
12.4005593688478
10.5045913379061
9.51034366650993
11.333198132305
11.1864792481666
11.9448402204645
13.0812274409305
12.1988682231275
12.0844303574865
11.5928594912421
10.894390422575
11.1000969326374
9.94523031713207
12.827702745663
8.54347368301227
7.65637879091305
7.42484005080951
11.0941708566759
10.8221225535722
11.0705555650024
9.54665326319261
9.96187840734154
8.43899328919956
11.8631170820671
9.76068808069899
8.3367248578677
11.1737225965298
9.68876919494733
10.8834196928984
8.68120252085875
12.9339265470812
12.4996624111957
12.038087807905
9.96771485068288
11.1279751952699
10.1968765019092
11.6894821613881
11.6759162961212
10.340248773374
11.7605431433568
9.54314205304095
11.599404379461
9.98138391310183
9.32405376226721
10.5304351584726
8.59170619574472
10.5553321947748
11.2125187333577
8.29983352858012
12.4093652312056
10.9133032623898
9.73110010956348
9.05002880896756
11.6027464404004
12.0595185375418
8.69697046327744
8.31680233836812
9.61760131693262
9.22916680116617
9.79135961609136
8.18098480355791
10.7535129565107
11.7877284661032
11.5126278493774
11.0201678788611
12.2165905800226
11.9117824647787
11.9876745463214
11.8158436967347
11.3869598749104
9.48196860117306
9.06861364646652
9.387826757586
12.14435201706
12.0403573049693
12.3649898657658
12.4518315386666
10.275707634628
9.5287747041658
8.70745133926711
8.96033293974221
9.89228170010314
8.96108975667299
13.1449828069087
9.62146305440578
10.3481778318232
9.52626340504386
9.35574891303852
10.2875995859718
8.71774501479274
9.39903190637138
11.885215403403
10.5747912184421
10.2789427492392
10.4935393451383
12.2862357723369
11.791867701012
10.7976200296159
11.2980654314855
10.2783466041554
11.4237912434535
11.7519205163263
11.2031547875334
11.1436976570228
9.94741414923192
11.2128153475785
11.356021857641
9.5536780687727
12.8809022748845
7.54776024741813
8.04793103927241
8.27871834091773
11.8124218234283
11.4590425160097
11.2106095045795
10.937696011884
10.4972616600158
10.3365614342445
11.019000052427
10.1286500946158
10.2342930029126
11.5416846104466
11.1255018553837
10.9579674609641
8.31324050694198
11.288481205071
11.8368974812625
12.3580032900488
9.97999643574181
11.0373564576312
10.2091580869682
11.8921507253947
11.0779060992412
10.7478596715302
11.9632117073634
8.94513185616089
12.1509732261378
10.0561654981608
9.7324160988816
10.8770616709999
8.99931709390092
10.6301137798337
10.6152599749359
8.70819586519452
12.4841468162645
10.9255848474487
10.1387110077197
9.94132630749293
11.4885374683191
12.0718001226008
9.10458136143362
8.7251646749825
9.79743108495484
9.63677769932235
9.94684771121278
8.75614388467739
11.1611238546668
12.2959976913586
11.3748286428535
11.1992462084251
12.4192591440292
11.9240640498376
12.1667528758855
11.6780444902108
11.589628438917
9.68463716517968
9.18293724297739
10.0505916875192
12.3241817850822
12.3436841960752
12.544819633788
12.607319633788
10.4311957297494
9.80851136082901
9.59874883779246
9.85163043826756
10.1346114681254
9.53624883779246
13.2197643919676
9.80129282242801
10.4611177439813
9.70534173460787
9.72596566000843
10.6578163329417
8.89682334435675
9.57811023593541
12.2928263015592
9.97678102156205
10.8541018303587
10.7929853887804
12.6938466704931
11.8049007245292
10.810653053133
11.4735053436436
10.4338346992768
11.6425307770331
12.3910952118168
11.3829845555556
11.3463662210294
10.5865888447225
11.3690548811581
11.5747613912206
9.96128896692889
13.0835708388911
7.72759001544037
7.61746902535565
7.68070814403769
11.8872034084872
10.8610323191296
11.6182204027357
10.3396858150039
10.5095432450748
9.73930267582265
11.4266109505832
9.23735259609038
9.63703424449077
10.6503871119212
10.5282430969618
10.970249046023
8.82150973219736
11.9276559005616
12.0159758108265
12.3702848751078
10.604564197168
12.1100670580284
10.8676707567408
11.590834098851
10.8748080254797
10.3986234574192
11.7868950808197
9.07070580587931
12.1680246928223
10.2641576818205
8.86358556596529
10.8323773135973
8.95203095901361
10.7240244922123
9.73639081310752
7.37775747637065
12.5780575286431
11.0059004900461
9.79475518518109
10.9890364851743
12.27280157655
12.5627769291863
8.67001353669366
7.9770208355238
10.5643592880797
9.24448427009716
9.90691438855174
9.64050649904446
11.8140519830361
11.5286198808486
12.2230833082246
11.0355515505405
12.476813777964
11.9963112028922
11.9440072189147
12.590504663962
11.8262277094147
9.87770291006246
10.6178553090726
10.4798076127868
11.2435982894985
11.7425101419053
11.1845576332867
12.5335380459352
10.3649515077213
9.60259504461455
10.4503020595762
10.461617787261
10.2066436699402
10.1903038179228
12.5244340194564
10.7220848021193
10.2412590659583
10.3564366470965
10.0258040491881
10.9576547221213
9.63463063284999
9.98450829805933
12.0869423027569
10.444167593705
11.5669895020498
10.2881919279965
12.4879626716908
11.0994225371111
10.0967407810608
10.7312083247164
10.8151178602356
11.6168001565609
12.9299916059696
12.0409159508608
11.6812505734659
11.1896797072215
11.4096965822852
11.4096965822852
9.68089706524538
13.2083933501513
8.62395831977688
8.65402156825599
8.42248282815247
11.5756038155238
11.3035555124202
11.258701222205
9.77849209307824
10.5151089899576
9.11297119533324
11.4911322581366
9.81492485160723
8.97753623206657
11.1664447100896
9.86874508453762
11.0089813228406
8.91852859026223
12.4429620602718
12.2144044344488
12.2746747586265
