18.1609956942915
19.2378002104124
21.1001241411201
21.3417459475889
20.6043901674972
19.6928824664301
17.7757549661794
17.4082986904367
19.7347136249807
16.7834114453412
15.9056064775486
15.9199578607794
19.6715433366192
20.2544816357828
18.1157477842007
17.6108871348823
15.7099424032628
18.3407831142512
15.9900225390458
18.2667788931512
17.8886972397798
19.2872417684822
14.6264101920947
16.1365404275727
16.6245431688147
13.8984658936973
15.8602176877905
14.0528783402951
16.002749626955
17.3279545288283
18.8528775530836
5.52554993027862
12.4526627612459
13.1304278263644
12.6262755420473
13.3036979801519
11.2328408152679
4.6009548407619
5.19399447568856
13.6221383648332
9.16791690751318
7.70631864783756
10.6904757959944
4.39949784959991
6.44487764175669
5.29665961679564
4.39590413341095
6.62675181224229
5.07041737896746
8.34743302961159
8.03729533652974
8.42640172675569
3.68736829273938
8.67615714617605
6.77254286947203
6.85435905787563
7.985111056896
9.95053585491669
5.50987315117684
3.93227994231562
5.35242416527468
11.6054857904681
11.2913146012695
10.8457486543431
12.797604574436
12.2402634629047
4.87588766888272
5.82760415477326
12.4958548159477
7.78924087484454
8.82118681242839
9.73864014662099
3.08189945196175
5.04071953518488
5.16436524523462
5.05573853053163
7.60592862784101
4.0829588869836
6.65113932130009
7.47724290935199
8.01876043854953
5.56047185614604
11.3561820489525
9.34433271922963
9.52625086886044
9.87600956756445
9.83042940619425
9.17098788460905
6.36837863345949
