9.76048946063157
8.78798236301104
8.35138289385077
7.20737591787798
8.79397170487822
9.66476937466758
9.38536525179007
7.68265639420008
8.48671131845146
9.06682217059237
9.30211628823943
7.72369574255416
6.46666764516191
9.20006391289102
8.23863097901907
9.05802995560773
8.30932130985165
7.37568768893643
5.78732178349725
8.52643393514917
4.68328286280761
9.29751760022469
8.69795534948077
8.70026012531287
9.71830770915932
8.63689985172141
9.95805133528976
8.71644758656443
10.3492913559101
6.19180519176167
8.85337396736993
3.35063439943518
6.22453001635268
6.77398121868405
9.99757333488831
10.1282771808571
9.01413308254971
5.87499084415297
9.39190667891663
8.46725687923207
7.24413729250647
1.71773882948738
0.858869414743697
6.81597484519772
9.43873563923075
3.6055423827097
6.21015979499426
5.35129038025057
6.72277301186676
5.86542430547896
8.6409701577221
6.91938455175285
4.44863211523666
4.17206333035099
8.48314998626531
9.52230683077699
5.8430465176999
3.6055423827097
3.54850053544791
3.41980541393122
6.91769399118372
6.01420256965839
6.91938455175285
5.35129038025057
6.21015979499426
1.42418395522179
2.28305336996547
10.1435541674652
9.30387877779164
9.30809529517905
7.9963327938862
9.34232062174715
10.3684742607531
10.1143737631637
8.92317913687715
9.17390505079873
9.2895056791662
9.80757956080244
7.73290840211653
6.11158701394392
9.58629223847353
9.14563167837751
9.42365549520985
8.83759400294353
6.35846095909283
7.26209037197744
8.65338702000469
4.2183252069093
9.47492886259417
9.93268088525858
8.82498038895137
10.5994349778415
8.84804380783365
10.3768101107576
8.81698175538599
11.0892357959875
7.94569767957323
9.22767344676603
5.53091374161608
6.22977130202367
7.89447777144103
9.45111480768877
8.89120755072017
7.56731994630573
7.12939115241796
10.2346236923405
8.41895655616244
6.75855184624068
3.6055423827097
4.46441179745339
5.98692210466679
10.2036364253864
1.71773882948738
5.14951962997141
5.77661729823539
5.95288950420734
6.81175891895102
7.54307492778913
6.67749969815317
6.86059849051095
2.90553161511401
8.68613009897256
10.2528957595057
4.56959883642254
9.93017192568838
8.92513437818251
8.65896392209492
6.65608753137845
8.6086384427064
10.0982508612855
9.58100374599686
7.60199217627681
8.40604710052818
9.12772572036073
9.49775478244622
6.52318737573581
4.05703362723435
9.22914236004589
8.05660140334383
9.21912280593915
8.71612753588776
6.4719961405221
5.75725041885983
7.84533342538374
4.92847251271355
9.07582135335381
8.95777061111791
9.38473897217786
10.1455129781088
8.4063734734237
9.87601720866769
8.10414326734477
10.4624554824123
7.68304838391278
8.40985575082993
3.03553779410161
7.2846063847483
7.17258594143816
9.16443996348207
8.44429593063924
8.08044489257269
6.98066904347854
9.81690531331761
6.61789405010264
7.46869915204495
4.1335852185378
2.72028452076666
5.06716683463907
9.74516147712674
1.98154213321455
5.78651718513212
5.3133330215647
6.87179851886325
6.35814031727543
7.10347273077914
4.42371613507637
6.39731421384027
5.70073062586711
8.20755392254883
9.58100374599686
5.4624098104944
8.77975526420122
7.61409164709629
7.02148553145241
6.90120852385085
7.6726888449073
9.13126968992625
7.86492499266495
6.54830891877385
7.4944082105346
7.76887452379608
8.43768613381493
7.84219193375488
6.60915172503184
7.79859721720422
7.60600850435641
8.43488325064453
7.2086412358611
8.08066901323221
6.85173729910879
8.19101359106476
4.13248407858248
8.61550624272848
7.30058151470608
8.03971985829103
8.85734178750211
7.81946521264274
8.79015548810855
8.15316716089249
9.29335869251545
6.06609800381004
7.4071183908858
4.81947064899409
6.72114052727889
7.96448274332712
9.53576045774745
9.37765395480288
8.93327012975678
6.84982859816984
8.232338176676
8.18641134929082
7.13461167356752
3.34647569593773
3.41980541393122
6.09958951032398
7.41267695324769
3.54327484494022
5.25266303013843
4.68828197030041
6.33794436386956
5.70956650395115
8.458960531848
6.0882977973463
5.77226316257597
4.99527575524968
9.51903854884064
7.72407174878586
5.13208679048492
9.60559014143156
7.22229356092689
9.22918652623519
9.02930095492878
9.54097147879562
9.61769954610862
8.79712958984965
9.22538933073611
9.46154498728787
7.42062541468956
8.62029036254069
8.72983639759636
7.55291430480801
9.00236484505283
9.06700701124911
8.94224864988928
9.7952434386711
9.35059978778972
8.59428297615897
9.21355354561537
4.23694945223574
8.5704194283216
9.47352096498141
9.0605591371358
10.7915959362088
7.93855184338936
10.43641794618
8.94329581192352
10.9470508320086
5.15661097509137
8.33163539150186
7.92603904103667
4.77502064328582
5.04177920596574
7.90247289808695
7.33079493025123
8.00351543670261
2.62511276661787
9.15132196677251
6.58877064875955
1.08528133373115
6.67026605561324
6.91769399118372
8.15586616617502
9.06333008698048
5.67327051250955
2.22798044848402
2.22798044848402
3.31326178221516
3.31326178221516
6.2969387714787
3.2758300370837
3.47019434287093
7.0551009689366
7.24862040131843
9.6821758333267
6.98844057818685
7.67272564148688
6.33388089140312
6.77602208902655
7.5457335671538
7.03033171883201
7.0893398142921
6.14849997905519
6.71302630163103
7.02949170585371
6.20810833314655
5.83651827478519
8.10556643561071
8.17594871769704
6.27102064589121
7.36406915969281
7.40914952749439
8.13438504687737
8.86723842404454
9.35732416046378
8.19547160461205
6.91365912825499
7.29680051839073
7.7323571801546
6.73144727617086
8.54619593573142
6.6082943365532
8.2617517354228
8.11729517048718
8.65211909691128
3.32610475038121
6.13296622563406
7.18432887945856
3.75059601002557
5.35377382229086
9.20454832014539
7.79272667372346
8.35945127908031
4.68540278793002
7.17366858603051
6.10674567138247
4.70967071886625
6.45043506637276
6.01420256965839
8.17594871769704
7.27808517957962
5.74586845005045
2.39613159527388
1.83413713733428
3.48141292900501
2.86719555420856
6.28045894987249
3.26137806495747
3.06904160865023
7.8437868364636
7.35168010703125
7.80015880462081
7.02206018167615
9.73195131942329
7.49189699564759
9.08411486985944
8.80394332659918
9.58186041159475
8.97943279469546
7.50351779308774
9.11281876522078
9.45039532521794
7.47192925090849
8.01637934970728
8.24333622533049
7.48189976281976
8.47157857847589
8.75484316231026
8.73714721268667
9.9423264787125
8.17578104280272
8.53465856058874
8.9254195998606
7.51277948931943
8.9441823552153
9.61142605007258
9.00044146460143
10.8733664395509
7.96402426344687
10.1212527513578
8.35491637519231
10.6878829504569
4.95389613978719
7.23281866997953
7.02182595419545
3.68039639127708
4.60205133851088
9.46170144555133
6.44181437609299
7.95665105624918
4.63139585842133
8.50026582121763
4.27398397966628
4.88413184934068
7.05087551869392
6.91938455175285
7.38573561991032
8.72224287270993
5.81863028340948
2.47003355253968
1.94701307401384
3.55531488627081
3.03229440774497
4.92439943825323
0.858869414743697
3.18922696840074
8.48307665520993
5.79270314696885
9.76222306752738
7.31142093783112
8.54000450944716
6.44643400894635
7.91205873300257
7.67155386093794
8.31285218608291
7.94687387717883
6.35018621010691
7.86492169548341
8.18138709970609
6.28442189669786
6.74737112419543
7.44574860632461
7.7338655804758
7.31824699549506
7.56733580809963
7.51963886227551
8.72688191106347
8.59293023322261
8.78662437824477
7.92164677919713
6.46492990071976
7.52541280660051
8.42541321754933
7.56827771580572
9.59293891992824
6.82564111133354
9.11747993069436
7.55732875618643
9.55446027939314
3.66803624691643
6.0944355178662
6.75539507107894
2.62511276661787
4.60205133851088
8.66700879823799
7.1898746151168
7.34520957707597
4.05791720238152
7.37535481708223
5.15921019049327
4.17213119695884
5.96273185942378
5.35129038025057
7.63770143756635
7.37921223742271
5.14951962997141
1.71773882948738
0.858869414743697
2.80302016321851
1.94415074847483
5.59303108092213
1.94701307401384
2.1010833091306
7.48303553208869
6.40414462614205
8.49321484201553
6.52063995540994
9.15642416415426
7.16134905409995
8.77092814774625
8.51184833918123
9.07555745791715
8.67149171289111
7.2090556248506
8.53643007104704
8.94409237154033
7.14329131144155
7.5015647291013
8.20814929782034
7.1637293282534
8.17711641023874
8.33018393172024
8.17283021648571
9.38890339670051
8.59293023322261
8.26360389971893
8.64626461490941
5.81420986179429
8.38428222134419
9.16906018747616
8.26808205722621
10.3556441917625
7.58615798741709
9.70617169833791
8.31972944768216
10.3171655512274
4.48158898998944
6.85495239394975
7.32913840785498
2.62511276661787
4.12706807291757
7.90460810674226
7.1898746151168
7.34520957707597
4.85309321510189
8.21785592987402
5.74429487358317
3.52141115803337
5.96273185942378
6.21015979499426
7.63770143756635
8.23808165216639
5.77661729823539
1.71773882948738
1.71773882948738
2.80302016321851
2.80302016321851
5.59303108092213
2.47003355253968
2.95995272387429
7.48303553208869
6.40414462614205
9.15606869886442
7.09178736391269
8.97756365879574
8.00505656117521
7.58747946064022
6.16496990357815
7.87220108756405
9.01197851523398
8.50188027674561
6.89973059236426
7.70378551661563
8.04293138379371
8.41863131319497
6.68128972825432
5.53326599641058
8.15765789859119
7.27928006670704
8.16311892086313
7.26691529555181
6.33328167463659
6.47740536771801
7.48402792084934
4.068784411233
8.24899328648419
8.12682590761909
7.67636933851421
9.06551684972572
7.62866960865138
8.91564532098993
7.6740415722646
9.51855708859581
6.41216884518229
7.84514372429989
3.87381134175061
6.31692507399959
7.05775417231252
8.95516732058847
9.08587116655724
7.97172706824987
6.25472296895386
8.82077723705495
7.37653961296754
6.60901105056439
3.13304387317816
2.27417445843447
5.78732178349725
8.6748322060202
2.51119184522301
4.78597583977248
3.92710642502879
5.87125717350361
5.01238775875992
7.74504796669714
5.49520059653107
5.01108761730435
4.79072284402111
8.84912915846683
8.50188027674561
4.9231170169265
9.56013712699863
8.66707804681225
8.4463488753839
7.02383931832183
8.49253240716332
9.82080664328222
9.24096317791837
7.75860000710794
8.32411683621489
8.90180079853739
9.15771421436773
7.42241871770486
4.94818131332068
8.77798921819045
7.98105254860831
8.7499268730945
8.07574342360005
6.33328167463659
5.95438488919217
7.97367445805087
3.47758578334028
9.10784328014864
8.94437067433273
8.32956069272441
9.82822212155996
8.21124307685427
9.56883667520012
8.36000824769944
10.327385216644
7.0959094649894
8.42771719250278
4.28932197641532
6.31692507399959
6.68446584919677
8.2363406105427
9.08587116655724
7.97172706824987
7.05467895106037
9.45697407211986
7.96162429605744
5.80905506845787
3.13304387317816
3.13304387317816
5.78732178349725
9.35384821080253
3.13304387317816
4.78597583977248
4.78597583977248
5.87125717350361
5.87125717350361
7.74504796669714
5.87411949904261
5.86995703204804
4.79072284402111
8.84912915846683
9.26458554857985
5.54496904488165
