8.26235527891494
7.50976330748888
4.44589701613925
8.6480209495576
7.14019232660151
7.39889059446431
7.58487831012458
4.87372732941832
6.72537254030667
8.43806897128094
7.51257836672562
5.39297838688579
6.53019798177676
5.92202016942287
6.09545812846852
7.53002749793114
4.62496516978054
5.63510901018648
8.49008710002528
8.49008710002528
7.74568944568383
8.1854523276864
8.23804792223896
5.06930090835145
7.44734893132171
5.88285195874339
8.04515105691073
5.27799963309681
6.55345660178
9.75370736634679
8.14312597096798
6.62456009145188
8.66396986184213
8.42354339101689
8.45846831052133
8.45997084320557
5.18031203671438
7.03252914502688
7.40320207700121
6.82748757590213
5.94527878942611
6.84878958460781
5.21726469451979
6.1462496625788
7.02919002659997
6.33764893221549
4.19666158026662
8.94058784426797
5.32750509180956
6.88233838809556
5.98053955512582
6.99907376978025
7.70161369180927
6.96264631759158
7.02919002659997
11.9919089728372
11.1501968262662
9.04202664385555
12.1187724810162
8.74544509137907
11.3914779418898
11.8279821311978
9.84539138681652
8.27344261418808
12.6944488948662
11.1501968262662
9.40874860291493
8.24321351486139
6.71893385422337
8.04002520579173
11.8279821311978
5.38881293943548
6.55079685693827
3.02180967503592
2.16343699545432
10.7344840024537
11.2577571218215
10.5552171997924
6.78231644143608
2.74587883469341
3.25304719947152
1.04607728713047
6.7153814592164
9.07838309079037
12.1657985951713
10.5552171997924
7.42147377625238
10.8212529325135
2.31926975300691
10.7234343015752
1.46089707342531
2.55050727744251
2.33105904839857
3.60425151427501
11.1254422091688
8.79437673921805
7.81903111017555
8.66206182656541
7.11649118814653
1.56091260161061
7.25333677896728
8.57262645541113
11.2577571218215
6.09135286146449
11.1254422091688
7.41792138124541
12.6944488948662
11.8527367482952
9.74456656588456
12.1187724810162
8.27344261418808
12.0940178639189
11.8279821311978
9.1428514647875
8.74544509137907
12.6944488948662
11.8527367482952
8.70620868088592
7.73597325922454
7.42147377625238
8.74256512782074
11.8279821311978
6.09135286146449
7.25333677896728
2.60698988874108
1.74861720915948
10.7344840024537
11.2577571218215
11.2577571218215
7.48485636346509
2.33105904839857
2.55050727744251
1.46089707342531
7.41792138124541
8.37584316876136
12.1657985951713
11.2577571218215
6.71893385422337
11.5237928545425
1.90444996671207
10.7234343015752
1.04607728713047
3.25304719947152
2.74587883469341
3.18943172798017
11.8279821311978
8.09183681718904
7.11649118814653
9.36460174859442
7.81903111017555
2.26345252363962
6.55079685693827
9.27516637744014
11.2577571218215
5.38881293943548
11.8279821311978
6.7153814592164
11.9919089728372
11.1501968262662
9.00559919166687
12.1187724810162
8.78959194569957
11.3914779418898
11.8279821311978
9.8818188390052
8.3052334601576
12.6944488948662
11.1501968262662
9.36460174859442
8.27845129330725
6.71893385422337
8.04002520579173
11.8279821311978
5.55339754171361
6.7153814592164
2.16343699545432
3.02180967503592
10.7344840024537
11.2577571218215
10.5552171997924
6.81755421988194
3.60425151427501
3.25304719947152
1.90444996671207
6.55079685693827
9.07838309079037
12.1657985951713
10.5552171997924
7.42147377625238
10.8212529325135
1.46089707342531
10.7234343015752
2.31926975300691
2.55050727744251
3.18943172798017
2.74587883469341
11.1254422091688
8.83852359353856
7.92694847451128
8.70620868088592
7.22440855248227
0.702539922029008
7.41792138124541
8.60905390759981
11.2577571218215
6.25593746374262
11.1254422091688
7.25333677896728
11.9919089728372
11.1501968262662
9.2093951737959
11.8464126316319
9.42303621031122
11.1191180925056
11.8279821311978
9.91193509582491
8.93867772476925
12.6944488948662
11.1501968262662
9.099961301342
8.88556685534766
7.41784313359964
7.76766535640748
11.8279821311978
6.25593746374262
7.41792138124541
1.46089707342531
2.31926975300691
10.4698435552013
11.2577571218215
10.5552171997924
7.42466978192235
3.40823720358289
2.9884067522191
2.60698988874108
7.25333677896728
9.28989847505122
12.1657985951713
10.5552171997924
8.12038305562865
10.5488930831292
2.16343699545432
10.451074452191
3.02180967503592
2.28586683019008
2.99341741728805
2.54986452400129
11.1254422091688
8.5661637441543
8.62948839654029
8.43384883150166
7.92694847451128
0
8.12046130327442
8.63917016441952
11.2577571218215
6.95847738577164
11.1254422091688
7.95587670099629
