9.20981377655356
4.98774336130511
6.03890571341256
8.29152452184483
8.82242406773337
9.63092372043719
6.68571338736588
7.11628873957721
8.70788414971594
8.21198930556761
7.58296629870441
6.62744554529804
7.31340229943301
4.82224531437059
4.13206454977134
4.27401932666568
7.22685810553491
6.97697403795684
8.39940084023123
7.64034029844157
8.40755499778773
8.75911292029733
8.34939733612827
8.06148512629923
9.64298359657925
6.78410667560696
8.78452813044442
7.69675408470563
7.67419106038212
8.26982214814531
5.23097070982916
9.64298359657925
8.15736901916468
8.59941960366033
7.87695522678662
5.80840379736138
8.83772249172574
8.36164877233104
7.37355324774093
9.11279700350106
8.8455928624243
5.79926358340126
6.47607777038542
7.49746736111309
8.8386351001192
8.22978687057554
7.21490761753796
6.79526918237745
8.8386351001192
9.96235193081407
8.3534271814715
9.2139862223901
8.60712120537785
7.47924234627572
7.09092721509406
7.04106499503467
8.5933119573786
8.8384674173935
4.71513804104519
7.34949829891755
5.10945338651462
7.86810969998223
8.65378026413075
8.10667647138813
3.77744375108172
7.5729628412823
8.16310574091519
5.83888785724374
6.48347722890347
7.41941757153736
8.7227557099615
8.44828076308237
2.83542260379952
6.88773982478392
8.91148803661254
8.54155730230227
7.08616759751263
7.008683924663
10.9756944939849
8.8244087379667
9.19957691463189
9.58158691043729
6.47088529406519
3.90166618185462
10.1532886557461
6.91126867207922
6.63761113340518
5.7012015205977
7.2143131600886
8.45036420001136
8.4420787983719
6.96370750574425
5.73449338416871
8.59076562849747
5.30178132314768
5.88475635138511
7.21500152677726
6.23168591815126
7.07711394978496
4.10887020611957
7.88301926152145
6.65135777427393
5.76677755482846
8.60264226335681
6.47212386335226
7.61675838304913
6.33087625243943
4.49804866471302
6.55622412696243
7.13807393216382
5.81343452840889
7.87883385858559
6.57077336591895
5.30162204176406
5.54549265428368
6.33289678584876
8.50123396985069
6.5532953619218
8.31287218901425
7.75069294079001
7.54463319116051
5.67880452665223
5.11122803931442
8.04197748603405
7.39754652390205
6.83066873696897
5.86047405750302
5.67563096529732
4.19086653570787
6.08022425807166
6.50702842607301
7.58822644071877
6.82647159431235
7.21401400736177
7.13490800802204
5.83165103417723
5.5268240594048
5.52187417683231
5.0392002831742
4.66394521495595
6.72679683235905
5.13895358849789
4.08763883821752
7.07008054126033
3.57643960635479
8.40717647144775
7.60546768886309
6.1763024669189
6.77335652081523
6.21551796533788
6.7603668554533
6.58641246754188
7.7097582086762
7.53655159573396
7.26188976170884
5.01375121370744
6.60103021763761
5.72507410342508
6.09673221340982
9.22411455361737
6.36601315454786
9.16339951817695
6.78455765103998
6.51032819935807
5.98077670858065
7.31152480704882
6.78557409530127
7.63705300586026
7.77208303169041
7.33569234505015
7.14393842435243
7.47615479299073
6.53058258993806
6.75679021531759
6.20027036905225
6.07290791264699
5.27565043991017
6.36081641885954
8.07241602217
8.88215011811274
8.0849042717646
5.99323740535807
6.59625030167351
7.19998181805973
6.75108849711806
7.95939263644938
6.47002448269055
8.16894332965515
5.42288896114478
5.69128240449268
9.2997088394617
8.16894332965515
7.0170701338738
7.28776076240865
6.00289777879949
3.78396251848484
7.31800728041122
7.28776076240865
8.04493893487923
6.92856878648159
7.45650055846292
6.89095764098979
5.36291682417561
8.55746689786438
7.31643517053401
5.16883696378443
8.22197517747281
7.99597320266838
7.88503136521777
8.75315137513896
7.96280517812167
5.84390081607223
8.24390953351861
7.79373259593905
6.59781627538752
7.64799726395781
7.5861285810449
6.35736085943001
9.2848723782632
7.47420083834661
5.71322674492021
8.7092700218157
6.76906845729005
7.67940241752553
8.45551292165334
6.24740340029811
7.74552730610322
8.86239042927309
8.42767427852541
9.40535368961847
5.50516855770315
8.32128015024765
6.9729344721881
7.29887455624988
6.89876449060191
7.39241808667699
9.7675724601242
5.76442192420015
6.28922565857298
7.58119411242738
7.40024044332923
8.39155833582046
8.54113446117527
7.88071858109536
8.72204543611328
7.50266838454042
8.3299942686519
8.20683198123965
8.33261924389232
8.27030971743902
9.74208177673055
7.99984024222078
7.10356652210292
8.6387596142493
5.61184203861866
8.33261924389232
7.4067490216183
9.55695595600216
7.82457354761386
6.30297347472024
9.79885962309744
9.69227476739878
7.11640265946582
9.32352621803438
9.72795036047734
7.26536623904796
8.78785028728462
8.35764814152707
8.45810814610383
8.78744306652982
7.87362508678736
7.00621628977641
8.71234770811305
9.34993405910581
9.59882308481565
9.47939574938787
8.81063549970561
8.56883544279659
7.70524945426424
8.11070464270846
8.46690213641481
9.07595390415315
7.11770571267849
8.37832496810661
6.00243315340632
7.96007172994006
9.57262885752664
9.1355031405772
7.65699808033661
8.51970034757841
8.07911016509084
5.52508931866984
8.63518505928607
8.53853685975696
9.00111537356678
9.08514374819269
7.82426478726182
8.55825343745903
7.85865673025821
9.54187548669065
9.14605319059817
6.55869648168683
11.2740155674703
9.47146415545127
10.0799912673553
10.2286423279219
9.23584820061098
6.87680219896029
7.68530279478814
4.93318331130969
7.7336430041891
7.10297584762607
8.20844441237115
7.08371570641444
10.2448682832253
9.17538415322693
6.00059785500953
9.82012570463424
7.6884154824536
8.68388138528382
6.30060835582093
5.6231666204953
7.01924748004209
7.54826257143907
8.19051329218964
9.39219992579311
7.70863478068221
6.43485392746549
7.72873323449357
5.20030793198841
6.38905834696276
4.77139073140509
7.6030800829803
6.63250243881119
6.0660949825698
6.96328489940541
5.1655925159874
6.48540410712599
6.32160908213535
6.8513087572485
6.97744180904058
6.51381821189694
7.35892022058524
7.67949935310121
8.49057591361696
5.93796363436137
7.0721880595445
5.92466115765665
7.47938621566447
6.588597387148
5.05349271401545
9.91105345170277
4.36644474898498
7.44697744185147
4.52770139841192
5.5929124097007
7.08171649604214
7.39409128057681
4.93463871920302
6.42863451773575
7.05175353897933
5.93680549490695
6.86204170930193
9.20810285321755
5.3141221525355
4.55708387781896
5.82862770646675
4.85539660508177
5.31412215253551
8.01691452070228
6.44858261854847
7.34515323588143
5.98425538848632
6.43643690926958
4.63988257334054
4.50322102935268
6.22597312931464
6.54535868025349
4.07301955870092
7.22300548872738
4.30803453661821
5.20012069333372
8.35991808258682
7.22300548872738
8.18120336591022
6.61635154966676
5.8471498506737
6.05382023583648
6.21952652108835
7.22882108128464
7.37352972213735
5.79522413502661
7.02704293324569
7.68360710641203
4.47143017677741
8.34639292510472
7.08680278330386
6.32839267404287
9.38092976214424
6.98106325571684
7.08082781837971
7.73824142818742
7.77005453747081
7.39145000383628
8.70594983275389
6.82135252796422
7.00897405606148
7.49398851086814
7.35079668763468
2.97986178286023
8.14747744191109
5.61289848053714
5.68082135644508
7.82296619212744
6.44874266602115
6.05064285564531
7.44419330066141
7.72061334138419
6.70650658609587
6.14940400426593
7.58861377571115
8.23022727554421
7.01618982410918
8.78670063116198
8.58569237769111
7.2617968771239
7.88222690374703
6.00473759106767
6.41402196817202
5.15651032882625
4.88215534031999
4.2960503086558
6.83050443012822
6.93891467731027
8.7199993537431
7.02225626565347
9.02716233390684
8.29544204602835
8.6771881857012
9.0902367273692
9.136408343912
7.25711287208111
7.88619754701278
8.39656031687428
7.53982271023135
8.6275248015171
6.32322474798059
9.89358651638259
7.43113941720923
8.09445939927153
6.47002081711213
7.32898422254994
8.13288641409461
6.05266188800471
7.37032893373668
7.70485013874082
9.07306724697581
5.60345330128409
6.81988387501544
7.34242110414953
7.99612928278254
7.38685051931985
7.66363219523582
6.68240891372154
7.94910485153909
9.40938808612514
7.37496249001211
8.16784479958853
8.94099658481839
5.08636590484428
5.97480828690728
5.95575338918319
6.43683022980101
7.56729251181766
3.34104431113134
6.93359249382075
5.78753230931348
6.43683022980101
8.27803248915848
8.44794883876192
3.99723348040478
6.46981213802633
4.89066812309612
6.52885662433025
5.00230343874422
5.57367150635364
7.05379597954822
7.31437337274636
4.42627301896248
5.87281963292525
7.96844189796195
6.37884084248259
6.75255651060204
6.65230981592573
9.90882653275746
8.4184713915576
9.72218899944575
9.17564956402818
7.30178951611242
4.89182728720489
9.35520015828829
8.87680545745116
7.05196162427546
7.75774452135115
7.33782167521199
6.9194508251676
7.3483294381604
6.67272798137202
5.57533056524193
8.63299975230753
5.89772637179491
5.56295940094165
5.04078851359634
8.09332962891131
5.90845961354183
6.10713939898127
7.30214690807758
8.83975453676334
7.87696104684553
7.60554557305355
8.7103586252538
4.89021107310088
6.44149253388727
4.99162470620832
5.94010829452838
7.66639123041634
5.76932814307767
7.21170721650973
5.41664415165002
7.35557081698415
6.57744882672682
7.3285543637367
8.02877153781745
6.58515980128137
6.18810715097878
8.68804185058932
7.90646371941359
6.92136449419842
6.70196007651047
7.43615302277259
6.4690219922714
7.9467906556284
7.16025285620868
9.33710203048686
6.66538276668044
5.80763343991265
5.86991051930968
6.14863854806102
5.94002113691719
5.83398935689549
5.39292368675501
5.70210400147811
5.1117845484153
4.32695647274416
7.87242560142428
7.79680455526264
6.7980074837168
5.93280694927545
4.56384799728795
4.80568573882581
6.1389803488152
6.80072836217151
6.71697239631795
7.51785528736575
6.21677903557416
4.57601594145796
5.87216642040317
6.38131208330672
4.93782936800402
5.91197137998243
4.7720961617627
6.5277147606387
4.92437501760802
2.79929744272093
8.44480711532953
6.5277147606387
7.40842423887539
6.27289880978829
6.60480971220641
6.46885430954569
5.6600422309114
5.44872322944637
7.85234232699392
6.36099490420409
8.13438241126047
6.32014497847089
6.01302366781292
5.91467708123044
5.59796957123208
7.41939466350058
9.0000423128098
7.04354743138279
6.44744368351435
7.80072560385337
7.15455938655276
7.88703321651413
9.20041049896077
8.88660746644484
7.01112943535689
8.38926261364539
5.82399212661985
5.81333759283321
6.69187466200917
5.66436726358307
6.18220683553136
7.71322977125658
6.99682526073288
4.87619418057394
7.23916239664093
6.43658590988231
6.87840276891496
7.54479129659206
8.25300899919898
8.6494919128722
6.86958669893082
7.42863113989069
8.26333022237564
6.66222283557054
7.93381305982064
6.15223679896712
8.23561885169595
6.30068045122243
7.07871299031877
6.53319282125596
5.78192597733086
7.25056233053079
6.18076437100823
7.4928339554618
7.74895525713669
7.81087727202202
8.06072897915604
8.42167079366873
9.02966324399058
6.58566759745301
7.28003017854296
7.46941587051454
7.70397009699444
8.13335210000589
5.71163554780258
9.74403497451579
4.57428686798344
6.6190866162924
4.50329162566434
5.50109019814088
8.03670160888708
6.01866941115588
4.90831871084857
5.78516188645383
7.80676919511408
4.81405823843558
8.20998645339403
8.99176939187408
6.81522914632712
6.07928234175859
6.44496116781022
3.98062109540914
6.65106261268274
9.13219076170148
7.32519964024943
7.97248569932163
6.41603419122253
6.53972278418305
6.14560133364212
5.90988233543388
5.8654766542445
8.06755714419313
4.62906945968689
6.32498260512968
4.10019241761976
5.8654766542445
7.83933895007085
7.83933895007085
7.14926213873351
6.46869235183363
5.85499196967217
6.42142368220182
6.22473855137743
5.78412347125767
7.36028037098779
5.94174844881636
7.15084105987972
5.99729444188331
5.01227488790452
7.09247278699707
7.09604149353046
7.8505911379825
10.6917089111981
8.55228421922377
8.76238908666267
9.30946239169436
8.73507482893985
7.17511654249281
7.81345470190466
6.78480200222864
7.00885823966262
7.53058755082276
7.75863880663314
2.9877039018587
7.24945455831339
7.33509694447677
6.1061775413269
8.59447964022355
6.41935675319018
6.30683816108196
6.84868810123124
7.5449436493126
4.99767940396985
6.65017150029927
4.49719969480009
6.86421975239303
9.18993333684118
9.33912611471421
9.4264817218254
4.86661761263588
6.2282070679063
6.89252440720368
5.24830692961002
6.36975153995627
5.11479971660531
6.40753118445079
7.5567343578551
5.52077873252019
7.72172185052258
5.7894488894609
7.07143214455579
8.17079145424226
8.30830907601541
7.618654988411
8.01374360027143
6.5887837185424
8.14267268599556
7.47285546023751
7.85465681063799
8.22414679666734
6.14734658520056
8.01374360027143
7.19799778706845
8.69198369287628
6.86795890193039
7.39549747077437
7.34259727216714
7.19406499469497
7.34639501027719
7.14805381103714
9.22037731221751
7.31614106750082
6.36325397070329
2.5836223075827
7.40475872740259
6.8140353303988
8.10091376210505
5.88951841118039
6.64091904047345
7.03521732227391
6.60041241379395
9.41659419556255
6.66192373842259
3.94821582432809
4.7482026942558
5.87210269093937
7.6032887264251
7.37541704970744
5.7835461012544
7.7908150264224
7.53721784688571
7.3947973840801
8.8409960149927
8.54799319889299
4.55095538489577
6.09514309950454
6.24351021799519
4.30617596092095
6.96399337777465
4.51378934669203
6.09514309950454
8.18726217241569
7.60810822868263
7.3985007681204
8.62645258860227
5.83236130802545
5.77482156760372
6.28251090116517
8.00387475612156
8.52216369472599
9.24945159161789
9.24510999544999
6.52465346486463
5.59348839341443
10.5577541799614
9.29805165518565
6.88169981778551
7.80218438763164
4.35381563879719
6.97095555270567
6.18335087801233
6.01561619358614
3.97079418878326
5.10166145575809
7.26879586410434
6.03920512666481
7.78042281185463
8.60175761290798
8.24581862707705
4.9334890072873
7.35723153018022
9.62906255939475
7.64379999984511
9.60999264731043
10.7626611913388
6.77265872767077
8.13670027274959
5.24485142575937
9.09549883716193
7.86668580017799
7.11911734617844
8.09447889766152
8.43502237088933
6.92464368690014
7.20333377377593
8.47817250626672
9.14389992025236
7.90587075334704
9.44336870179714
9.87317828169927
10.0714308518832
6.88391536199757
5.99063982771689
9.12771270120349
8.52840268416185
9.68809280412318
8.3204949653774
10.8286090243538
5.98934313875991
4.36415628124442
6.0226096066279
8.8808840537617
8.52337674102607
7.06422705977274
6.43895583640849
6.16187128037206
6.0072484778261
4.01551796533787
9.28046996594483
8.98144531292309
8.84776307155217
7.13773689050664
5.8403443494323
6.36517633550524
8.31701497308401
9.26828474972852
7.82513173479966
9.08373693846821
7.43686541765702
5.01692961855297
7.64367217570726
7.46360101487828
6.15360364128447
7.9625806999052
7.61767968917383
8.33177869745609
7.36069736774696
6.60291862544095
9.43191388077676
9.8254207241497
6.81984023969141
9.14984061876927
5.42577914076922
7.65814582425975
8.34061694261803
6.81130869348618
8.39266244629869
5.47252350631204
9.6867947647404
7.07041704854598
7.76745399313414
7.37325667412295
7.61416092476214
8.23020918722089
10.2949360944416
8.1154443545896
5.87823705200753
8.87262252706018
7.04220489290795
8.73013422822114
9.08619857166714
9.82877133161442
7.25615618564891
9.91988878792242
7.50678550225524
5.8562979698652
7.9971336337125
6.24627189409978
6.91234427468911
8.44011430163433
9.66207335856223
5.92305222176428
8.61063158988609
5.41676725375333
8.14464491522814
8.09454247002823
8.71878964966094
9.43819490758988
4.43125385940516
6.71698612759423
5.75457172412519
8.12016169280548
7.57760276181343
6.89625782976729
9.67749449924561
6.19128981519238
7.04873391271102
6.9357923647154
5.93560682582087
8.92401706793115
8.62060835893259
8.16319212770175
8.63019200615787
8.76280073975851
8.03991055702242
8.70869365268965
7.74943636470997
8.43600225309168
8.05449338728037
7.40374125848695
6.00187323059662
7.85998161127443
5.26347500165835
8.50661453718055
5.95097165606484
8.58265020719552
6.16793199284072
5.96035578481622
9.67420292351908
7.83526343980999
7.34208615349272
7.40336290895918
9.5038362160494
6.02127101601066
8.7844967133386
10.0786570154622
7.94836415179514
8.23700795850943
7.82040920375879
7.14094795537959
7.76095194202573
9.83612597472191
9.49640677480114
9.84308276816574
8.09527862267073
7.72397015004393
8.22464974934837
8.01324438081192
7.29712876865498
9.04594686257867
6.69959610715242
7.1003778391202
5.44071836023597
7.29712876865498
8.22931634117364
8.51000564591455
7.43976593317185
8.44508388450123
7.06752572708731
6.99277145142855
7.4108406543842
7.47230199914824
8.5551440422605
7.74548604172491
6.94501846935137
7.40476781054616
7.58391514172045
8.46321255755259
8.71000261957818
8.24518041298934
11.6316818909377
9.66693670691823
9.92306458311383
10.4241148793888
9.675444751297
7.84871179717411
6.82285380915252
4.03642563025515
6.68316212597098
7.34820348675567
9.39365918596696
5.23843538272088
8.7020797668651
9.16078919181379
7.49320887156563
10.0919248620226
7.24695923613408
8.21717981410945
7.751905017778
6.03311475242938
7.92375092216903
5.43473211803477
8.1342750801535
9.31931036948765
5.56548738744699
7.74182192060365
9.7846292079941
7.43862403144223
8.42704455168972
3.71136922974105
9.25683847581525
6.64514098169111
7.5231963788864
7.4903777236794
7.75879083575657
5.52793345006623
5.51146651486529
8.46966410025277
7.94790953652095
6.27058552377156
9.28038365421568
9.00314741860439
9.87693725322372
4.21446483966346
5.02099314828279
8.00548739563042
8.24391691020634
9.32853859274035
7.3090426149418
10.6341154256943
2.3006462423542
5.49878886428425
3.95635228093371
6.92627262594901
7.12704095335333
6.80114556730803
4.4117132095416
5.38367228940741
6.8948609127677
4.24414761384578
8.26788015235698
9.8079317926468
7.27682807775457
4.95040045620084
5.2119796449972
6.54970582846208
7.09573221329057
9.13984631715106
8.96106062138416
7.65881857320987
6.4809570328691
5.80294421243986
7.00491276016815
7.35705142856597
5.54342422422211
7.59477653743864
7.23517398864899
6.99989774453812
6.68418615450021
6.05336758638054
7.9944786155692
8.38798545894213
7.87781559717007
8.56299438259462
5.60969693550035
7.47520789201584
7.50760688037153
7.40655156620466
7.80581621012404
3.73075617667249
8.80255149354936
6.61042124668114
7.7426666929637
8.32439780629061
8.6442521866346
8.34864286706998
10.9765205029159
6.75605873582643
6.20741084066561
7.51323690829701
7.03643801327995
8.8397152401634
7.39823973408132
7.77134441515881
7.56067140959666
8.91814858823194
7.60253880642838
4.168806958942
7.97919017595856
5.82922216391612
7.23746454156202
8.53244600912594
8.64225221213335
6.25983754317546
7.040886186093
9.24020277359336
5.48445112213595
6.35779376625486
7.75951332978312
7.50006555632106
8.14120332186305
8.8141857986172
8.92989733111612
5.97427042188129
8.69934452530639
7.03351536062539
4.41157545253891
6.63931671713986
5.88213854466927
5.46013108828274
6.2236832515074
5.18897012905621
7.0491087397917
7.32116045989302
8.55933457642034
7.30128447825892
8.54256767221556
8.84927204575524
9.24487013164947
7.29706351820336
7.858561879855
8.26738421088925
8.37138793504888
8.6524886866826
7.73186923291233
10.0020483041201
6.54445998983841
7.33433803901543
6.13886473112656
7.68541617668018
5.4671085219508
5.42011610160282
5.29845324258364
6.95519819247002
6.70180579187529
5.6887369234537
7.31471117270459
7.95633444854202
8.844857887694
6.75737245258862
6.53818658315697
4.64306097818606
7.21491475457839
8.56294744878154
6.46548138034102
7.23291517620227
7.27895493733164
5.51138259196783
5.51145741200659
5.59459766668178
6.55791563750079
8.10485762315549
3.03583543217388
6.61402836829145
7.11131542908009
6.21110444674143
8.58028285228539
8.11724237995791
5.76231876056595
7.29007900931007
7.4776723453481
6.16110282910071
6.26308337892695
5.77572266436891
7.38974333986835
6.99062067887548
7.08719258888101
5.55318001225138
6.77768222663259
7.26304238256685
7.03236518198122
7.34188297110532
8.64781495977701
8.16399443829275
8.34053830396577
8.92117261076334
6.34954037957288
6.05754232576689
7.40939026032077
10.1328494090844
7.96834517076363
9.37654402851945
5.78915164073713
6.12279253597666
5.39148357542258
4.26606505684678
5.27012168628446
7.18990211844557
7.72751242609345
3.53376907298792
6.72375142497541
6.17560311308361
5.84874407608782
6.11917748941984
7.4849120819507
8.76687187325721
6.17306640913189
7.20883691662559
8.31151608960243
5.48680147091612
6.37995210971638
3.33855753605913
5.32018427507083
4.89396261235873
3.4466036752889
4.35744854152284
6.17816442046122
5.53952332535003
7.45809064190304
7.01113695780963
7.32870982628407
5.60813175428621
7.2490456635357
7.66751365753312
8.36534272555836
5.07547573753812
6.02265018193468
5.97602504431665
6.24703746769878
7.12525000748645
5.98639100137352
9.87969907049952
5.88234701537772
6.64227945889424
5.2118659693497
6.16482679176425
5.45552842463148
6.57408567548664
6.29803198645638
6.81635533263927
6.25757855799239
5.04305289998172
3.83979553312344
7.2463987791756
6.29661186962464
4.09606075976597
4.70267567024487
6.16351964952278
6.37166750057679
7.66218735780685
6.02512627374225
7.36049539483689
7.46509874570792
4.47344228243384
4.22920722128338
4.46454590218545
5.73125513051084
5.58565525988059
3.6654224486927
5.82381684012528
4.22395409695525
4.65002666807136
6.87399782869557
5.82381684012528
6.15084153627529
5.95531292863564
6.5181638034767
5.86279494532851
4.26927365543356
6.55894583136128
6.71249110110622
5.31377930070931
5.40955574507372
5.55415592905533
6.81039143835221
7.72578302902183
5.57141651252042
4.35547494192658
8.3732318002679
5.54717444439655
5.9206230019546
6.30435261686713
4.31653486442783
4.96121230095902
9.50929086845716
7.76221943615858
6.66404317518598
7.00865176314337
5.53313038446474
5.97437240932492
7.24991164417237
3.81894239735508
5.64624470291778
6.92540039438872
4.96180479259012
4.25668677246325
5.83707805245167
9.36809138898473
3.8990494356569
7.5233695802085
5.95259280464274
5.57729348157353
8.69798297131008
9.00016682091779
9.13376733736403
5.83557171917266
8.59606267760651
8.01111208395457
1.51435634494116
6.67681926262924
6.00999021258939
5.32451491536206
6.71435528442305
7.74819500146377
9.46865446530036
6.92374361478931
7.96367194666443
8.79548540122018
8.16440406803133
8.58638354073598
8.70835617820766
8.53652683927299
8.89298031515047
7.71640671045656
8.49601385939715
8.8244211929332
7.91745590253431
9.46553435067824
8.27198176303167
8.96689892326799
7.13886473112655
7.73170254910374
6.68241435100181
5.82906681876283
7.45466905918726
7.86972289524268
8.18745531507909
7.21766330061068
6.37790461727953
6.44208414203522
7.62244385385672
8.23733650498482
7.98018838729449
5.34465375006861
5.74142577048593
8.79474701684307
6.91481457021489
9.38361828036909
8.9991288168712
5.61912323393021
5.71655779624175
6.29848110887144
7.09931745151846
7.93679512315279
4.2412102126749
5.99489350337875
7.70381556811816
6.68512841818752
8.13209858182736
7.50924984831993
5.53047772941588
4.79635634010787
6.42606669088451
6.00940547556553
6.45554522028219
3.28199999516671
4.83184531429527
8.38510943404435
7.66942603389134
6.20388788619385
8.3811813677674
5.32029721379735
5.37497388642063
6.70431179731925
6.36800534723393
9.29165267581611
9.78254010810328
10.0488308482867
7.21068025736296
5.8326773182182
9.70660936791852
10.4988956350458
7.90430774632852
9.26997726114411
7.09642592364256
6.8344196921043
6.91917552164145
6.80188970047591
6.47549646678549
8.61994589075334
7.62094565871811
6.19508687819663
5.99391044204156
8.32885666236832
5.49496719544317
5.46122424747808
6.52874119530383
6.75051548009982
7.29818067096483
8.49156563559901
8.8914994158353
6.61351050642195
7.24499840497495
5.40480813180046
6.22745362350237
5.70297218204765
6.46015035451823
6.50338879339451
6.91237636494061
6.80346516246093
8.09279269108348
6.43943738452214
7.24279095868236
7.18515419366181
8.86374261239247
7.53460406738348
9.20113114456314
5.21330508176502
6.27012465297996
6.85727089619652
7.87632027511
7.78006320001871
7.01174651310966
9.95830931703372
5.66322025034462
6.70453412854806
5.23622136357251
7.83689604443727
5.35606211367148
3.64046845241285
7.03748066210695
6.30286992658579
7.18406103446647
5.1544102428087
7.31207674527112
7.70453958960547
7.82779608991626
5.24429168194474
5.80385990251197
5.20793226904237
6.15283657630267
8.49301951813347
7.94035355757111
8.77102198106948
7.5638921373785
3.35102119953204
5.77499145289597
6.94807166720597
5.22346753283738
6.35573491544756
6.13908409565987
6.74910849334038
6.65320152209886
5.43080196658535
7.98309046132584
8.24275052003399
6.25554311539459
7.29689772193991
5.4519605996211
5.14811915677065
6.44325367789815
5.78254137699874
6.53971954946932
5.49766755490699
8.00431971278547
4.9871182214966
7.3652696055025
6.46028540878167
7.43787748733045
7.50136938231848
8.52332297622885
7.21545782209648
7.20109890151318
7.97263599456706
5.40849668600832
6.46662139560839
8.2456692390919
9.65782684954582
6.62852375320485
8.70005827061661
5.78235090363033
6.33961283592916
6.76456505666792
6.10811429113086
6.55287472336135
7.20754572458975
6.93650196541794
6.42792491703321
8.31045702647503
6.20435519054916
6.26520084791196
4.61055917861691
6.7170071628979
8.3677649276818
4.4045040737678
7.26416128317454
9.27270680895914
6.58770469435858
6.99393176507859
3.91004132238846
7.98235090363033
4.47505093059285
4.58590813439921
5.62613446945991
7.61201688216193
6.1937627896803
6.67114107003329
7.85552475905305
8.02995663847371
7.12306664450916
7.88007190339101
8.36876046972275
8.88833583886211
4.87259830257367
4.04995589902333
7.43445002897688
6.73387026793168
8.58367499214667
6.94938456769115
9.64551401133269
5.22147298892072
4.97323050759531
6.21265298533993
7.61737783370773
6.90145345177809
6.1077346489305
7.01116065375249
6.54160091384918
7.20487137839575
2.42488309587198
7.18800433976531
7.9311157885084
8.49464737288709
5.7185998276212
4.29452949321376
7.12730519271533
7.80117954402178
8.61175085183377
7.97309504624432
8.54776799458563
7.57095631946829
4.09239819527354
6.24468783206246
7.33215481720936
6.68645811432342
7.50746025266463
6.74313458893435
6.27769249506675
6.12133090289698
7.10754958447144
7.33749858769213
7.79204884000792
5.24642648261694
8.11162576983808
6.47047869283731
6.14363554423197
7.67142741845927
6.01779401418989
7.3544475973675
5.47134754655254
7.38306232701981
5.26786640471789
8.27541291533459
7.00751160474467
6.70133555020677
7.07849201169861
10.2723121863022
7.07363119917343
6.10337437064962
7.83080937164401
5.40922801487534
6.47904485522108
8.49222440016177
8.29935204775913
5.67319910456358
8.20994322319743
6.00851218898645
6.46220172091086
6.91019000953057
5.00147012243356
6.15487851669884
7.66736818200116
6.89342785715956
6.04628698999035
6.27688099063378
6.31340864397357
5.85629876236507
7.21440325479026
8.37273128980072
8.67984440749395
8.26205791116299
7.76385169123731
8.51551224596529
6.18249021726184
7.94375664465327
5.91050868638465
7.55631360190056
8.02832068173861
7.56414532536774
8.50281518258661
6.12898422254994
5.48979421751293
5.07227483174337
6.38856082508907
5.78034905233397
7.5702001621986
8.8935395032135
7.21127647015135
9.45522604468373
5.37548162725
7.07115645561734
7.00173300707116
8.44438850012634
7.69873197953372
6.12524257865066
9.45522604468373
4.61386494493383
7.03898790264624
4.97991128828937
6.28315443317896
6.33781829932706
6.36874346163269
3.77052345809583
6.02474536264643
6.57408121740835
5.8709792033045
8.38194013205752
8.58974756579217
6.92483706171802
5.56168224623839
5.76325069053718
3.20144483742895
5.2740422584796
8.45943416699417
7.9587172109342
7.93759693333448
4.69487273045227
6.29978913242174
6.29350344132728
6.83753120208032
6.68789516993721
7.88650524684672
6.58162332936489
8.05424216706952
6.55747100660831
6.4496344515503
9.17509166863776
8.81142033954011
8.57760511500412
8.22706645884928
6.72177805753364
5.21368135455337
7.73700162804297
7.46988828637869
8.22706645884928
5.84184034659816
9.54895187929164
6.78964164475187
5.78695605758151
8.65466421569665
8.27548898237082
8.34850534222177
9.2524392625696
8.08940655268711
6.60315549680873
8.8465847251577
6.31310875432574
7.16415522072631
7.28526658227778
7.62412118589129
7.87721502733464
8.25694944872349
6.17915402504918
3.83339851957217
7.95879347668064
5.87792057508633
6.08109311178688
6.8771040544264
8.77957595628223
5.89052554637995
8.16045374504625
8.9829651234259
6.7972292210367
5.78744227402995
8.6821479155462
8.49603615392914
6.88256828608842
9.11396952983662
9.77008839679048
8.13492480367276
9.65769014846743
6.73111276217202
7.44017726049626
7.39087827949062
7.39087827949062
7.23599077732716
8.29929128499082
5.43560076337264
8.0060450826435
8.60460241941015
9.16861463255561
7.7726900254224
10.0961635969309
9.45855210189052
10.1248171203767
4.81301626275427
7.57177849726217
8.91409897648049
8.26507545225883
10.0131430684741
8.97860050642092
10.8819952928473
7.0422658620935
5.64987992297037
6.60913539424663
9.21022463714953
6.41155759637008
5.0702741583592
5.89430716198496
7.2254688555901
5.87423610773295
4.56109586699337
9.12827996747084
8.1497879342053
9.82359321622388
6.57645237479191
5.97092236653168
5.65351332850242
8.50528094067808
10.1111685929958
8.77331087967475
8.26130884352122
8.85419112472671
5.92915387305403
7.80213428841284
8.17827735918774
7.2925327175625
8.56728907839372
6.8533323169942
7.69903416077126
7.14109323266069
7.42121027701948
9.09556267754689
9.21339050571243
5.6623432967498
8.4256973229821
7.95214391438218
7.2672443687141
7.40316318960075
6.91134097804094
8.83614741515303
4.34030660186002
7.90744480526538
5.15006233047117
7.78863732321274
7.7972429686758
7.57857387099052
8.72301331057665
10.4222417635526
6.71221558250705
7.61172495332435
7.46939375497763
5.43873438888557
6.98303616049216
7.25008239868684
9.85219907517197
8.72393916380281
10.0083177793877
7.32752416987621
7.39566286191038
6.83934455769041
6.85973129636374
6.66521259169472
8.22502334317459
8.11174091113116
4.4705804719036
7.31960723083898
6.65263087798645
6.60392809005407
7.06148697931721
6.95242066383874
8.29531524030854
7.42052786945906
6.85626378071209
7.56631210107166
5.38440932357293
4.92107121710936
5.91671441029049
7.09558963657441
3.71988567809558
2.13853192528308
4.49732942917732
6.38164726205603
7.77200964361631
8.82171117673823
7.47458256571943
8.05496856146266
7.36660643867881
5.33376772473645
7.70889868997416
7.60479931667512
7.17004946182572
7.83586403342255
5.99550854141145
5.9023486803983
6.74898674355053
6.21562124545409
9.11915566161629
7.98871667041506
8.22343293855683
7.5783136294513
6.79555188900213
6.63543793380468
7.85378093923654
8.27608282225338
7.898978686324
8.399143122222
6.19256964885777
6.4892248660731
7.30322980643993
7.5753252215786
6.52366750207795
6.60752842613264
7.6875042223116
7.14636364875025
7.82215906205957
7.11712494511503
8.9211925855489
8.45987595825237
5.77929592665955
5.69702379073872
6.66588759615659
8.5256797489056
8.02416453544208
5.26724161039595
7.88257360597461
5.52972283908153
7.33974465547885
9.07374554796661
7.88257360597461
5.88199230237468
7.13319270386187
7.83660411559969
5.99509598105533
7.24729676807408
6.55371729315484
8.00592994135043
8.48518671037105
6.17824702427528
7.19999805795885
7.39796527600025
7.82686606634516
5.44553809464798
5.98477662820087
8.15672616225669
8.0363074626257
8.36543898798835
8.79348563509629
7.64102399867458
4.81790856169329
10.3179603465981
7.68687681084274
5.22706381792521
7.10255414854751
6.35457656761579
6.92115866441403
8.38886420801592
6.22661728085534
4.95329031005383
8.09051021637478
4.85177908794017
6.489771285699
8.13607363406546
8.2443964611508
5.1294757872555
6.77530783213822
8.69141563410905
8.99014028248594
7.84544899303555
8.8236699227249
9.40251032445292
6.44843232526315
9.2489951789046
6.54420060043995
5.36443129507708
7.88295209863372
6.36859575369255
6.72604832242899
6.84379280985948
4.23179195658562
5.42355430503625
7.24467159216334
8.32370418153096
7.52642388207348
9.09354517264826
8.61364165086586
9.32001394682727
6.33988534573277
7.66378064009695
8.73278049305432
8.62432043634696
9.51959213298831
7.52566856087444
9.32001394682727
6.48781215233991
7.9339257108138
7.5838269594549
7.47921550464229
6.58104813815103
7.39146521908104
3.95789270568687
8.36169134909709
6.48608223538043
5.72231983237915
7.8643618263028
7.61012473487836
9.39583538812669
7.30702310618682
5.81459131961184
5.20190283054821
8.23242882046175
9.3136105574655
7.01645888077372
6.94325548097829
7.02428055825817
6.79522780060504
6.06243491243928
6.14557516711447
8.06705322220001
8.35093552487061
3.58681293260656
7.68980972049105
7.6609660826783
6.89888850259919
9.54236527585511
8.44698789296164
6.28636905053485
7.90523186611364
8.50901242120055
5.89055574012119
7.0111509951422
7.14805369364306
8.69657216593714
7.60911665655478
6.98509965607986
6.44514858349986
7.28442692142657
8.28540836649406
7.58334268241391
7.82834018012859
9.64202931868002
7.96399443829275
7.67262717184058
8.72117261076334
5.36942564087787
5.59395035816841
8.0971744335726
9.37567123661379
9.27517399683242
9.17034335648157
5.58162412186476
7.3051101122618
6.65116554129029
3.4522390468777
4.99940072283715
7.04265815993069
8.27848992652615
3.41924437021525
8.80158279314185
7.64915987115767
7.13407835322781
5.58046031297558
8.60277635478108
10.0599031494344
7.72941660685326
9.156885127536
9.76456804910065
7.47146336295139
8.38654516861461
5.81826612399774
8.81227342225897
8.1661783950597
7.46164023929803
8.76457715195936
8.54389440165596
6.27870609002662
6.78385655940648
8.55791146911597
8.46144985691289
8.52725708099006
8.6910609766849
8.98059240054351
8.72723661976092
2.93944098285852
7.54957458844111
9.40605821008211
6.88999728250624
9.95601864672661
7.64860203134612
8.72723661976092
6.99972741629456
7.33392303185166
6.19321617134418
7.8416361352578
6.51135345874469
4.8989021328442
5.57694927909879
6.0495494087166
7.96181003857449
5.41056058868357
8.60663537170804
7.52894255304416
8.90441023394487
4.61390852467899
7.22369314423229
6.5582470332776
8.29022120061394
8.26522110076375
8.96162997282399
8.879859735539
6.19623923103643
4.90585057985126
7.6931618268314
8.89065842644775
8.02862840534968
9.05666832250476
7.60538675643825
7.84888418221921
7.90612600077149
7.2714502328791
9.13937551973094
8.60606235468979
6.11597432811334
8.51827060604002
7.62839891330332
7.18689077875895
6.21787652702068
6.98523758801563
9.67303973219669
6.31083881326598
8.17422745970293
7.33443875756361
8.92417781428675
7.8543384275394
8.18670938447211
9.31408561425371
11.5385024066476
8.21434804406263
9.17616458043551
8.97152621653321
6.68055074315171
7.58552237981278
9.02458895697504
8.86740526590805
8.26317925398452
8.68730620271332
6.05317670382269
7.48894905974057
7.24087843148579
7.22328760156241
6.51035228071325
7.03080405175782
7.15023435388109
4.51368579855757
5.25088098164761
7.83239214100874
5.86594260817402
6.79781154929099
6.46626099127261
8.04815781160321
8.07582076355993
8.01861971902465
9.61806872392638
6.16512924102001
7.61287624760615
6.7307219319405
6.97642316025264
8.05468089395328
7.78195029543432
7.74837313725976
6.61430755246904
9.12927879231159
7.59446181991848
8.09726787586926
7.33893808551977
9.29066336092163
7.74188920088547
8.87056249834069
8.51497619809353
7.74692979892062
7.14949959159013
7.94477382583555
8.09325116059832
9.26782502294548
7.92929309766239
9.27215437056412
5.70035257985283
6.89441367681491
5.92625194964684
6.34938030832307
8.30759671699473
5.97270039717654
6.55297749871106
5.61535454198026
7.22947444464507
5.62085066518357
8.53032202262742
7.80271262531728
6.50745946016475
7.61533460063896
7.4809740606743
5.42474489591799
5.96688353768394
7.79114033818407
8.29668660834728
9.83523923910061
6.6479340108896
5.27157795598569
7.35486829774316
8.2258374909287
5.4609078499129
8.13390999539632
6.82833548989581
6.58524082272935
6.94302296259555
5.401021232173
8.37221016100732
8.09959716767052
7.10297009687519
6.89747291315377
4.65224330624579
7.00981054933266
6.99237348415661
4.63661448735385
6.91515533686863
6.88118112131608
9.42662526138073
7.17903147869746
7.85577935710896
5.09715884500214
6.93420554435994
9.0794038275922
10.1092104407988
9.31540227393426
9.04858026535778
10.0725804464048
9.05088071362938
8.64828974854699
9.34518732735557
8.68357568930621
7.03647191063768
9.11826725393221
7.18664154843869
4.75825235316378
6.53463023391113
8.19525341138108
7.46694037249664
8.13563035142445
8.50627183793862
7.40708032837195
6.26807261344165
5.96184834855814
5.52998379180449
5.64962508067337
8.46217088792757
9.19155193570103
5.49093955266648
7.18103533385016
7.98506949820236
7.64104781397164
8.19838456630923
3.33246980274775
8.10480224208858
7.03325330193194
6.48456647180636
7.63565001067342
5.88009014497214
5.32229642416965
5.30440042253611
7.04673458757832
6.02097608461384
7.05193017372537
8.50019737587077
6.4005551608494
9.11405498964777
3.99596550987635
4.9765610921884
6.76196703803554
6.8965879369335
8.25233334152932
6.81937381685913
9.11405498964777
5.84121893012128
5.32521670391838
6.02287974352569
6.68875985526762
6.60562303401637
6.63356640100809
3.87913204847327
6.98078924486328
4.90888324257492
4.81359965152666
7.90295006651074
8.70899641804971
7.98411034118538
5.97021722586755
4.27025973561431
5.52643296115505
6.87044724228723
8.45998625605483
9.35309945127312
8.21035971978388
6.84272204265231
5.891550456218
7.62371032529533
8.34950416706252
5.83812444817321
7.77868625396544
7.57508800305934
7.18985199544965
6.59718992443676
5.47906488558553
8.31070149701788
7.94703016792023
8.2103967582384
8.74128851365596
5.79999388761392
5.37252023374709
7.87228156169624
7.98411034118538
8.74128851365596
3.56008908134238
8.90915073854864
5.39216295664662
7.48184455903015
8.81429507176529
8.04074981078606
8.16190739760054
10.2895374093977
6.46129530425948
5.69039980117825
7.21847347673007
3.36744419139252
6.25837059020959
7.28050895888554
7.48587810339609
7.51147144933916
7.80447426543887
6.93535663026438
6.49095229732646
8.77305296558898
6.87331897195317
6.63816307162748
8.0158747931184
8.32639325746754
6.28731671563869
6.43133604863883
8.60922822325269
6.94178977500988
8.1245509216694
9.43024063777098
9.49266850874692
4.72570994264684
9.36368677649688
6.00911158090968
7.76625369149405
9.30821746032592
6.67977448628806
8.83641649153271
8.1200124838154
7.60128687512874
9.52974272288382
7.60132361212074
9.21270659710206
8.27723795914856
7.29664819952909
7.8667708726167
7.84224559957457
8.72985504404355
7.89229060021034
7.06939778219123
8.19210264066887
8.93126916784341
8.42919969883064
5.5502666327948
9.68402537206666
7.945237138841
7.06939778219123
9.11613401395083
9.83823322498785
7.83575176980182
8.13191825189788
8.08824779972789
7.29528974888669
7.24775476119334
8.41941988886432
9.20710913582366
7.74674155728683
9.62388946407042
8.87936917577266
8.90642442281365
9.02333332401903
7.95665240077591
6.39607648278461
7.59565516911836
9.6826131250619
10.3880903194643
10.697061377452
8.60946494566124
7.34643741023103
9.34170354459685
9.80442220040182
7.33097826366019
9.1896853373783
8.84269795670334
8.73601931111958
8.47136054526501
6.69831134097326
10.1580457592505
9.49319748359017
9.26552326228615
9.37896699477185
7.77104373497121
7.13010158245465
8.14018928637134
8.62178882230127
9.72140892178572
8.4371418632316
10.0731863599036
7.58327012458258
8.34457619164958
9.11555227948621
9.25461878293351
8.68427697768981
10.3591959713389
9.92768286909742
10.0252835847138
10.684861041568
8.664347520952
7.14271655543421
5.59417702812132
6.60824375184881
9.17228184378855
8.990929671382
8.87231206890809
8.18832141047617
9.89463700113294
9.72999596645194
7.18773696118567
9.61914825091659
9.34124414141092
8.87768212331259
7.44334718004989
8.19582285184406
7.43013093375819
6.9328948993865
8.53988320498142
10.1097437303524
4.25726987154216
9.65814447600827
6.11162785501055
7.2912202934729
8.54986408255765
6.2435021756546
9.11380569939144
8.55004940877622
7.18753656868156
9.19984996264628
7.86251326335818
8.77514373367481
7.31714382593821
7.29226364118282
8.50176866947097
8.08752242802899
7.76616159940899
8.51830149866419
6.09356505217434
7.82133253324077
7.96969374794546
8.833255942856
4.30488388330009
9.92693100509944
7.45441457589175
6.09356505217434
8.64525030029159
8.75147363601683
7.32586792872419
7.72657098617596
8.79871783888115
7.58711196044651
6.94594600262254
7.3331786665293
9.43888793855987
6.45765929170702
9.38930241041804
8.09675238494548
8.8923816317773
8.4882742539889
8.0487670969249
6.80419311544301
7.93854658018245
8.55650635719153
9.56628572616667
10.2904235589363
7.22738144438767
5.87284911765708
8.86418874237478
9.30249101287338
6.77498069572951
8.46015402009666
8.44851158148222
8.16970799795399
7.69671514974088
6.01780252325892
9.42851444196881
8.92688617042457
8.14320553479459
8.78793130873261
7.35185272246559
7.35419907989591
7.43273135103364
7.28773357122665
9.64955980424789
7.90208279320148
9.48905245725087
7.38629212375671
8.92433847932623
7.82748551700377
7.87327715931607
8.97218907012477
11.308116876476
9.46811254928363
10.1173982808628
10.2252907217542
8.69729545246358
7.8912571432652
5.9856454819161
6.01284878840591
8.16020410524136
8.82245023426101
7.58756652014182
8.07695505381366
8.65412795944755
8.77515518972421
6.8746148087694
8.45512760805812
8.60794345707353
7.64542045360207
8.07241338124593
6.0811479371022
7.29889096648829
5.21271960978028
7.05032813812515
9.00068034812519
7.66378557457083
7.83656884621336
9.87448692281635
6.85163413831818
6.72535889522223
5.41247138004205
9.14388805711541
7.87561169906182
7.08399712036654
8.58605804227222
7.72162535330443
4.61692685827471
5.16262859895451
7.9138023235065
7.24537608135704
7.42882108128464
9.05942189872977
8.30061396344049
9.16517563662231
3.82277264457321
6.65265278514601
8.0601321129371
8.22416374294221
9.10252825003811
6.7541782529696
9.16517563662231
3.53376907298792
6.15758709102541
5.66568371488627
6.95401785594835
7.64193384874989
7.76833882622308
3.56488197412095
5.92942609512427
7.107005250018
5.93364770454839
8.90978398979153
7.72116894518492
7.56284329680943
5.85541260823262
6.65739507853308
5.99422336408274
7.12259887342541
7.39404252960949
8.80587188132139
7.59675013703489
4.94196773203354
6.07060960512674
7.403921977668
8.33085070347858
7.58624034645302
8.41835557515875
7.86566121393705
8.57295896063086
7.29976020561583
7.1435868767551
9.69380846219909
9.33013713310144
7.12092497481478
8.77512209453348
7.12325052909592
5.67435145740337
8.43304074866762
7.19376834172098
8.77512209453349
5.15072356539595
9.36919155939338
7.76051547065372
7.86503565548616
8.21715285508194
8.34055037351995
8.39777263810336
10.9725835421576
7.27654889357698
7.78684120402181
8.03372706604756
6.43112061770217
8.02093182976288
7.81719161970741
7.32983616322036
7.62835331020089
8.50033058171001
5.40185443108957
5.56487574893459
7.85405466039661
6.04963882831246
6.32337395697067
6.96098591873948
9.11554475703347
4.75777156940183
6.65998187929265
6.0756551660067
4.58569179816238
7.24106223671653
7.6328325459774
8.40691117804058
7.21011158102893
7.1708921490133
7.93952584888001
6.73432124336471
6.86030558227743
5.19986781881511
6.62660987579669
5.89033599235843
5.52508320628378
6.32004102324887
5.95241431929819
6.27768109865824
7.27243893020679
6.55502329334787
5.3197249337001
7.92623050921571
7.80443926407077
6.04029079301245
8.98465537452174
4.42389287371723
6.56686911493906
5.93808027670437
6.51029348572333
7.13939376131208
5.62863672779512
8.98465537452174
6.97585515902441
8.10107680005036
5.86711451694278
6.10585927758251
4.16079935519059
4.97858611953978
6.39582696037379
6.91194859129984
7.40792774165606
6.25275594786816
5.82141728208238
6.79984441060561
7.28285919027164
4.99640541467231
5.97131892373696
5.96300610260025
5.94155924434341
7.26798210176254
8.28279143359424
9.57176544109169
6.83127268464946
2.68472848509731
5.93962413488147
7.29608671361765
6.5449857853102
7.79895391774906
6.36050569268923
6.43513763902941
6.86302094213574
6.2423578651554
7.49494373165479
7.19231581149999
6.78770195981757
7.73867114989143
6.50777121098943
4.49160520021718
5.83598269912282
6.98149297742085
7.73867114989143
6.52971649454098
7.98479342385159
5.81535859297099
8.1468964063294
8.14197348278443
7.31782368355783
7.18796440392332
9.40633519432684
8.26305148738567
7.46458664783152
9.02022965985626
4.52653039690344
4.57757698069809
9.20386538524463
8.23322196614225
6.41184333129126
6.72478499668096
5.17594310913547
6.94039132671029
7.32711654399398
6.58784147215929
5.69005912550779
6.24542712173974
6.12608465233344
6.9110611444948
6.18767855160806
6.72992529102086
5.70312740980685
7.20524583402986
7.20438529067345
8.12534485788966
8.21951001317099
8.7596476158556
8.15786401082125
4.82847500223754
6.56754280483035
6.24656032573811
7.09049330332998
3.65448546233387
3.99388751022764
5.15427233924385
6.87232716479866
6.01759948983075
8.16487002196084
5.49691270043639
7.2663656196403
6.10916269070874
8.28514509644416
7.3042824035707
8.5955350933514
5.76214297389866
8.46647591744275
7.34605157432847
7.59650581711618
7.57701605897129
4.46784218023138
8.5955350933514
7.12326286666834
9.07908640733277
6.2183798932622
6.27393008192192
7.09293762099034
6.32076430977531
6.72396908952582
7.9300067236184
9.5056989002764
7.42499394942604
6.80622915589247
5.8313380144571
6.8856295818625
6.10903324406488
7.88236154904376
6.48145787077264
7.11929445535996
8.64797373835423
7.66156100685609
8.44572451163472
7.65300001373437
4.99074478185602
4.56207918885598
5.66387379270012
6.56209660207349
6.95178987648493
4.33085413690252
7.41564268588521
6.48824166160457
6.12250915424618
8.4754487785106
8.1728208583558
6.52378381864952
6.43872927737673
5.92870498279346
5.09930210157541
6.17425470646382
6.50095720067899
6.43872927737673
7.59926190531636
6.20416436763218
7.37759770994547
7.20282506387108
7.42605656337145
7.18839053270925
5.01902435247415
8.99433709937113
8.01113516233064
9.61571767626327
8.76831333480122
7.0753045039944
4.61763011443669
10.2927848808974
7.69587751246114
6.74900595014514
6.56299044899797
6.08502237975315
6.06059677419402
8.30196007651047
6.97435522826189
3.28170751057753
7.11831565339084
5.74533474756235
7.23339954422652
9.17780891495831
8.04171621984048
8.44807676441797
6.6816987572674
9.67987585804403
11.2043649922908
3.56573588520344
9.70601570296903
7.66305216053135
8.51882435682276
9.67146297753908
6.57405560663229
10.7895940331993
9.13994278599829
8.25680679069119
9.93665786632282
8.88514106923056
7.92178251561194
7.01749218250092
9.18120101271953
9.57167777871399
8.64615986067343
8.84917381750698
9.65791371702657
7.64846354365876
6.04473040882851
7.5742372357073
9.85104610476539
5.72654088605167
11.031966065168
8.64315533225581
7.64846354365876
8.19062702341602
7.81840467350031
7.97721334164857
8.5752861929969
9.27764582927189
9.23467102949503
6.03998071038278
7.74578061148654
8.37469472602017
6.3638128452957
10.3270209010909
9.4765008436669
10.330764101619
8.42473035577902
7.86075352941398
7.69025585243347
9.61433491399034
9.60767742674537
10.5649715664532
9.81448800363187
7.90936099804039
8.08906822824723
9.84740174599034
10.2300380907864
8.72967758335335
10.2349604660726
9.19482316519542
9.02881744697617
8.56831398823177
8.25119064729982
10.2430601856862
9.78599561944676
8.59221017819307
10.4105127449765
8.87212542404308
8.41536155966649
9.36109845233855
9.04756138637546
11.2589807012612
6.05395267295297
10.1963680838906
8.4087777145481
9.44771349681502
9.71439122891518
9.27520694889181
10.2758653898574
12.7051385961164
8.03861791905616
9.76487368753927
8.79579609152675
7.75096736083301
8.66565272864515
5.09064706807731
7.01927262191537
9.21003419942212
9.52090779375175
8.32984567316662
8.49977100823467
9.63597635458227
8.47446918404161
7.78913399294566
9.46493792741062
9.80494762442705
7.02093758051377
9.12086679739166
7.29527950419376
7.15733104703908
7.78324492089409
9.5810849085873
10.3547526800545
7.63268738391606
8.47256723501642
9.64511240421957
8.98354986044977
8.72916459218242
6.36475972415839
9.41618886127002
7.27969608002689
7.27969608002689
8.39317103497021
8.64222463357892
7.03974725105888
8.4703772895162
8.83428862701641
7.67068040761904
8.69549349349861
9.29899222107293
7.93517094823853
10.4705614378226
2.99203398639833
7.69851070882302
8.30090210734545
7.8318930341353
9.16959343452473
7.38524554882588
10.4705614378226
7.34279388169875
7.18381620228843
7.35227372266123
7.95875166404353
6.67936489262744
6.45491649642561
6.91730983057901
8.31018322399883
6.67723795914856
6.82215944943199
8.06043649456686
9.25074120128766
9.50123092183907
5.76701670548512
6.30671214786203
7.87140248926194
8.30091653009033
9.9719136133408
10.8181156841503
10.0620659535036
8.20734947405965
6.37364877324993
8.53070789460793
9.77279874281889
8.8876263812909
9.95111944749544
9.01908027175185
8.23726981849266
8.51817413719278
8.59462356519119
9.29707591111805
8.99444799096325
8.71062835506402
10.3874169000022
8.84376534802556
7.05916597213752
8.22337705272341
9.6302387275316
10.3982816716053
6.25567466692607
9.75340190052889
7.68895126230711
9.56095044097579
10.6312034563044
9.49111492818421
9.03252575603743
11.471577155993
8.16709241547995
7.58180098876529
8.92427058795054
4.77455471350573
6.94486177594661
9.20823881737494
8.54953694614894
8.2209515343559
8.6394475120352
7.87393633743931
8.21635959200735
9.51967720738715
8.23400248696779
7.68751203249771
8.55153057610963
7.93519285539808
7.6944272377519
7.41964430330547
7.47710505530362
6.3392775595009
5.18964152735779
6.98500744660071
8.88154746310485
7.78407971657943
9.40403110215206
9.22717675665173
4.42125024872522
7.28493522214197
5.69011792049771
7.82427759156268
5.03713611248071
4.37309868804561
7.14369054228363
8.08492141696388
4.87446754182045
6.19199744811653
7.07622609785247
7.74835387102426
4.91484011917574
8.17682741024993
8.14270548675724
8.30164624051332
4.16099893141769
6.74948044274871
8.12798237137282
7.17454481814715
8.79162611627499
6.59626977628636
8.30164624051332
6.16997061457335
6.97295717184754
5.55406161062659
7.56244450576765
5.38217629224155
6.05614984110835
5.56261826284135
5.60232023439493
7.72886848746721
5.49630846502254
7.79480337907208
5.91883593026623
8.3573729289842
4.76674527591475
6.36970649260544
5.2781612073144
7.6747428453466
7.64500380421715
7.4517711867708
8.37708131372152
5.96920204854161
4.22615787766941
5.66392180674644
6.8614184063628
6.9275657838031
7.42214056860881
6.22851235679634
8.04661407082018
7.07578422527813
6.5090698061238
9.10642016344556
8.80379224329076
6.69965199298584
7.9570681068226
7.71805726027582
5.93078868774067
7.13088456279825
6.3875946287106
7.9570681068226
6.20970565294673
8.6922649894343
6.7912081186386
6.50826746208852
7.45969365407156
7.18741508284795
6.53388629945345
9.58838527463826
7.33987715013435
7.85495035574527
8.09705532260494
5.50668991493104
5.87196555150348
9.08440603892137
8.42210227092598
7.0987867235329
8.26624392760365
4.30540404278139
5.90954160442115
7.03152537050587
5.3775678778394
3.27389925089874
5.70919875259496
7.4192285992189
4.82180540957464
7.43033971409801
5.82794439164606
6.4599329577633
7.51819519221159
8.38793148554481
9.55185351496546
6.3590672553797
8.27719693901133
8.74504423075156
6.43758796943677
7.54163944368649
4.79061366118924
8.44180569477862
4.19794583942547
4.89111701335668
6.28080755586078
7.58210828151167
6.09964300752122
7.53609036790098
7.68779433399495
6.66334200419645
6.18499015077728
7.91857798010252
6.94344859527077
9.11439252158777
3.03049187006845
7.30211738944213
7.33246160714933
6.41215193642535
8.30949359037482
5.62645506261787
9.11439252158777
6.36955805421723
7.88980636838325
5.16504487759071
5.73653109864108
5.78866921671413
5.0093984578793
6.27917709582409
6.63267693280589
8.37933790963595
6.45701790428381
5.85305662805575
7.15847482556381
7.18325591021504
3.90384103576288
6.81208726579765
7.06989597917071
7.27143273834546
8.3271057868275
8.84148968458586
9.57174259510671
6.80827394559006
4.85264198448727
6.44281090002366
7.37585774700326
6.80519458526981
8.00638793446969
6.86048591867985
5.92552972363851
6.54809004326265
6.48114429530091
6.98533581626389
6.68270789610909
7.93174639882724
7.84369784206219
7.25689794591096
6.38068852631511
5.82894753549576
7.66599508029863
7.84369784206218
6.42186279449788
8.21632943412985
7.22637171175632
8.33199623734235
9.08188902225846
7.87351141113984
5.81977110902528
10.3007933009258
7.9632953524757
8.23992332545953
8.72047352494628
5.90904707302009
5.695124743163
9.94140433005482
6.77671514466909
7.00437698031464
6.74633345500901
6.40407007298057
6.0364439269558
8.13303344888908
7.26233735929681
5.00593396856403
6.81070683097817
5.97411744963384
7.45627787768555
7.751905017778
5.46932516471902
6.20057727638632
5.73188878884131
8.39631655730096
9.67779348163316
5.73010591470583
7.80506546439738
9.77378317814481
7.1574678987416
8.21709224941071
3.71136922974105
8.85172575400766
6.15963525856805
6.52899852790074
6.93327504635338
7.6208156875926
4.24796769986998
5.80344877389778
7.59146806838245
7.14289507664251
6.51804102497049
8.94692010227227
7.87866659471647
9.89761786277576
3.69010961013889
6.05366007096972
7.67389948305323
7.8929613169332
8.96888330380784
6.17397523455286
9.89761786277576
5.28578598753389
4.11511513300841
5.66209327416628
5.88475303535525
7.98422457717828
7.69225770372984
3.85453503707101
7.37139518948338
4.69806181856245
3.80304945837435
7.43964317844278
8.68975598143109
7.51412215253551
5.91080067080111
4.01370331705519
5.40044782974245
7.83024809840853
9.6808154808073
8.46266763919938
7.13603099548421
6.9140972529432
6.56012238491045
6.28284515293907
7.07200349985195
6.5092801851925
7.07821747230142
6.71610039691216
6.55660538760682
5.18274793527108
6.0907842075132
7.7322795377567
7.3137835600774
8.24063978100184
7.72624910034542
6.36687510797093
6.14521594069086
7.86826181791461
7.65511310595721
7.72624910034542
4.12697030169939
8.10149439059919
6.4279353125645
7.24710262912726
8.5801724731668
7.75779497761133
7.39361519913424
10.7054064156872
5.83327115810077
5.0091345127236
6.59044933057136
4.37904096696847
6.91129398864897
8.23090665676825
6.95980672426626
7.36819892846904
6.96251932580642
6.96818662676036
5.69676354919951
9.13608820141238
6.07025618479629
6.04655161025184
8.25858734749972
7.50672017048748
5.7370499654498
