12.0259520840283
12.8195059388048
11.3508948303042
13.1732035927118
11.7557358151096
11.3748425926281
11.2576705115238
11.4115428910619
11.5445399212516
12.3287622349445
11.8573885214169
13.9049277878947
11.2230116761214
11.2607575004098
12.248717467154
11.9610000115664
12.7785732714195
12.4738529316958
12.2732222661642
12.7080578233045
12.2304427072737
12.1201904787742
12.0516392071769
10.9987112011807
13.5377645260847
12.3416788548113
12.3287622349445
11.1307302495589
11.713506715555
12.054558669901
13.2236970495592
13.8861043918885
13.0759919105982
13.0465484201222
13.1732035927118
11.9436132964413
11.8202690619118
12.1006359027781
13.7515862623024
12.5373375476424
11.6726965208804
13.1134029238652
13.0161912417515
12.6056434194718
11.6617502873709
11.5056841934144
12.4988259394447
11.673932276325
11.5913358379016
11.3136955662362
12.4074291953763
12.0243348028128
11.5899018083608
11.9582391473295
12.776872044926
12.5006718034936
11.6588141456759
12.0153013648401
11.480346556598
11.3274542570327
12.3559457294813
12.3375978533799
12.6729342318069
11.3922487084815
12.0819468513579
11.7269161636342
12.0068698530871
12.7614556333179
8.92322194689202
9.17352525728655
9.57268928647952
9.3533302023849
10.1091550291338
9.15536135997787
7.79173753779634
10.6084362410945
6.70178707705275
10.4270202554199
7.00294996475564
9.02885120804066
9.29027983965065
10.2950633436948
8.40686103609806
7.15174649570169
11.2307781238629
9.40331540767045
6.83901315829345
8.96971265301398
10.0708590278727
10.4966295852807
7.77178295336334
7.42696761782036
9.93137153600296
7.11438014759079
6.69637746935458
10.6581846610575
10.2086903559807
7.96210854910216
10.5267563210116
9.19054797456975
7.45293604353669
7.50193427577393
8.41228294787495
10.1116229614754
9.99092865062631
11.9022494591538
8.61542359068086
7.43788992728209
10.8825115733119
7.80569864856625
8.43303765317424
7.28380291775847
8.85164873876779
8.49888983798615
10.5830489898588
11.4662132558182
9.19912527318719
7.96416435476215
9.44264476843367
8.94348793647127
9.74448153790143
8.19856541505654
10.8759687604592
7.05564040116617
7.4686692099239
8.22472711767617
6.57871939861302
6.69269483007944
8.99036666553463
7.94345959715557
6.64434349819517
8.3927242123096
8.05948408533151
7.49728059744524
9.73351796951855
7.31835076829016
6.46298646414809
7.28411297893168
8.03374634009952
7.08014235823231
7.7903497373992
10.3010961020756
6.51298605146346
12.4781269649094
8.50090465587225
11.5333749742029
6.95187309769794
8.99598163836906
10.9720583794042
10.5651265874106
9.59002977715665
7.63964887970111
10.2939503928245
9.46142700769359
8.00473496157221
7.98747008172057
11.5418383245745
9.48030946929549
9.1629840637622
9.02202521193477
10.5540878685242
9.67281315488492
8.30405500952403
9.52153182869812
8.79231052124108
6.78319767913811
12.3300340976416
7.36582368659518
8.67248976324754
8.24017114904483
11.3776256057754
10.9422116889828
10.4277064737549
11.9325807312256
9.38799226223608
9.88511251007221
11.6550802448671
6.6734806706039
8.73360085758385
8.42623218887308
8.13872704341044
8.12397623753761
9.33216132114735
11.6881370425593
9.42104905992831
8.2686896611738
11.4304740088367
9.74734097888138
10.3694631072967
7.06634743709419
10.0615766527107
9.99697857564459
8.40409320024003
8.73690966884089
9.16338602620575
6.94954187342036
8.20804370267894
7.27624191572969
8.32433727553654
6.44260880943425
7.71949374148277
7.49869782965087
10.0552181639036
8.68234439971318
7.65958913206771
7.68740373503853
7.43983684645018
8.42623218887308
7.05293992143175
9.21695240838942
7.22568209464062
12.0274621565485
7.46950933514869
11.2448134028447
6.06840640403427
10.3612234043033
11.6619471238104
10.2553416863525
10.3539801041187
6.93177341288698
10.0834750994844
9.06051521059569
8.09778631878869
7.88237992833471
10.1508425969177
10.1930055124727
8.96665304779929
9.25613528802121
9.82226968376401
8.75717350342604
7.71861023578796
8.82578848451735
9.53265578996001
7.29454929855599
12.3096505904292
7.53314588355301
8.42799668526747
7.72559501614607
10.5151270000953
10.1480533485156
9.85730580219997
11.9549966452265
8.52882692398679
9.18487151964893
10.8557147031099
6.29763868096254
7.37756383935491
6.71079309655009
8.3346526335022
8.88454670328083
9.20104845192642
11.335813384638
8.98794475129223
7.50917790285635
10.3953870876806
9.32348929883486
11.1144765362396
6.69050544745283
10.0893861393625
9.80438463233701
7.84663658560889
8.32661511559371
8.64435584152446
7.70250022710104
7.92443226843289
6.75710886095568
9.00091413011879
6.67940452854003
8.02507518461745
7.07030930762796
10.5762494281073
8.37553107530877
6.75714636130709
6.91476371724946
6.71909111208926
7.01873162967381
8.23709635135095
9.78085056018885
5.50139886183985
12.4064736907741
8.21004081870398
12.1218276452875
6.69871734186148
10.0527898942001
11.6576008390415
9.99842173824702
9.69798053079647
7.36141074478377
9.75928124156189
9.20341416884165
8.09853083039458
7.75133822029753
11.3587088138516
8.46872227967189
9.84366729024207
9.58347581067858
10.7546680657774
9.99160618120477
8.32463229078405
8.74611365729979
8.33998121679804
7.59377806095384
12.5162928590682
5.00795952266159
9.35803222288476
8.65387902551166
11.8692461280914
10.6478837373465
10.9332881068407
11.6679750707086
9.38370217779654
10.3720852065581
11.6621050962793
6.69386417781638
7.59873602036686
8.04938999801439
8.2420299712202
9.30926629581183
8.39690073045604
11.760532977169
9.41266434382322
9.1701461006739
10.9349945536219
10.5144321966004
11.0550055669339
7.08673094430667
10.3070905998524
10.0183204583964
8.94231442431489
7.75133822029753
9.18396330746576
7.00039517349561
8.70432753396282
7.79677820295401
8.34491455679657
6.46764014247679
7.77111164304981
8.32463229078405
9.9835648897683
9.59873941471449
8.00228467665674
7.49533797235547
8.37936977822886
8.64622738520404
8.4027356623021
10.2376414756256
6.83291044835197
11.7634236593303
8.27041246323935
10.9469308151353
7.27158823740098
10.2849632864428
11.386269090879
10.9032044740006
10.0657438863917
8.20912383181881
10.5995318359592
9.68901773459775
8.93500240952179
8.2949652174229
10.328860577776
9.88101451689881
8.65130484435827
8.87945706450549
10.5827814767872
8.37680582961961
7.34778741013885
9.29383798720492
10.0566228854004
7.43530000447378
11.8480156525939
8.42607030985351
8.11264848182645
8.80333950215532
10.2466344510946
10.3646177366305
10.0037977127446
12.5632839370966
9.37008979328203
8.61969926927168
11.637177775913
6.68151770682409
8.42830625302339
7.52410019712297
9.22701786494598
9.20053066437772
10.2535709310555
12.1678540822098
9.90076609957877
7.72564761623957
11.1323675893212
9.40661797661759
10.9045921819117
7.07438447331438
9.55292039670818
9.42361177715574
6.92980316914818
8.0575299043273
8.26844221950054
7.10566283991139
8.48770606488408
5.62380573111173
8.59239385846081
7.81270765838398
7.42823779742779
7.27437504852896
10.2965170409514
8.58714155553466
6.0771802963347
6.85439207271409
6.62586486318352
6.51002969501508
7.70063060869666
9.26479382371401
6.23282846778258
12.6833150486927
7.95041643396828
12.226117846972
6.52335810868345
9.78835250876377
11.764429249799
10.748403395228
9.93371140850986
8.26914228363192
10.8337411279916
9.4727086372935
8.79710583196693
7.8859304390506
11.3587088138516
9.20015188561461
9.95535493415692
9.66624793418134
11.3464587389189
9.69339043614494
8.60656444507745
9.82890049740889
9.16024460853475
7.02626522610147
12.5356651519697
7.38175314202515
9.46486063364226
8.98627902726496
11.4855763594153
11.2447211245362
11.1278467887544
12.2519481910437
10.0026785536192
10.0930624383428
12.2697665362502
6.62884470745097
8.64270190225631
8.30936757547235
8.69375810798302
8.81671911030666
9.05200373746646
12.3808799153284
10.1137919326974
8.19703638703851
11.7278926480153
9.1708870989042
11.1618339776914
7.02171147394125
9.15520055418767
10.2943972148232
8.2940134961549
8.89303063533191
9.46080466538435
7.48933260858748
8.5274111624971
6.81627104708825
8.62175591471516
6.85130991115289
8.25928447664989
6.87642392804385
10.2654970440617
8.70778091413054
6.67401768352435
7.60159557608581
6.45426539790682
7.88896934033756
6.91276459162649
10.3159130703928
