2.97709716975458
4.61007377276441
3.38518544763319
5.08664307840016
0
4.27366314333178
3.9209068764024
4.08297585851923
4.26640890454726
2.88208126218141
4.14143565636519
3.8886302134396
3.39842439978422
3.1386094915035
3.95026220803908
3.11572090928026
3.0681268102671
3.67839170791218
4.76413479030138
3.18039825987627
4.2855039856243
1.95437443993293
3.23607173126542
3.35311494644434
2.52190288922685
2.11112364528183
4.85088670898048
2.24688628929538
2.42682961919594
4.68794241029362
3.79777078814804
3.89363471955622
3.95090417961089
3.75482798203927
1.05226254029816
4.61007377276441
4.00667681863595
1.68279709902529
2.90972852577655
3.50420293209549
2.52690902178563
1.90322142107823
3.99191058311536
4.75581343894957
3.8886302134396
3.11331494750629
3.4119365790028
3.49446107944234
2.72284195076209
2.43697011020017
4.06606175180711
2.27510272841083
5.81653923890222
3.75482798203927
3.50692480737679
4.00299100559762
3.9491910857353
4.21973437849574
3.00195529122977
3.45307900109457
2.95367786480653
2.6278583424882
3.32312681353518
2.58330580593829
3.80658322613476
2.48789405116685
3.56483574051076
4.19346328881964
3.87420069455176
3.04119229396587
4.20595169190407
2.90299269021379
4.64266820538092
4.24902536453327
4.32506455552069
4.69339732069218
3.160456629679
3.59154293116185
4.59503909017075
3.64307124262309
3.87420069455176
3.46137295443924
3.32001089529096
4.44539160691204
4.35157816049434
4.82577145895974
1.05226254029815
4.67657103641739
4.27590043823975
5.13523839881738
4.52345280264663
3.30211045055827
4.48434938190157
4.23154393897599
3.80133229286983
4.19087203180164
5.00252474833722
3.41836027881087
4.03451952312825
4.73065424821032
3.71187225000324
3.53539182171363
4.64960552147379
3.00663698023107
3.59106529310278
3.09224332700393
2.26122609544185
1.95437443993293
4.59020991519548
2.58980001483175
2.76974334473232
4.44137132736562
3.55119970522004
4.24862828139359
3.03242579799799
4.12298997868879
1.20503083528568
3.17730384545363
2.82678073049193
4.61007377276441
3.12308566037871
2.39188435074217
3.51343416148501
0.985210883727291
4.8461439974611
4.04812969041551
4.75070742118734
3.00530488849659
5.07527294197595
4.29825161958806
3.53448979409597
4.45751412346904
2.13579154223618
3.25941644840396
4.73327420661792
3.10861685434672
4.25658057218111
5.47641867921025
3.75740591734763
4.16286936361693
3.80810337685976
1.78950863971889
4.09894272563971
3.16845503729575
3.06752653092932
3.97006849468092
3.26643635683286
3.59434646313346
3.00573495261341
2.90290520179266
2.9998852265252
4.10577493974675
4.00667681863595
4.85986762363677
4.08819650831046
2.82237013598971
3.6491464414577
4.10472636757738
3.88625783803755
3.63345239511196
3.59275938638662
4.99348794882075
4.4044332044732
3.99609330487206
3.7202435804507
4.52208134172711
1.17520312525581
4.86975352692998
5.22733854753499
4.34099868544742
4.39368121012189
3.71336857254033
3.5955878006582
3.28873614514927
3.87021339598249
4.62465621640467
3.27440689792907
2.32642826656994
2.95310816135602
4.04005537491037
4.35404553989096
2.06352147267167
4.68810198752185
2.55347809590843
5.21673250020336
1.68279709902529
4.40375256513499
4.7121715508398
3.2610035251508
4.3444371193047
2.72357992373218
3.30972830464043
3.05692286171484
3.47645261454168
2.90299269021379
3.11855485631432
3.14658749423126
2.1545511131842
3.75641992266963
3.9942236639787
3.97166293431368
4.32577152984842
2.74563911437034
3.0004549299757
3.4311431612018
3.31316756366424
2.90238831971924
4.98097613078367
2.4053876277446
3.21809429363334
3.91803128397095
2.96606343642328
3.97166293431368
3.47328452122065
2.53381315495008
2.17410343013157
2.82576358766009
4.63520021407888
2.90972852577655
4.14409513346932
3.13951486151383
4.29743371903331
3.15931431385886
4.11702507658874
3.68218416034152
3.74534648592729
3.30915691512301
4.39406835235186
3.24497635307975
2.7868592833243
2.84308821828018
3.1269733052969
3.7611337534852
3.20071679199648
2.0173214753579
2.72402315755968
4.451549221369
3.65132142208609
2.63031194899549
2.27554596223832
3.59792812330584
2.45849640525381
2.04583414456228
4.0168455598501
3.26045809638977
3.91395325167643
3.03670819389031
3.20943770284509
4.36550702565805
4.37562116767644
4.41329702810523
3.50420293209549
2.8429834501725
4.05485930460723
4.6730095316956
4.12962632743731
2.7729013303068
2.63001319941965
3.26045809638977
3.58061031369378
3.23503457933532
4.23227047122229
2.00622035681789
2.88208126218141
3.42693768700515
5.47492235667315
2.6570630803651
2.42794642076963
2.47121771463409
3.90789550973762
4.27669808535697
3.16981878482937
3.37761625994601
4.74915326461998
2.25360529357647
2.74809272087762
4.18576618087626
3.42937871741593
3.37029954004505
4.51170973541821
2.38686121860943
2.72471076648892
3.06827171078565
4.86601206058384
2.52690902178563
3.44541905919764
4.66089446745195
4.84363473764598
2.64664957075433
3.11829095938329
3.50296621951532
3.48423962802547
2.80027825672444
3.63121493336714
3.48748447620531
2.95498589940759
3.36293137889982
2.8460423846156
4.64502192668476
4.53210415640609
2.28339775517917
3.86956515623828
3.7974257052748
3.74420223410828
4.01173464589483
3.92868385230567
3.69080893532804
2.93337161760572
2.54983012773075
4.81486390561264
3.92469228346707
3.81886769672614
3.0144324422228
2.99057700697325
4.02088152990512
4.25387809459984
4.92710985999608
1.90322142107822
4.668692848102
4.04118777710594
4.70095525628795
4.09894272563971
3.56876711267561
4.15491549358386
3.90211005065827
3.62680862494065
4.45752869391898
4.67309086001951
2.74095765692141
3.93681945723376
4.32439675785791
4.61887324819044
3.40480157467132
3.83427186510158
2.96606343642328
4.13338919853022
3.24564293508602
2.04081397082044
2.10777404801502
4.31773658352832
0.985210883727284
2.36348585437992
4.12493571459232
3.16970460985658
4.11803803435128
2.36130549803153
4.36380291490485
2.81668699335417
3.65399747989044
3.8498122083297
3.99191058311536
3.98999474674729
1.57269476996641
3.35044887120753
1.37577545984777
4.24347483604144
4.63260749484873
3.85228772279879
3.52854910664802
5.3330679827561
4.21238179215106
2.78582173561183
4.93420775790585
3.10682304269628
3.81002440277785
3.91408462584216
3.15931431385886
3.63841738253206
5.37046555811445
4.7804373951854
3.52769409967157
3.84340007358568
2.58080629513343
3.97018407039298
2.69603151383186
3.67019569234897
4.57273765610057
3.87371969541701
4.62355069132477
3.33557996819243
1.62675689923742
3.12543746406329
2.63710764341989
4.75581343894957
2.93309341885019
3.1412145362487
3.66376309309957
1.12696963955108
5.10381470944017
4.16786936791184
4.14914277642199
2.77735715077932
5.61673868342402
4.15238762460184
3.49640996910615
4.31165012848282
2.82312127867048
3.76701233979271
5.11692044557984
2.82482182487773
4.45438144541204
5.86006491817218
4.32901852328204
4.59655093506859
4.51350014147943
2.02538933793963
4.21868240313604
2.52690902178562
3.48925259488106
4.58959543186359
3.79594659078101
4.29974322775313
2.01859364351523
4.75070742118734
3.18189862113034
5.64577727287905
3.8886302134396
3.76762392366169
5.15329615981647
3.14718797312143
4.5148267229666
1.22487536257054
1.39203807753021
0.563484819775546
3.22194433747428
3.14600676632384
2.14701550008833
2.53095901902738
3.20071679199648
3.67999001626591
4.44297157382314
3.7974257052748
3.56440338845938
3.61158033954379
3.81886769672614
3.32194155870242
2.92829871785477
3.13609619297141
5.13435366014927
3.102744532662
3.10266320433809
4.00109524727077
2.19140359552649
4.47063171855033
5.25933082030404
3.30951874983551
2.47018016692163
1.87663938439474
4.37974763859331
3.11331494750629
3.22708374566917
4.1146358779122
4.00376641647968
2.81384503513877
4.50034851891986
3.13488670510699
3.01009500759754
2.40007848782634
4.06804297992121
2.11335987717221
3.08293602011435
2.5690101333094
2.02009400476931
4.296688539177
3.23224417676123
2.36526459353829
2.00622035681788
4.72899003945867
2.4522752149669
3.00360265622243
2.68881804021004
3.4883395428065
3.90518399243825
3.07477657815634
4.69826434052811
3.13488670510699
3.41054014166914
3.38484613772612
0.792569823571887
3.93034891853339
2.36154011847639
5.5119931141938
3.4119365790028
4.14924428806759
5.15329615981647
2.88939293234129
3.85228772279879
2.45089918251388
1.29298389713794
0.662539000167824
2.84032397306838
3.57554146197799
1.88922045930818
3.19349801919519
2.38035828934253
4.10952471192006
3.96627793938634
3.7974257052748
3.74534648592729
3.13488670510699
3.81886769672614
3.18815740001717
2.74245335212377
2.65940255853461
4.94850829441827
3.00369035226972
1.87663938439474
3.52440161283396
1.71470996108968
4.47063171855033
5.02142424752728
3.43713512160173
2.49813906122466
3.49735173188852
3.54229842579838
3.49446107944234
3.75878194980064
3.75512081191228
5.20075568568496
2.57620025695925
4.67668217502325
4.24184125877602
4.60075412133069
3.26750859967148
4.95372545078637
4.1482983197314
2.19959835062719
3.53992544395875
2.97339394405145
2.72386166271217
3.81632274239494
2.2074069823296
3.28756790091237
4.35391871208751
2.55841963380558
3.15387532160341
2.84702366609449
2.69501857655386
3.73138996336827
3.66239257089388
4.06507904555482
3.3086915820945
3.10308628271498
1.52410621621408
3.83008308600219
3.19638507137951
3.24050265944456
3.91496618895444
2.72284195076208
4.17721384084788
3.02689390270722
5.18576523615985
3.50618008953733
4.67724798686939
3.38890163589701
3.74781449845167
3.91369340278057
4.9542912626325
3.29535869685239
3.73731557832415
3.93287340835921
3.61957874716054
3.49631008390271
2.14450220155625
3.54719900799457
1.61574736007368
4.35448452393364
1.98749376532803
1.7658498102337
0.611718305480267
3.67705961617768
3.36884700070782
2.88210445464306
4.2258091612651
2.71291296026415
3.74927108582407
3.24564293508602
