4.3762952076377
3.56485421777032
4.3762952076377
4.3762952076377
3.56485421777032
4.3762952076377
4.3762952076377
3.56485421777032
4.3762952076377
3.56485421777032
4.3762952076377
0
3.56485421777032
4.3762952076377
4.3762952076377
4.3762952076377
3.56485421777032
4.3762952076377
3.56485421777032
3.56485421777032
4.3762952076377
4.3762952076377
1.76381144232525
4.3762952076377
4.3762952076377
4.3762952076377
4.3762952076377
4.3762952076377
3.56485421777032
3.50422196072566
5.52935148213169
4.61316263232702
3.59996089698209
2.90103284153747
4.34750542606846
1.81259751114151
4.17257690246945
3.90087587141814
2.87017548990596
3.25402782734795
10.2535746745607
6.15057381132339
5.30123102795775
6.34416750722568
5.61124375606366
5.27520484358125
5.46862369232175
3.43665381661372
4.32868202851276
3.68486694359331
2.94004204411122
9.45395623023386
4.96754959348511
5.65921743248156
3.58739349013102
3.42477088212842
4.86445222320747
5.02138331523168
4.15021784484393
4.10344066028621
3.32160874671138
2.98910632685482
4.557862163691
10.3385358386183
4.97150557632389
3.86681431544257
5.10542594878273
4.43217552106415
7.09151261632321
5.57703849792273
4.42012702256463
5.34093780563168
1.97321791612154
0.907087884955175
9.3969038717783
2.17227353396923
6.77344957544026
5.38389992315302
2.59332298450579
4.2865216692211
3.88087708448176
3.20667940886167
5.20017429721864
3.20713122534296
4.18089135454352
2.71411041053592
10.4983078251322
5.32705359409121
4.56782004784218
5.5206472899935
6.44310043390954
4.84270522976184
6.56603743598067
4.68075190992228
5.46515364218029
2.94004204411122
3.80963304493686
9.55667585829217
4.75569143470661
7.2513145934432
5.65549280584889
4.13042651790313
4.48648793308931
3.90838189540284
3.91936516365381
5.16707353347311
4.46933262527533
3.53365454567197
5.36517041146659
10.581144837092
6.3653490171848
6.04502976693546
6.28124531460779
5.81351083359107
6.92274367689567
5.53784824615675
1.81259751114151
4.69315073196519
2.56536191196104
2.04354856233886
9.61324179713286
5.54462513994572
5.92158767078284
4.15070609180651
3.83891521980431
5.29921533695269
4.29100867596756
4.72884585662847
4.80628940998007
4.11293331831097
3.89619421181
5.09929585082828
10.3385358386183
4.97150557632389
4.51153196209647
4.46070830212883
4.43217552106415
7.59521198048073
4.87418974822886
3.85614607348039
4.63808905593781
1.46955256371416
0
9.3969038717783
6.0350554200039
5.4409767305529
4.63700201787777
4.25263152366715
4.47443943458978
5.37517200955744
4.63607597272253
4.03545068125565
4.74892274197325
3.63114977313304
5.77926364208826
9.7411518946273
3.40638890057241
5.23248078722493
5.23248078722493
3.46095283199894
6.95895649070368
6.23985622001122
3.65071079313547
4.81596755434765
2.45664667704079
2.13971183304513
8.79951992778726
