8.53778101761858
8.73920717281229
10.2317148336641
8.34507907279033
10.1355066274275
7.61679527545289
8.20404512857848
10.4907663035317
6.26910810826704
7.36678319907358
7.12114159845169
7.74168301312694
7.23504513869413
7.901946786614
8.12237521529177
3.92309688770533
5.04337956965699
4.84260131879746
6.49529873968106
6.89287028189877
7.14929787161323
7.21084661735718
5.05404294910673
7.83258997881718
5.77914018432812
6.1895096207989
6.57115887621901
6.94829601061433
6.93006270884311
6.60612067274606
7.55169565133465
6.28084125519928
6.96343945179275
5.37661008221376
8.03343852469149
