6.10854160430191
6.38385715319615
7.86385080554394
4.0557372569751
6.33237365967196
8.88175687287533
6.1627337657696
6.5391740472302
6.05168467852816
5.49477320953142
8.86500277297141
7.85554963290811
6.68711456999227
7.70847640919255
7.02288735500158
5.76680995113625
3.3580782445814
5.49477320953142
6.63874070768887
6.67193346148859
6.36811753173524
6.76952957036265
6.64488887393512
7.8077396313821
7.74149061604673
7.49433330473547
6.52265839910002
4.53158987839545
7.74149061604673
6.05168467852816
6.33237365967196
7.1587995890667
7.50718988361237
5.66815886356981
6.86512531932313
6.68711456999227
8.55117143100216
7.70847640919255
7.86007829279762
7.35185410875513
5.12538920635756
8.16473887751694
5.30866632484925
8.22419710208916
7.35185410875513
6.63874070768887
7.70847640919255
7.46596827452894
7.13217590809191
6.76415986550671
7.15069400130812
8.53265333778595
8.22419710208916
5.79148950881357
8.15692691639597
6.10010526000858
8.16473887751694
8.49761419719734
8.84702572391603
7.72797236125385
7.89450145418962
5.59064823169266
7.70847640919255
6.68711456999227
5.59064823169266
8.53992464233272
6.95735266646527
7.72699450240876
7.11876589190288
5.97313463253774
7.11876589190288
6.33237365967196
5.8400348683276
6.09130051206412
6.61734347693823
4.28749867051707
0.702539922029011
8.46342666624126
5.12606426197143
6.88338653196971
4.33586785902704
3.38806285398059
7.79199204669588
6.7932054067609
5.59433921360146
7.09374556966158
5.9773840074181
4.92725818602691
4.84765943346477
4.0906027760096
3.7366858158362
4.87300734377431
6.21195191242433
6.57233075759582
4.56344581529791
6.58182367595635
6.88306478605775
6.32269980381709
8.31711239567731
5.77071181772298
7.58560470808676
5.03840778105605
0
2.67825994093531
6.39521502479534
6.43442804614685
5.23976613451605
6.07869769914343
7.67757385169859
6.68246216492513
6.82044129611984
1.08812295132367
5.52108086394425
6.97254972533345
6.70558342434413
7.3627850631943
1.79066287335269
4.43922573786521
6.4299076523676
7.05092641146993
5.76677340649972
3.83784983645019
4.92909477355454
7.40972473881438
6.95979723939392
7.58672703676141
5.80217470356348
2.39489646882409
7.38383313006991
7.94865429704019
8.37388056836468
6.96287643395943
6.99124675668561
3.64366607679222
7.09374556966158
6.07869769914343
2.94112615476321
8.04162300047462
5.67160958033568
6.54732345400896
6.50392397046792
4.64171494820662
6.01956548492595
