21.8607807159518
20.2179806686465
22.296634432468
21.0162542920859
18.9376005282644
20.8443732439653
22.104955480893
22.5404335951237
20.7835523835845
20.439576639411
23.5962936750074
24.1077999881635
23.1306187060772
23.0344109664292
23.5082925502555
23.4139965414218
19.903781962334
19.5184661780064
20.0629568807528
19.1792651907247
18.7865553076339
24.5078709680426
21.2682453124907
22.5151658145157
19.6936004598122
22.0121404170318
19.3064918902944
19.1905750623283
22.0881130324666
18.5344964984327
23.1908523016118
23.5269758150916
23.2551814117329
23.7622869610837
23.3723648802918
23.0416276649358
21.3788158482252
22.3233781286548
21.8356591428071
21.5105117894345
21.6711001750149
21.5638273603352
21.7100498347032
21.625832317294
21.104259773836
20.6280831150023
21.2923682027022
20.5220572670597
20.6932108954089
21.1033613040295
19.9428437694935
20.7001797690693
20.9718835411061
21.1488506319756
21.0876499226131
21.4105724765543
21.3246476451866
19.7780911821418
19.5094808403342
19.827146635989
19.5437541436229
19.8309422344159
18.5547505881927
19.793034424879
19.2292248292809
33.4812648744294
29.7684107319807
29.5271317589167
29.538112825973
29.612435996363
29.5734763972672
29.870808852655
30.841573328476
30.3119932164753
29.996010091058
29.4294861195428
30.1223255718705
30.5868986927066
29.979841976516
30.0938668689181
31.4543580009451
31.2863886801108
29.3249084867734
29.6002789823301
30.6079807624857
30.0835586433785
29.1115835683891
30.5818607142734
29.5564846092521
28.7488399835406
28.649676676142
28.8026470560884
29.8228255489717
28.7161290342079
29.7259969176079
29.3641085291889
31.3182908742927
31.6253550070632
31.7585687821016
30.5125191099457
30.8569382274269
30.5644391489631
29.6906818261001
30.8077953423905
29.5133874536702
29.2894692451501
30.8097552043213
29.0870740789534
29.5535297077964
29.1800311064178
30.2931313239358
30.1418050535467
29.9799833553561
30.4219988744052
31.3784273359954
30.2569280249746
30.0560647098991
29.4337380688413
29.9988659806186
29.8485596074217
29.7976287398007
29.7925082405249
29.9415166348862
31.1399925471115
30.8713822053039
31.2157197673819
30.9188625275437
30.0963660696606
30.6807594943226
30.2521716421234
30.6341220845536
