9.71201527219607
10.3579596466167
10.203132556189
10.4828404482831
10.2223185909472
10.2167104636156
10.2510011708557
10.6340339044199
10.5595594394617
9.68755252825119
10.2248813712038
10.1579931019834
10.4964563686134
11.2974905528022
10.061909469531
9.43800082071613
11.0069810149304
9.66807047119657
10.7262339584637
9.42202318354192
9.6926281873947
10.8043707773481
11.4044679993231
10.2941494399512
10.6224437342023
11.0246841353022
10.1796185421898
10.6288564840748
11.4490194544607
11.3794191673438
10.8653771672899
11.3538677386182
10.9743442005597
11.3310046075492
10.0269765693944
10.2272073236834
10.9186019298979
9.01054550753021
10.5497641533002
10.3662412404077
9.96515933653748
9.89958927982701
9.31044302424471
10.1596877410069
9.95209474349825
10.6899096503077
10.5413785105634
10.641026410434
10.4710677809487
10.1867397923683
11.1657468243965
9.97584148924955
9.99557626132413
9.54247570739649
9.60374193529731
9.74731525116234
10.1083354312447
10.4318838068578
9.83488444724583
10.574230324057
10.902107006796
10.9891501224932
11.6299445423523
9.55607683665462
8.81100285341005
10.2485861345697
10.8399312862494
9.789004423501
10.7378591239965
11.0262886476372
10.8211150087288
10.6213576779013
10.373364010256
10.1960923132282
10.0891174354712
10.8278492697645
10.4344850112005
10.2613437265636
11.7920629537941
11.177432655027
11.0804792325407
10.9441173897791
10.4340396729468
10.569595153016
11.1117113791252
10.930062833256
10.6275799638395
14.5452384897918
13.646865716644
13.5851762274595
14.4385815533541
14.4318872449023
13.5851762274595
13.2871843537518
13.1805274173141
14.1780463446791
14.7108720767807
13.6425104897116
13.6425104897116
14.2929480923023
14.3071851621036
14.3750479864515
14.1258703713474
14.4622711691604
14.3896840021362
14.5387465592717
13.9669900456297
14.3252303084646
13.8000478534697
14.0431544438607
13.8957529488475
14.2567574161695
14.4925531700317
14.1315487027096
13.63147083746
13.8672665913222
14.2695240328017
14.0337282789396
13.6237673075803
13.9195592177313
13.8036600161151
14.8338041985784
14.5980084447163
14.4925531700317
14.8168849267228
14.8168849267228
14.5892755259662
14.3813508850196
14.3947327462616
14.6788409176655
14.3877133823235
13.5894324766005
13.7274078066926
14.047159299857
14.2123811756589
13.992475304782
13.7705442353876
13.7691412853927
14.3051864867887
14.1918352418992
19.5261165484769
18.2727797692411
16.9642483299441
19.0522557392372
17.6734302657367
16.7946006435005
19.5048521117962
18.4599139174989
19.3597396765048
19.3885986674645
20.2062114063253
19.6478018602048
18.3239192707571
19.0775562660304
19.6618573927803
18.5158552717177
19.4730372771453
19.2973198750367
20.0312090872632
19.3185843117174
18.0708653584203
18.6931465096289
18.4073641670399
17.2552792909251
19.8034072609537
18.3894630566625
18.0284126984605
19.266511822965
18.4649746801552
18.5101919902109
19.8683956572053
18.6816954627646
18.8096367867034
18.6718317169732
19.4166742675108
19.5205973953545
19.555930761439
18.2572567979981
19.3003922540198
19.3786012980621
19.8016383931218
18.0556852251513
18.8053039551735
17.8100563572873
17.9172647213111
20.076668926111
19.7019194311696
19.509861879817
19.463720305082
19.60933536054
18.9578336652233
17.1062121761239
20.1997550565238
18.3447905139108
18.5002803542944
18.7489501948995
18.7704391037925
18.4656629006156
19.3111136534846
20.155572345411
19.4851615610233
18.0234401001008
18.6093712921623
19.0453788475349
19.1547160740494
18.0031824925014
19.6012516919552
18.7213846124052
18.8498725826358
18.8751946063748
19.8665448499272
18.9754552955861
19.2998926446945
19.2710586706939
19.4124775174172
18.9675985695485
19.1343050658411
18.019279986658
19.1993453870176
19.308682613532
18.4955360667973
18.5053998125887
19.4457111409013
19.7872496318429
19.7659851951623
18.2565448408895
18.6525152272909
19.2900098619412
18.0874704172157
17.6261971663492
18.7298021341354
17.6477755164779
17.4112726007325
19.4029608654487
18.2720457909398
19.3005919791343
18.8995667460508
19.5240764333127
19.1046801205755
18.1357457699935
18.4496763944965
19.401939284856
17.8334168151321
19.7023357078916
18.7526669744388
19.1441638977737
18.7314025377581
17.6819281697329
18.5860462016458
18.4404208634225
17.9981566228035
20.4165608510204
18.5974088092566
18.2183140983092
18.5779743552854
18.2978506267371
18.7813626922798
19.8573834978181
18.6634175728702
18.133713605968
18.5178025174123
19.3415511511805
19.2442072629615
19.4599836158824
18.1884035181451
18.69644147228
18.6182324282376
20.0291589733095
17.7156879150746
18.0136342668431
18.0324332261255
17.567423184525
20.2097596104966
19.7762069989709
19.7555755502024
19.6675027603686
19.6773665061601
18.8709558111386
17.9916366492058
20.4446826500176
18.5486221795289
18.891189828945
18.876658116193
19.4601065894753
17.8108871980094
18.9221043321696
19.6307050755782
18.8589875215179
18.1557148642864
19.0500971058673
18.1293566049108
18.1397462240095
17.5501395847488
19.3002225800375
18.7921509868945
18.1889771935343
18.2925082613157
19.4546285836019
18.3754725603787
19.4342284839227
19.3900947839015
18.88165525368
18.0393806554957
19.4113592205822
17.8425617400429
18.8812755116607
18.9274170863956
18.207846124164
18.3321967429412
18.9327980992622
19.8627980506043
19.9622715313273
18.4650991076584
18.6054386647429
19.2300822042302
18.0140652367202
17.8544745689015
18.9170876084241
17.2274087760902
17.2371897020589
19.4416240864791
18.2121181332288
19.4903589332339
19.127844148603
19.4641487756017
19.5250468609633
18.0758181122825
18.8700431348842
19.342011627145
17.6818025905942
19.4376583183365
18.7665742828065
19.5645306381615
18.5797883132202
17.5303139451951
18.4344319771079
18.2663379647488
17.8240737241298
20.2424779523467
18.1770420688689
18.2395857232437
18.4263601307475
18.4876175808367
18.5969621147803
19.6557645463582
18.8704305387418
18.5540803463558
18.705087991701
19.5485641170521
19.3958214874994
19.6115978404203
18.0367892936072
18.9247188748322
18.7698466527755
19.8775447487716
17.8673021396124
18.4340010072308
18.0537048510599
17.9877899249127
20.0581453859587
19.6245927744331
19.9838529527546
19.2471360199809
19.6039613256645
18.4505890707509
17.8175537505321
20.3712774695221
18.5698938044633
19.0809567830446
19.0836710820645
19.4912322718035
17.9625014225473
18.5017375917818
19.782319300116
19.0106017460558
17.971314286787
18.8656965283678
18.3191235590104
18.1045744789611
17.7399065388484
19.3388858010679
18.7322233291834
18.2411179373492
18.4995212271873
19.5067693274168
18.5985409012953
19.662505886475
19.6183721864538
19.3020219940678
18.4597473958834
19.6183721864538
17.9941759645808
19.0685609859494
18.8540119059001
18.3951315984527
18.5604741454935
19.1225650533618
19.7893928701088
20.0144122751422
18.0447323672706
18.1850719243551
18.9307801716201
18.5081012650766
17.2075068225889
19.0369989660196
17.9130545421192
17.0157735950364
18.9095157349394
18.6995381938814
18.8449433589635
19.1641178040325
19.9950149840189
19.052465483348
18.5646450790034
18.7796755107131
19.1510291217715
17.9101038972858
18.866311464245
18.6893530470332
19.4244832743629
18.7106174837139
17.1756946897204
18.3909629737646
18.3675667527161
17.2076997266111
19.1954404329502
18.3696544221662
17.7120806182967
18.6792117733796
18.1369041386463
18.4810637507435
19.6571992348989
17.8142957238823
17.9422370478211
17.8044319780909
19.2179055861229
19.3081501877087
19.0506462860803
17.9208831840346
18.721164088388
18.7993731324303
19.2075430313681
17.6980195881511
18.1788858023234
17.4954975706617
17.6009326411472
19.5713844507523
19.6740322068054
19.4946051065994
19.4484635318645
19.5940785873224
18.3610106078645
17.3273851276598
20.1706268170564
18.4124379509121
18.5679277912957
18.2492312104273
18.8565378656404
18.4233145220649
18.9944421497071
19.8382658267787
19.1672392719064
17.9913236760661
17.7326519483089
18.7090052335715
18.8183424600859
17.3974311180695
19.3900552696488
18.693497388041
18.8081494487037
18.8334714724427
19.5492383312949
18.3956018853357
19.2833948563737
19.3403100033243
19.4817288500476
18.1020229963398
19.2035563984716
17.7047212000325
18.9014646317003
19.0108018582147
18.1637683939786
18.17363213977
18.944341958103
19.8608037450204
19.8395393083397
17.9661107249071
18.3657782426183
19.4131655449694
18.1733062885182
17.0762471443415
19.0159779102937
17.7121895744911
17.3527724536185
19.5261165484769
18.3469629139914
19.3209803677504
19.4802852342913
20.0932604028178
19.0896300500869
18.2109682672496
18.5193844559125
19.5489063892728
18.494590835037
20.0312090872632
19.3185843117174
19.4730372771453
19.2973198750367
18.0496009217397
18.6718820729482
18.9655359771579
17.813451101043
20.3615790710716
18.425740885606
18.0496771351412
19.2452473862843
18.4262153714008
19.0683638003288
20.4265674673232
18.7811689434876
18.2514649765854
18.6355538880297
19.5161477482338
19.4289108285276
19.4642441946121
18.2359923613174
19.3786012980621
19.3003922540198
19.7803739564411
17.9436864107539
18.2471321450555
17.831320793968
17.3590929111932
20.0554044894303
19.680654994489
19.5880709238593
19.4999981340255
19.509861879817
18.9941114941668
17.6643839862418
20.1002815758008
18.3660549505914
18.46152104554
18.8733733654696
18.7917035404731
18.3739763337887
19.349872962239
20.0638857785841
19.3934749941965
18.5816119102187
19.1675431022802
19.0066195387805
19.0374080082339
17.964423183747
19.6225161286358
18.6084336088977
18.8711370193165
18.9746680870978
19.8878092866079
19.0536643396284
19.3781016887368
19.3627452375207
18.8543057072992
18.4094267594306
19.2472560693486
17.9072811722606
19.1630675580741
19.209209132809
18.4592582378538
18.5836088566311
19.4069518321469
19.6877761511199
19.7872496318429
18.2953041496439
18.6912745360453
18.7644545623928
18.2219552826903
17.6775323435921
19.1537529868501
18.1384463683891
17.9496273047694
19.2976762185641
18.4200081791989
19.5416051407182
19.5349918512297
19.4467324534866
18.9987400549552
18.278499096617
19.1706606548439
18.5003902971115
18.2111888330629
19.2980143947275
18.6955566093527
19.0252318061216
18.4517542474496
17.4715586709142
18.6629888014962
19.2841982766907
17.8780218750776
19.8229094947958
18.445731816817
18.4097650029271
18.9578535688151
18.8931825937748
18.7234366381656
20.1683246381709
18.692015658531
18.4127530146735
18.7653090957301
19.743297331998
19.0731512449821
19.1839067739778
17.9544939756573
19.3148098266851
19.0941165525756
19.2739681855565
17.8963516706435
17.8796462558829
18.0600224868768
18.0143609256197
19.7180273351906
19.7412526184543
19.9531384352515
19.7845782837788
19.4277529780952
18.4298595244309
18.2612388373928
19.7386879450977
18.84496395613
19.0016183857178
18.9073265150176
19.21157901781
18.0835715689836
19.4316508053955
20.0944389480783
19.0795966527906
18.9644186860663
18.993099212699
19.029220002669
18.2925030698952
18.3919045237195
19.7492467850502
18.5463617299875
19.0672216190983
18.9583381991987
19.9590702459042
18.9892476236328
19.7419281850258
19.7028181604276
19.5973455106247
18.4709456215751
19.7591561885966
17.7698938141095
19.3537276037911
18.7312718435322
18.2727406490343
18.1327915048405
19.2266637755629
19.7180273351906
20.2537304711728
18.6537065088596
18.5691075499928
18.9117854620296
17.9076039893639
17.6028079791586
19.4596814740606
17.8320968655246
17.3994338694644
19.4450071182008
18.1056568858724
19.5874947028133
19.0797211191294
19.370107819071
19.6303837775994
17.9587434908799
19.1290299238998
19.2426766672115
17.8647606375059
20.0251015253387
19.216131432456
19.7356822310707
18.9723290705528
17.7132719921068
18.6173900240197
18.4231778197436
18.0082173430707
20.482305919176
18.5630235790924
18.2616013661645
18.6093181776592
18.6927297064637
19.2153428923888
20.0917000037554
18.7549109746591
18.4735780176377
18.8261340986942
19.2611665768798
19.124108002753
19.2770299744248
17.9293438632868
18.9637514575421
18.7409878702688
19.7688583033479
17.6355775296065
18.8068301802435
18.1220517272961
18.0918665820755
19.8427235995906
19.5713146003886
19.8083639569718
19.6410979401316
19.2850488129793
18.8457920060048
17.9231293870852
20.1086650752098
18.4535419794302
19.2271707442334
18.8629221202282
19.3083578585242
18.0622228062957
18.8970914609485
19.5551025455496
18.7614855399539
18.1616122872462
19.0613988412378
18.9469141493759
18.2101972166021
17.9450186644755
19.240827495248
18.4120505570249
18.4453404209416
18.7203121603624
19.4991563161649
18.6427825456408
19.4644921945381
19.5585050768386
19.4530324270357
18.718734184899
19.3823491737311
18.1006755703787
19.5768813421644
18.9583936284379
18.8472791410682
18.7112980434068
19.6411382725765
19.3412203203251
19.8769234563073
18.4400862364373
18.9073639318366
18.7872286774845
18.0511744760501
17.7569918398912
19.2556927425921
17.9756673522108
17.5430043561506
19.3204503336557
18.2492273725587
19.5690480145941
19.052012380975
19.3476081425522
19.506442763539
18.1116863365092
19.0038478947361
19.2254709940955
17.7395786083423
19.8198939694713
19.0909494032923
19.5323187442208
18.8471470413892
17.5880899629431
18.492207994856
18.5721526188405
17.6149080426758
20.3596251645888
18.1783104591092
18.1364193370009
18.4841361484956
18.8363001931499
18.8214083473752
20.0692003272365
18.6397265490571
18.3538003008848
18.7063563819413
19.238666900361
18.978695692832
19.1316176645039
17.7253551318183
18.8385694283785
18.6158058411052
19.6449172892875
17.7791480162927
18.6041017082484
18.0074830721788
17.9691858274884
19.8255179264746
19.351391743936
19.6844229429113
19.5165411555865
19.1611077989188
18.4518574609912
18.0666998737714
19.9859843206227
18.4435869515818
19.217215716385
18.8529670923799
19.2984028306758
18.2057932929819
18.7725346764034
19.4305457610045
18.3675509949404
18.3105870863431
18.9362168120741
18.8217321202122
18.0850151874385
17.8198366353118
19.095415185327
18.2093220850297
18.5889109076278
18.8638826470486
19.295792829315
18.5176005164772
19.3405511804777
19.5400391442493
19.4345664944463
18.5935521557353
19.3651435006151
17.9861069152614
19.4516993130008
18.8332115992743
18.9908496277544
18.8561095451962
19.6220565695025
19.3240146472091
19.8597177831912
18.3155294518922
18.7821819026729
17.7429763726716
17.5540053281656
17.3478279345263
18.7420644280821
17.5137232063335
17.1704151460814
18.2761980288428
17.7845034174149
18.3727795707033
18.7583827179891
19.204093745067
18.8816922972571
17.6069181232198
18.5477363120561
18.4460467086891
17.6258784513872
19.1749606364284
18.3413847824148
18.9047389035452
18.0975824205117
16.7963385508797
17.9950388469715
18.5450700162697
16.7924051824406
19.7956712552036
17.3510613801568
17.4244999578156
18.3349292260273
17.9890923208068
18.3692648112277
19.9256859297513
17.7604979006538
17.4492159126618
17.8017719937183
19.0786786499274
18.8792872264441
18.219456457641
17.6371698806754
18.7282391855361
18.5483544393541
19.1165981121973
17.2248506238938
18.0075910399428
17.5983191668139
17.5675987753634
19.0745512648526
19.120787089478
18.865971934553
18.7012667734356
18.4030981621666
17.3517570757233
17.7780747298092
19.7114497055055
17.9447163842713
18.6952138737278
17.8303357052289
18.8243108146514
18.158454447502
18.5347931198826
19.2001831214958
18.4591311238143
18.032073334767
18.0894395933277
18.6149705881783
17.8782536554045
17.3062878310825
18.7847964687133
17.6527216738895
18.4250282166851
18.818576236997
19.0654301898062
18.308806549015
18.9717023088965
18.9339591467964
18.8284864969934
17.8350102061945
18.898885555308
17.5769430098965
18.9995557768532
18.3771000165943
18.3068149996253
18.1668658554315
18.7353911213735
18.8862143256865
19.4219174616686
17.7459191045819
18.5307342677657
19.5215553459237
18.7103035503713
17.3407581810229
19.0949974386515
18.4146450990091
17.7464609275763
19.2189334760406
18.9083564468798
19.2548579396139
19.4124713332317
20.1493343657387
19.2632731550579
18.766847364298
19.4351937549466
19.1855758872485
18.4824166294154
19.2690981278062
18.6168138668293
19.5424964868967
18.8606162287325
17.880420652197
19.07433226259
19.0810318994975
18.2123605295842
19.7508614485222
19.1880532477131
18.1933880754733
19.3691970299089
18.4095980702146
18.9607031279406
20.0395325040672
18.2650341137596
18.7947380806618
18.6218594194433
19.2618169159478
19.5443746513685
19.6330450994648
18.442162659245
19.1215419870251
19.3422352611345
19.54767746172
17.8881058553421
18.0859676438448
17.9812797443533
18.2788940257224
20.0574556028905
20.0943843674072
19.895434467358
20.2529381371895
20.184853761626
19.1722178377621
17.9204382752693
20.3581545436982
18.6796910583783
18.7002562227792
18.393814815018
19.053670436625
18.2129599386125
19.9759862813806
20.4925798335571
19.6088558691889
18.6371367386728
18.9488519732989
18.8143879949586
19.0496038534261
18.1770725160091
19.7435865634344
19.3828849863078
18.717244880914
18.2626041385775
19.9572684963592
18.9336139689031
19.6842242171323
19.5628813203144
19.7899634173335
18.7354787216778
19.2602594504313
18.1680346995882
19.2161653532877
19.4883726270631
17.8626087700615
17.8084053342609
18.9405323449433
20.4032129253276
20.1005910554445
19.1986577553294
18.9764246115323
18.8371002559371
18.1263061240718
17.8289847394412
19.6744155622361
18.0427972097707
17.6202431997712
19.3703219121083
18.3243590205804
19.5423356408685
19.6535963371824
19.9491920987595
19.5556985715069
18.1828499379985
19.3437640120753
19.1975176052667
18.2466580053639
19.9343953840687
19.137412482434
19.6609970249782
18.8936101205308
17.6446620281456
18.8360921587276
18.9548141716925
18.2194200844717
20.2422338264172
18.7871300262111
18.344776511541
19.1309569260464
18.6220125469036
19.4340450270967
20.6707842834439
18.6895981275097
18.4103354836522
18.7628915647087
19.8402508565683
19.7031922824415
19.23187091248
18.4535055896611
19.3496537543676
19.1289604802582
19.5565389123251
17.429333380715
18.5904770452912
18.3482284875786
18.3025669263216
19.7975645376458
19.6224093171651
20.0251683583112
19.8566082068384
19.4997829011548
18.7712577338251
18.0063045324617
20.1580122767191
18.6978022117534
19.4714309765566
18.8177630582834
19.5526180908474
18.5838615546829
19.4286175038895
20.0914056465723
19.1500833945618
18.6932486391951
18.9906816816776
19.4704506311317
18.7337336983579
18.4645502172638
19.8192960044518
18.6227509012709
18.9709472158612
19.2465441999006
20.0354594171876
19.1623509808642
19.6812965958775
19.8027653091619
19.697292659359
18.6440489788065
19.6266094060544
18.3268523306612
19.7955834768723
19.1731277166135
18.7730306347335
18.6330814905397
19.5959792106318
19.5854805526484
20.1211836886305
18.6512889778383
18.9884318816142
19.20532625251
17.9519894732742
17.3274814601757
19.5000989114386
17.8684805589731
17.5429078905006
19.7385479086812
18.1500423697828
19.9105616374414
19.7686989806528
19.9491920987595
19.7287742072013
18.0085332872009
19.1694473612777
19.3705932409611
18.3617606488344
20.2238146783367
19.5419344201725
19.9504163192462
19.2981320582693
18.0491839658841
18.66177550793
19.1668981566899
18.0088074925085
20.4153094621116
18.5765174342479
18.1341639195778
19.2460595695169
18.9902385434765
19.2597283762991
20.6707842834439
19.0578241240825
18.778561480225
19.1311175612816
19.8402508565683
19.5868486238678
19.6007126795376
18.2414216046637
19.4653816424566
19.2446883683472
19.6338742215958
17.9308366599804
18.7635526809856
18.0588091933106
18.0131476320535
20.0869838319139
19.5450740078945
19.8151715368326
19.6466113853599
19.2897860796762
19.1394837303979
17.7168852381936
19.7522493238774
18.6204669024828
19.0662837941995
19.1866048253409
19.051114811582
18.4687589112124
19.5080399766789
20.1708281193618
19.3621673795592
18.7720553414999
19.3589076782505
19.5861785192207
18.8494615864469
18.5433569195686
19.8987184772413
18.4127540797923
19.0866751039502
19.2465441999006
20.1148818899771
19.2774536243347
19.6039612866068
19.6296896734675
19.5242170236646
19.048570916545
19.5492740967837
18.0374330363932
19.6212668260748
18.9988110658159
18.9473472855311
18.8073981413373
20.0011263929888
19.5081452433778
20.0438483793599
18.440676385875
18.6990125873461
19.592551975139
18.376535007629
17.651311371783
18.3282913665099
17.770442557391
17.2411351110751
19.2126603480489
18.5636691558867
18.9015626913196
18.9420725475805
19.8156997982597
19.4713471758385
18.4382878831913
18.8054247015086
19.7044813980538
17.8459207599286
19.5361900337293
18.5514477087881
19.4093177139044
18.7382336783744
17.7070423751667
18.64202952596
18.2742751892601
17.828019133146
20.250415176858
18.7309945984205
18.0131030171635
18.6230389313488
17.8988213389224
18.6152170181175
19.6912378236558
18.4731170554704
18.4730821054954
18.1162917497867
19.1512506337807
19.5358306279085
19.7516069808294
18.2061534070122
18.7524247965942
18.9072970186509
20.0851422976237
18.0207110606224
18.3653907583601
17.8272221449797
17.919179676042
20.25482418656
19.81539805759
19.8115588745166
19.8010885495325
19.9664310965733
19.0045416003025
17.8214991595484
20.667307592787
18.3434110983831
18.4772499773844
18.6714470350472
19.2588873238246
18.1082202495716
19.0447713730826
19.9223284405251
19.1506108864649
18.0004879383749
18.883951431705
17.7170435714961
18.4537605042698
17.1414206877715
19.0990033143868
19.0837743518414
17.9986766761345
18.1022077439158
19.2534093179513
18.4314558846929
19.490211808237
19.4326005854313
19.248322308943
18.4060477107586
19.2210587031824
18.1475848855907
18.4688459957843
19.1874400001293
17.8063353565384
18.3881800672555
18.5337688114476
20.1382675155297
19.7610522656767
18.5986848968223
18.7390244539068
18.9231229584701
18.094937931224
17.3672711933341
18.9477219387307
17.2911624378517
17.2963314386993
19.1346648407189
18.2863748600287
19.1611724523773
19.5125496166273
19.5818516501663
18.7907193995573
18.1514817451507
18.9390908000486
18.6421254614951
18.0344455951328
18.948534173383
18.4842401194475
19.0463935319986
18.2974541498612
17.3000363875675
18.5153046716117
18.648124596379
17.7570100861239
19.4555883303339
18.1507869587905
18.2059822399261
18.8035534712267
18.2594439407757
18.6145503107278
19.7734674209228
18.6189249086165
18.3134691665749
18.4644768119201
19.6618406919895
19.244771846214
19.3508586164255
17.8565574400321
19.3067479656194
19.1699986719914
19.1432172873656
17.6544161780808
17.7050557335353
17.8526455874384
17.7603479304827
19.5637272376023
19.6663749936554
19.9467033923318
19.2295960684888
19.5864213741724
18.1421431444887
17.6079429713227
19.8738071417774
18.6375870566916
18.5937534074773
18.8094798524405
19.0174809018653
17.877223649765
18.8531193907079
20.1384781571239
19.392388377686
18.2935138734233
18.6154603694114
18.6197282062826
18.4051791262333
17.9824127273331
19.6902675999939
18.7609033994566
18.6412699565652
18.6127978021246
19.8629281844246
18.9811857625672
19.7354931421061
19.6887418159192
19.3723916235332
18.2614382856752
19.6887418159192
17.7931167009592
19.0809401202612
18.8663910402119
17.7087575093129
17.855977127925
18.8550649308141
19.8531465318704
20.0781659369038
18.0935404817578
18.0126386542007
19.3420323329188
18.9125617951427
17.6506386041647
19.3661497500566
18.6715846736339
17.8966278215145
19.3445138127297
19.0972144635895
19.4057438578467
18.7700782347095
20.2422563210802
20.0289122715829
18.9718331908941
19.3980633887413
20.172313935696
18.2205608672429
19.9656604599715
19.4106975925394
20.1672088956828
19.4670356207084
18.2014854521908
19.1205140478496
18.9297678996995
17.5221059974699
20.5558592146863
18.4869879940248
18.007322296914
19.1015234532383
18.9144781848691
18.9396281367803
20.1912739673887
18.5839732390495
18.773488386626
18.7235541754525
19.3215928767006
19.3704098001865
19.3411623248985
18.4589537201029
18.5012339694023
18.7906532636704
20.2541654382418
18.0814082018343
18.974026467616
18.4393144522453
18.4767447717863
20.5614815121084
19.9734681904707
19.1826897981819
19.8258344609867
19.718392934164
18.7605349959068
18.2589421083737
20.8173949874252
18.8876322246725
19.4544193412286
18.7574719870411
19.6963362023975
18.6368511813684
19.3745577690185
19.6400904213991
18.6738029959771
18.3134281079104
18.9490414188193
18.979260335666
18.9306372811202
17.6762410328709
19.2916030978817
18.9652909772106
18.8909936663125
19.0187238167821
19.4413977999346
18.3178992424313
19.285243546318
19.3018822873819
19.8103218176034
18.9986863979913
19.5130925376076
18.4022542399019
19.5655228913418
19.6849211852193
19.2192576714914
18.7770548652053
19.7863213025939
20.3168065447732
20.2484173974755
18.9284712927581
19.4686998088343
19.0982299710156
18.6662779534286
18.2426797683158
19.3661497500566
18.292934061647
17.9961013022375
19.1114325466307
18.8534121016864
19.4057438578467
19.3621193988606
19.9984539591771
20.0289122715829
18.728030828991
19.3980633887413
19.9285115737928
17.6285197030918
20.2532356852221
19.1776163264404
20.1672088956828
18.8749944565573
17.6094442880396
18.5284728836984
19.0292413804225
17.6215794781929
20.6553326954093
18.1843661241417
17.7742410308149
18.5094822890872
18.9144781848691
19.1361737822349
20.4306268495934
18.789755949413
18.773488386626
18.7235541754525
19.5273755870641
19.6142121620897
19.5849646868016
17.8669125559517
19.0932751335534
19.0369371053844
19.6621242740907
18.3252105637375
18.974026467616
18.2062331861463
18.4767447717863
19.9694403479572
19.3814270263196
19.774730962333
19.5232125911036
19.4721090924499
18.4579131260237
18.3584155890967
20.5711111457111
18.6545509585735
19.4544193412286
18.9905532531401
19.4632549362984
18.8806535432715
18.995281912413
19.8838927833023
18.9176053578802
18.543637300119
19.1583482775991
18.979260335666
18.686834919217
17.6762410328709
19.0585218317826
18.7214886153074
18.6815138246393
19.2282036584554
19.2848430287409
18.9099404065825
19.8772847104691
19.893923451533
19.8103218176034
18.9986863979913
19.7461738037066
18.6460566018051
19.5655228913418
19.4386373435052
19.2192576714914
19.3690960293564
19.7863213025939
20.0705227030592
20.0837252786742
18.5491954361527
19.0888081817442
19.5918062892235
18.3215362782941
17.5112633411503
19.4405516763971
17.5177607849218
17.3861761809167
19.8033481714724
18.5129732070988
19.7542434584271
19.9572690659869
20.2906548565915
19.7472850822893
18.3780800922209
19.1656891471187
19.7351628045209
18.4128290515407
20.0202024995854
19.55590844565
20.1180618582011
19.3716436013174
18.1054733231737
18.7419030186819
19.0254832780954
17.8468548283413
20.2745198281356
18.2406317010078
18.1581927972132
19.3195711125649
18.8530640469636
19.1099011736478
20.482270627348
19.2125450148044
18.9070892727628
19.058096918108
19.9698065364963
19.8378471645503
19.8700424039658
18.290584652601
19.6832260672583
19.5464767736303
19.7284138387876
18.1854653239039
18.7360712163344
18.0792439345085
17.9869462775528
20.1579742497082
19.6160644256888
20.0340270092955
19.3169196854525
19.6737449911361
18.8108264752422
17.5601535286097
20.113900051043
18.6367537002812
18.883323528299
19.3124218600006
19.0797463552972
18.75897514848
19.1528634662698
20.44015784379
19.6321128744721
18.5958093305741
19.2090804755992
19.4025930087016
19.1880439286523
18.3616767638186
19.918501461151
18.7731637918548
19.1553822431343
19.3956626045437
20.1646078710908
19.4972034039054
19.8253378843235
19.837206713032
19.520856520646
19.0668752212815
19.7004531081793
18.2884675638793
19.5762909831813
19.361741903132
18.8799283022959
19.027147920908
19.8579561902916
19.8685549554402
20.0935743604736
18.1083219994096
18.3703553321904
19.1537911474491
18.1826844068478
17.3127662868069
18.6784220550872
17.7324864410716
17.3718401811107
19.2667421509567
18.3672597805719
19.1590792612394
19.3276461777155
19.835177191549
18.9465993111403
18.22575069799
18.2709288066431
19.5073169878679
18.2501270012627
19.5888440922185
19.070128662448
19.0306722821006
19.0488642257673
17.7999161333821
18.412507675428
18.9958304473001
17.3002347514189
20.2294670803759
17.9030182846466
17.7999923467836
18.9967917370149
18.4355934897305
18.5511556352095
20.1684842560545
18.5271988583781
17.997494891476
18.3815838029202
19.1520404771452
19.27595278659
19.1955582645854
18.1254310548543
19.1198521451605
19.0416431011181
19.7343245590215
17.9530645290835
18.0395894970655
17.4719007921156
16.9995264339484
19.6975472078084
19.3540178875333
19.3299375414423
19.2418647516085
19.2517284973999
18.4659845807967
17.4713677287367
19.9681695851051
18.2351912999865
18.4457600384056
18.7425097148647
18.8705588775164
18.4984570955889
19.1032933429276
19.8166711444179
18.8768920736958
18.6009876321101
18.9190874530108
18.7627809496248
18.7799096406716
17.7199593499727
19.3538301986091
18.2817965019421
18.8811403822647
18.868943561957
19.5611721796522
18.7942899421082
19.1187272912166
19.2060531926453
18.6976136624238
18.1500523619103
19.0905640244732
17.542176490213
18.9146119088047
18.9607534835396
18.5837389996539
18.7080896184312
19.2502597872715
19.5420028544954
19.6414763352184
18.0359297521237
18.3167974950546
19.364134237421
17.9590532598671
17.1440500120823
18.6433830072746
17.4008534219363
16.7420060930707
19.3428698007404
18.1873370736985
19.1626779705787
18.8041958044691
19.6859077634388
19.2172781668599
18.0119660549214
18.2674743905303
19.333007909418
17.6522484798826
18.9533588788773
18.8927441202392
19.5115306889952
18.9140085569199
17.2072585665852
17.8419149685551
18.4082945329451
17.0440690406994
19.3771805447738
18.2006194238437
17.548449932385
18.4564299474648
18.5521120412706
18.1056162354134
19.3480920143188
18.224099314096
18.3520406380347
18.2142355683045
19.0057316282779
19.0949959237933
19.3982454275482
18.1479937167158
18.4626834263662
18.5408924704085
19.7416032510093
18.0030906747215
18.4623059275115
16.7343655804548
16.8415739444786
19.6937441326958
19.4340972812249
19.3478795687611
19.3017379940262
19.4473530494841
18.7762185104888
16.9385149822236
19.773528340344
18.0234434476311
18.0205287217796
18.5492121117364
18.7147009388451
18.417315352985
19.1534283195938
19.9978870115202
19.2173394110786
18.1071146808607
18.1829334424216
18.5872781764025
18.6966154029169
17.5232197264258
19.4435663580644
18.5636992785145
18.549668786682
18.5966417718033
19.7088595160364
18.1377464679325
19.0277735175846
18.6903529390083
18.8317717857315
18.1335868732047
18.827106543861
17.1773241562052
18.5260171163702
18.6353543428846
18.4471885191667
18.4570522649582
19.0099770871758
19.5194274818982
19.4981630452175
17.8024800389954
17.8401544923294
18.7370381840545
17.7524539206686
17.3400298925675
18.9530041406783
17.6689450063675
17.343372337895
19.2702598402257
17.9505068171772
19.5141887623798
19.3549097834761
19.4184242281544
19.3768297973195
17.8089977345954
18.7011592928223
19.0905640244732
18.0311067653092
19.5603762490028
19.073646351717
19.2882189050155
18.8298439898139
17.5808958974286
18.1934874394745
18.9673626040843
17.2717669082032
20.2009992371601
17.8394768499425
17.8035100360526
18.7777715010615
18.7907029908709
18.5226877919938
20.1400164128387
18.5895360556271
18.3102734117696
18.6628294928261
19.2143776743942
19.1618216930784
19.0814271710738
17.9064108189008
19.1347277589314
18.914034484822
19.515304323068
17.8689352923052
18.4698199832446
17.4754184813846
17.4297569201276
19.4785269718549
19.1349976515799
19.3468834683771
19.1783233169044
18.8214980112208
18.4024431460926
17.4428998855209
19.5379390989259
18.2387089892556
18.800869539546
18.8048469121137
18.8740765667855
18.3843260020773
19.0397519082235
19.7025400509063
18.7627609801842
18.5725197888943
18.8906196097951
19.1178904507652
18.3811735179915
18.0750688511131
19.3573478878782
17.8650435385474
18.8871395513446
18.931280759206
19.5671713487321
18.8091655558792
19.1356732181514
19.2333167984059
19.127844148603
18.5802828480895
19.1529012217222
17.4540423244672
19.1529787576193
18.5305229973604
18.862914376396
18.7229652322022
19.6047535179273
19.1117723683162
19.6474755042983
17.9723883174196
18.2532560603505
19.1072484623806
18.1192084900856
17.2218580801451
18.6318793700186
17.6623945566055
17.2845261108863
19.2201994658881
18.2971678961058
19.0956033444772
19.2558043708593
19.765085307083
18.9000566260718
18.1622747812278
18.200836922177
19.4438410711057
18.157591976455
19.5187522077525
19.0000367779819
18.9605803976345
18.9787723413013
17.7126020631576
18.3490317586658
18.925738562834
17.2076997266111
20.1593751959098
17.8477604409918
17.7126782765592
18.9266998525489
18.3875641241599
18.4810637507435
20.0983923715884
18.4719410147233
17.9422370478211
18.3263259592653
19.1052950818485
19.2058609021239
19.1254663801194
18.0328960300465
19.0681256482802
18.9899166042378
19.6877818739529
17.8957523155923
17.9470544722577
17.3809925854538
16.9069914091407
19.6274553233423
19.2839260030673
19.2833948563737
19.1953220665399
19.2051858123314
18.4179552152261
17.3840536585122
19.898077700639
18.1442830933247
18.3548518317437
18.6516015082029
18.8004669930504
18.4467305987086
19.0332014584615
19.7465792599519
18.8068001892297
18.549495486184
18.8489955685447
18.6702459248171
18.7053914565784
17.627424325165
19.2837383141431
18.211704617476
18.8294138853844
18.8172170650767
19.4910802951862
18.7425634452279
19.072184606148
19.1425772758831
18.6341377456616
18.1020229963398
19.027088107711
17.477265211317
18.8445200243386
18.8906615990736
18.5320125027736
18.6563631215509
19.1950019436166
19.4719109700293
19.5713844507523
17.9842032552434
18.2687681294841
19.0936313496191
17.9783474053743
17.4599068150344
18.7819560313264
17.6220989510834
17.4144929375865
19.1068339252342
18.1764003018829
19.3121899907681
18.9151689936229
18.8426978153457
19.3854591078056
18.0272726314723
18.9992078975765
18.9273506484836
17.4643765769186
19.2211313106553
18.5067812158768
19.1332604520986
18.2041593459937
17.2177572385773
18.109294851494
18.4360226124477
17.9006439363922
20.2549583992358
18.4425910891039
18.0204944772442
18.1138034241297
18.5072829133983
18.7404949172775
19.274870705762
18.6408156890776
18.6259400753066
18.5798229767527
18.7265191617418
19.0187149918951
19.4628762657747
17.4554800711396
18.9194423982176
18.8631043700486
19.3894901892882
17.9889474959551
18.3889391884958
17.286706628012
17.5762225523564
19.0853125971794
19.4033853760305
19.7701323409365
19.533524533453
19.4675104710534
18.7383695332391
17.5650630662983
20.1707368495377
18.2357869858462
18.7369214955152
18.761830597121
18.8785188799427
17.702871974002
18.8645812788356
19.7531921497248
19.1148555063025
18.1162430218233
19.0182438512329
18.3171939522079
18.0247685357589
17.6845086468444
18.964858443537
18.6676085955891
18.0061636955811
17.8516218497885
19.233564867953
18.5033427933742
19.5589220907108
19.3951939664352
19.3115923325056
18.5889121585757
19.3388559382662
17.5144460586735
18.9010915105344
18.7710293364905
18.0563866659678
18.1881378338794
18.9978643960976
19.6434844072973
19.6566869829123
18.4075760543244
18.2004600211996
19.3339160222533
18.2186320780084
17.267227018182
18.7472763015361
17.6468810770331
16.8847889706843
19.3126515855726
18.416684974517
19.1507120204388
18.7398807928664
19.0829824879799
19.4351913877021
18.2675573041064
19.0489401774729
19.1676353211178
17.9940805438208
18.7011922662361
18.7125988762153
19.259364076354
18.7338633128959
17.7474612054795
18.6389988183962
17.9063186455455
17.37093996949
19.7252544323336
18.4698546948645
18.2263121375827
18.6435073910319
18.345804943069
18.2107909503753
18.7451667388598
18.5477310312642
18.675672355203
18.5378672854728
18.6313641907647
18.9939328659454
19.438094139825
17.9851840380418
18.7576317202457
18.835840764288
19.9191941561903
17.9641653700054
18.4386714683922
17.4925242883505
17.6259548322528
19.6150165640816
19.9330893429327
19.6083216629646
19.5621800882296
19.7077951436876
18.7656331389997
17.0353590993962
20.4110215221718
18.4416046461846
18.5754435251859
18.6254888284376
19.0843365402812
17.6780898480523
18.8893634047853
19.7284100237752
19.0900733803528
17.5865390549211
18.4885398843307
18.1557159818786
18.265053208393
17.5230306765151
19.1706761038754
18.9078932682233
18.2119813559195
17.7564668788113
19.4393825282914
18.3415321154022
19.3971114127389
19.2199057656788
19.361324612402
18.6386444384721
19.2199057656788
17.4896639327238
18.9019767826102
19.0113140091246
18.0164634101161
18.0263271559075
18.8363864257682
19.8837690799314
19.8625046432508
18.4323581802741
18.2252421471492
19.0395978839245
18.0987712297114
17.3635387089811
19.088086701139
17.9502402695568
17.4111453255695
19.3290171781925
18.29682412622
19.4018586069433
19.0433717645594
20.0058337481401
19.6636079536296
18.1476964558095
18.4886826351283
19.5656636298148
18.1600446422715
19.9736314690195
19.1887417178529
19.7720830333082
19.1324036896839
17.6147030814487
18.196814820279
19.0229237127791
17.5191928173593
20.5629442459811
18.1955725105373
17.6886455511118
18.8012610062558
18.5556835248008
18.8264517293189
20.3876153869327
18.0092270387132
17.7863393054598
18.1388953865163
19.5379326078968
19.1545901920559
18.5492214214638
18.5188952897144
18.7822256849819
18.4928063907139
20.134479931458
17.7630619587156
18.9324519015358
17.6503807751128
17.5660618302656
20.0716225652994
19.5790499775135
19.1076785092683
19.2806195244036
19.1208810848834
18.7787378135123
18.0188049092973
20.2237704143106
18.2691246448574
18.960802626334
18.3809862423342
19.0928291615534
18.3716589147117
19.0239733620491
19.1617220887458
18.9243799029712
18.2914435881677
18.3530027721983
19.1716054531984
18.7375103903077
17.8062541652502
19.1865835161312
18.0088917889425
18.9971925819468
19.2780645459207
19.4647357574131
18.3627930484608
19.0013248986144
18.9258317677888
19.0666429597
18.3678061903956
19.0782225100346
17.2675632403324
18.9405020999254
18.6206682095496
19.1528691589134
18.7790241649952
19.5441680995088
19.3985350344916
19.6879543287597
17.693635740533
18.7097110684641
18.2737359210922
18.1029110397627
17.3478279345263
18.9883482697962
17.9517516808605
17.3954345511148
18.5631552153602
18.2983355375237
18.6190634124174
18.7583827179891
19.7179258651757
19.1098299757946
18.155823834817
18.7589465622819
18.9949524202862
18.1184461348154
19.3174975894823
18.6114145406205
19.115949153771
18.5550765124515
17.2889062343078
18.4498565616742
18.7350158298147
17.017424587474
19.9856170687487
17.6990252352353
17.7296033075095
18.7821056391413
18.2353761625209
18.5592106247727
20.0997075039683
17.9504437141989
17.6954997543758
18.0480558354324
19.2686244634725
18.7878756067867
18.1280448379836
18.1297375641035
18.7814357054532
18.4920164111851
19.5363364320298
17.1685125957248
18.2538748816568
17.9034225165079
17.8138826170775
19.494295388067
19.5017546865124
18.9206551349721
19.0492306285141
18.9338577105871
17.6997209308017
18.0030941348426
20.2252818256143
18.2498197339652
18.9414977154419
18.017800038963
19.0943405728571
18.102116419333
18.9710227751417
19.1087715018384
18.3677195041569
18.2198669735382
18.2793854068727
18.8612544298923
18.4271593670017
17.5525716727966
19.054826226919
18.1665537939983
18.7276500865682
19.0085220505421
19.3329784682009
18.3620030689321
19.0263855093156
18.9339591467964
19.0747703387075
18.0812940479085
19.0863498890421
17.5206049817275
19.2107660270789
18.8909321367031
18.5530988413393
18.2200623753485
18.9816749630876
19.4000464457953
19.6894657400634
18.2172223513293
19.0020375145132
18.5068171871912
18.2982423371363
17.5916302964295
18.6857263999131
17.9517516808605
17.3954345511148
17.9711140512091
18.5314168036227
18.2391717853273
19.0021850798923
19.9510071312748
19.2093034565176
18.388905100916
18.8584200430049
19.2280336863853
17.8853648687163
19.3174975894823
18.0193733764693
19.3861708866541
18.3219952463524
17.0558249682088
18.2545252643006
18.7350158298147
17.017424587474
19.9856170687487
17.6990252352353
17.1375621433584
18.559342051868
17.8554845354308
18.5592106247727
20.0997075039683
17.7041598724848
17.9444445451189
17.7454339655493
19.0223406217584
19.3799167709379
18.7200860021347
17.8966562980045
19.0277195471672
19.0840575753362
19.3579383663498
17.7605537598759
18.3533483623798
17.3113813523568
17.9133560978005
19.2989640906934
19.3451999153188
19.1669389766862
19.0492306285141
19.1122557762671
17.6997209308017
18.0030941348426
20.3967815620412
17.6577785698141
18.5616060883517
17.7739976770598
18.5022994087059
18.6941575834842
18.9710227751417
19.7008126659895
18.959760668308
18.2198669735382
18.2793854068727
18.4813628028022
18.6602406331007
17.1726800457065
18.4627850627678
18.3996350600974
18.1356089224171
18.762238208828
18.7409373040498
18.6082869106461
19.2726693510297
19.1777615086995
19.1742438194305
18.1807675286315
18.842547527139
18.1126461458786
18.9081441571958
19.0708168828851
18.2504769714563
18.4663462170626
18.6017833359975
19.5953777431689
19.0974245759122
18.2172223513293
19.0020375145132
19.2726791500235
18.313953111591
17.6073410708842
18.7836801540646
17.9502402695568
17.4111453255695
18.7369760140414
18.5299053923191
19.0219669798532
19.2871741264625
20.2389150142392
19.7630814343526
18.3807777219085
18.5881561158513
19.7987448959138
17.9269633761725
19.9736314690195
18.5967005537018
20.0423047661913
18.8993224235848
17.3816218153497
17.9816329383994
19.0229237127791
17.5191928173593
20.5629442459811
18.1955725105373
17.0966043869606
18.5784974189825
18.1757918977107
18.8264517293189
20.3876153869327
17.7629431969991
18.0032278696333
17.8303492084147
19.2916487661827
19.7466313562071
19.141262585615
18.2858140236153
19.028509526696
19.084847554865
19.9117163441847
18.3551031228667
19.0319253822588
17.0583396109616
17.6655353109886
19.8762912679258
19.4224952063199
19.3539623509824
19.2806195244036
19.3436446721566
18.7787378135123
18.0188049092973
20.3952701507375
17.6770834807062
18.5809109992439
18.1371838804311
18.5007879974023
18.9637000788628
19.0239733620491
19.7537632528969
19.5164210671223
18.2914435881677
18.3530027721983
18.7917138261083
18.9705916564068
17.4263625381601
18.59454235198
18.2419730550415
18.4051514177957
19.0317807042066
18.872694593262
18.6090768901749
19.2476087403285
19.169634129692
19.1661164404229
18.4672796711186
18.8344201481315
17.8596044044835
18.6378802300423
18.8005529557315
18.8464301764108
19.0253080067093
19.1642764724187
19.5938663318653
19.0959131646086
17.693635740533
18.7097110684641
19.4925526123472
18.5452881606871
17.9926032901632
19.2357258169672
18.3946798465747
17.9469666806036
19.7819719066153
18.7433410571957
19.9411203751354
18.925305160621
19.6547039903248
19.8515844506723
18.6070410362494
19.1965807245932
19.5738428566898
18.0397200798799
19.8102563512155
19.1316780156053
19.6087079155042
19.0753399874363
18.0258656194111
18.9175956593344
18.9761149432935
17.9963456709747
20.5458682301112
18.6820767669686
18.4596909545455
18.9115941261378
19.2383864876449
18.7795517404511
20.0358698586328
18.9860905858677
18.7558865953798
19.1084426764363
19.5923089707842
18.9927904773011
19.2316978596004
18.4535342655185
18.6564608953138
18.3670416010457
20.2230742460677
17.764118722613
18.5428566946015
18.411444267292
18.3143275146217
20.4853079128771
19.799295850082
19.8532291581665
20.0209232339305
19.8664317337815
18.9556237688507
18.3896965441465
20.4961136927088
18.9161000678883
19.5244675796784
19.1720184177943
19.8012278068019
17.9795605943822
19.4002561464164
19.5306259561011
18.3525217012607
18.6914089441575
19.3170386698885
18.8011399499688
18.3670448870781
18.2219229298068
19.5278959550207
18.9146460198924
18.8367407505507
18.8839337901631
19.754217151979
18.4731261683428
19.5318820918868
19.4571092132934
19.5979204052045
18.7862849855924
19.7009115751965
17.7598742166617
19.4311071427573
19.1164823140171
19.0672387990379
18.6986028667552
19.5936761561935
20.0518632782258
20.3412825724939
18.9432509219052
18.9459562940595
19.7231523986354
18.7783694267861
17.7031839958952
19.0347839604486
18.5483110535282
17.8687576365612
19.7256338784463
18.9739408434838
19.7868639235633
18.6358858663529
19.885303776613
19.9297934947146
18.8376408225375
19.2747897686356
19.8044426429779
18.096058108049
19.6087079155042
19.0753399874363
19.8102563512155
19.1316780156053
18.0822036475801
18.986321679493
18.8979058992512
17.9181366269324
20.4676591860689
18.8830186234873
18.4033529263765
18.9782498331326
19.0835142655882
18.6042705316772
19.8343214229215
18.7530093197687
18.9574350310911
18.9075008199177
19.3592277046851
19.2822097715691
19.5211171538685
18.5098722936875
18.3670416010457
18.6564608953138
20.2918002662264
18.053538016881
18.6210657386439
18.355106239123
18.3925365586641
20.6100350883438
19.9416061900224
19.5638098638985
20.2218650904492
20.0995129998806
19.1565656253693
18.3114875001042
20.7291949588078
18.8597620397192
19.3702111281063
18.9414186315062
19.7448897786329
18.2689798886503
19.5545125979885
19.8200452503692
18.6419409955287
18.4957479342296
19.1289962477893
18.6462677279121
18.5976446733662
18.0670507077501
19.4715579268517
19.1452458061806
18.770085043556
18.650852524064
19.6213526289046
18.1837068740747
19.2424627976188
19.1676899190253
19.6761294492468
18.8644940296348
19.4703117889084
18.0492935109298
19.2301652862386
19.3495635801161
18.8662969425192
18.4091835724872
19.44004494924
20.2849445443249
20.2165553970272
19.0975073734773
19.1008285161162
19.4742117830543
18.496856452831
17.4109505680746
19.154685111925
18.2702972429631
17.589351858205
19.4766932628652
18.6924278695286
19.4051327182966
18.8982896488936
20.147091788669
19.6789768491756
18.5433001991181
19.3152684473226
19.4175023760756
18.4293913562628
19.4391897727126
18.8211053684524
19.6407382084239
18.8774433966214
17.8405792892336
18.9735612213877
18.9117109511466
18.2238364746947
20.1752806839862
19.133499289002
18.4379639521088
19.3268741871345
18.5710301957929
18.9187107878497
20.0967252054621
18.438001917931
18.6438195782695
18.5998096753145
19.6210157167412
19.6234202564146
19.2317443451989
18.938566068508
18.7064500913909
18.9958693856589
20.028434725353
17.5299772324955
18.4324539117757
18.3316253271523
18.4277212339482
20.1924556428692
20.0376365993405
19.6024125126275
20.2644140823
20.1381156486096
19.1836937828726
18.0773460099867
20.7262357509932
18.7379547092161
19.274760468636
18.5434900855131
19.6420748025958
18.3488517268023
19.9098586323018
20.18083268243
19.2501020017237
18.5074826729611
18.8395777087412
18.9961548004277
18.9475317458819
18.4135678661531
19.8127684116972
19.2586021689148
18.8512196002217
18.7340573938937
20.0521167168889
18.5323312280766
19.2829414763058
19.0701689463911
19.5786084766126
18.6155534140537
19.3727908162742
18.0258125989591
19.2758530265612
19.3900422588031
18.3502815259493
17.8879590942817
19.032129776789
20.1567843931184
20.119034424393
19.1350704758744
19.1333323462496
19.2436119967662
18.2637751867319
17.7003698623426
19.3556269684437
18.1154250209064
17.6675609022473
19.5330312910342
18.4618280832405
19.5600049403533
19.1877089431617
19.9164920023809
19.6007678051333
18.3127004128299
19.2370594032802
19.1869025897875
18.3730533280938
19.6407382084239
18.8774433966214
19.4391897727126
18.8211053684524
17.7842412610646
18.8993238089993
18.9899199951889
18.3020455187371
20.2534897280286
18.9325574324834
18.4943019802778
19.2602184801397
18.7259024178496
19.0939919966236
20.2982736411735
18.6710831840301
18.4481954507766
18.8007515318331
19.8540969828402
19.3340009621466
18.9423250509308
18.8822280403389
18.9958693856589
18.7064500913909
19.9617790183582
17.2405579382274
18.3542448677334
18.3879633553213
18.3495121899059
20.0983676459748
19.9047720762661
19.8918318068955
20.0634722257814
19.9050343825106
18.982751926354
18.155555054029
20.4931544848942
18.7942927373851
19.4296326906927
18.7740898718012
19.6984128307649
18.0594324325343
19.7549864102451
19.891413388162
18.9606827074557
18.7052139960529
19.0148589175151
19.1510270224844
18.7169319595938
18.5684400882098
19.8691064398662
19.0280023826267
18.9199456203804
18.9671386599927
20.1944270568293
18.8217505223447
19.5723607705738
19.3595882406592
19.5003994325703
18.5373443700114
19.6033906025623
17.736393304691
19.4767948830799
19.1569609927041
18.551223382468
18.1773783885497
19.1870019988457
19.9237031270193
20.2131224212874
18.9801982538177
18.9784601241929
19.3304322362643
18.3762454716262
17.288232391271
18.6426795685621
18.1536048027114
17.4666336814014
19.3329137160752
18.5718168883239
19.3051885155101
18.2059895381597
19.4501983867842
19.5370733323435
18.4226892179133
18.8820696062645
19.3227672349247
17.9392794497577
19.2166035236177
18.6793927215163
19.4181519593291
18.7357307496853
17.6926601114164
18.5841977243331
18.4881633562625
17.5254164645613
20.3070991430507
18.4732760804987
18.2465742680852
18.5887062969689
18.6939707294245
18.2147269955135
19.4044250947282
18.3380577151445
18.5438753754829
18.497758276929
18.9241223148563
18.8477201522249
19.0575867312585
18.1203287575238
18.2102629427545
18.4996822370225
20.1331455779772
17.8967593585898
18.4611309402442
17.9401546344988
17.9965892927441
20.0977205017183
19.7829515017732
19.1710897015274
19.8291449280781
19.7067928375095
18.7670220892056
18.1547088418129
20.5686349157896
18.3517299606332
18.8885357200531
18.4466846311983
19.2632143705796
17.8794363524866
19.162408206102
19.427325087998
18.4851623372375
18.086042273676
18.7394527116256
18.2567241917483
18.2081011372025
17.6775071715864
19.0370683075075
18.7499237848792
18.3805415073922
18.2613089879003
19.2292482370181
17.794163337911
18.8497426352477
18.6860145109721
19.1944540411936
18.4717738672637
18.9886363808552
17.6343419063056
18.8406217500749
18.956843417745
18.4767534063555
18.0164634101161
18.937394635638
19.7726299576994
19.734879988974
18.7054029815908
18.9440498578249
18.5968942781789
17.7824539569232
17.2246190162939
18.5683191939683
17.4527525408231
16.9671211538486
18.610096853794
18.0202801963547
18.7547049506087
18.4618387484604
19.0137643382855
19.1042823435231
17.8389977708499
18.3055827603486
18.8541784313317
16.718455662444
19.3921978335951
18.3506611103487
19.3043269750384
18.0480392404656
16.4666153695194
17.3758963713432
18.0461675605399
17.3177969194971
19.9451884213283
17.8635611848284
17.1688949444992
17.4201782869019
18.1589337157149
18.5843748117493
19.4459372287018
17.7141529317669
17.7030944306155
17.6531602194421
18.4928581811473
18.7089450139875
18.8618669856594
16.9530665746951
18.2128061883969
18.1564681602279
18.9715598201528
17.5415757122172
18.2904049946081
16.9194199182745
17.2089358426188
18.907541530269
18.7447778082728
19.2727794990117
18.9506775165579
18.9701576291286
18.1573071935353
17.5985277834077
19.8609668716301
17.5196626862584
18.3696347857777
18.1033045851756
18.4319952971824
17.9175959552014
18.2641877692049
19.1527986400941
18.4562479385448
17.7643624773653
18.1490978257523
18.1051839329956
17.8127585165466
16.8381300686827
18.3644649339062
18.0665993154738
17.8370325174601
18.2355509748939
18.6331713583222
17.7967065835535
18.928907736578
18.9369255748598
18.8533239409302
17.8785788174452
18.6480936154143
17.3592433339333
18.4762188891564
18.3461567151125
18.22660498793
18.3993990347233
18.8240294225179
18.9848768395396
18.9980794151546
17.5219561758955
18.0860658243868
18.3348122607444
17.3799224294919
17.3455722321938
18.7034567625657
17.3063655354393
17.0877438670651
18.8680339169156
17.5753469272529
18.9827616219526
18.8530523351653
19.0300108463933
18.9932893427451
17.4328352245462
18.607332337744
18.3070374015037
17.7205480685634
19.0796844400595
18.1888968231053
18.8094627071764
17.9450944612021
16.8910081680559
18.0897084641477
18.427325145765
17.6711397495398
19.8903408723798
18.229795947256
18.0344820090649
18.3945252517151
18.1182378712089
18.485529367768
19.7516030310776
18.1583959669057
17.8471139789137
18.1996700599702
19.3451754634447
19.0527635459251
18.6610876347094
17.9824733964975
18.8229088027123
18.6430240565303
19.364948762538
17.1421793448775
17.9473884350623
17.7280623754785
17.697341984028
19.3059744868816
19.350601437128
19.4759539858024
19.3112488246849
18.9949340502393
18.2304916428225
17.7758190274766
19.8061193226817
18.1307976211048
18.8249570823923
18.2282337714808
19.0557340366804
17.7506926244668
18.8976175946462
19.5630075962594
18.8788912850094
18.161218885169
18.4522640680912
18.4975562203571
17.7608392875833
17.9162698823319
19.2264276457817
18.0943528509579
18.2509453180114
18.4108144139618
19.5070613668746
18.4034761661912
19.1577835457301
19.0286287639725
18.9231561141696
17.9296798233707
19.0849667921416
17.4379337027112
18.8470678175436
18.2246120572848
17.8990531765901
17.7591040323963
18.6179767535523
19.0372219710317
19.5729251070138
18.1438171708338
18.3917249605804
19.3999766431382
18.7673647287248
17.4897810631214
19.5497700663429
18.5214283378278
17.7446103609793
19.4024581229491
18.9563201777187
19.3964877868383
19.198699229562
20.6782614573048
19.8722514715512
18.8214270628407
19.5207125570847
19.9484527544366
18.6255762358724
19.8783128068363
19.238633463212
20.0798612425476
19.294971491381
18.0288012132373
19.2440694972816
19.0944981638899
18.1036089950394
20.3575550022987
19.0809285313142
18.336141337226
19.5323182968966
18.2603510793178
19.3362388826092
20.6278948740979
18.1861611096282
18.3622158327431
18.3122816215697
19.7652790032144
19.8858374092005
18.9879112176714
18.9490947462916
18.9421633887775
19.2315826830455
20.0975046382102
17.639971447031
18.8610376055964
18.5472094270519
18.5756486118804
20.3149810641334
20.163572889484
19.5275322774157
20.1458134207906
20.0632354133978
19.0650562389282
18.1069246478384
20.9085100693057
18.9163822536584
19.5095260412474
18.2751435044801
19.76733337154
18.8063401485117
19.5758164006818
19.8474459517637
19.3760382918672
18.2183646835055
18.5525230584732
19.3905946595499
19.3419716050041
18.2933403864978
19.5720734108387
18.9252154382485
19.0335754743465
19.1909007203074
19.7187299862226
18.7561407254245
19.4205231658081
19.3674404003905
19.875879930612
18.8430600427114
19.5786506506162
18.5101492147085
19.6933811213208
19.8075703535627
18.7669614197313
18.3454475159911
19.5565385468719
20.3597253910663
20.3219754223409
18.8206942280896
19.6077018094579
19.4587961511181
18.2448641683578
17.4897810631214
19.4612926285935
18.0771368215031
17.5334001107536
19.7482154453862
18.4363010971625
19.8407793031631
19.4881185238301
20.4476616710167
20.0834617217769
18.3014079822845
19.1530842187743
20.0072722624165
18.5692382077034
20.3692805368157
19.584390785649
20.1677321011043
19.52805275748
18.2618824793364
18.8605622061191
19.1727072079322
17.8923987448137
20.7251833406091
18.5905673805275
18.1030600711269
19.4656625899018
18.7046425956426
19.2221007971151
20.8294433098093
18.7086616699953
18.4500866912999
18.8026427723564
19.9983602693134
19.5964181149325
18.9879112176714
18.8927567181226
19.2315826830455
18.9421633887775
20.2759027038902
17.639971447031
19.0722478558221
18.3141281609528
18.20802027357
20.510312361507
19.7412890721415
19.5275322774157
19.6554522700039
19.5407348530308
19.1535336766776
17.8957143976127
20.3860095089386
18.6833009875594
19.374978969036
18.7951625850363
19.534252105441
18.5169208542437
19.4209441786251
19.5580266574957
19.0866189975991
18.4199131192168
19.0299847748405
19.5454668816066
19.1113718187159
18.4482126085545
19.6284114390077
18.4051963576924
19.1431100224326
19.4239819864064
19.861040326163
19.0455600196926
19.4205231658081
19.3674404003905
19.5082515923016
19.0542702929371
19.5198311426363
17.9313106261724
19.6049036835714
19.2850697931956
19.257322570518
18.9242861045272
20.0008300631966
19.8372248306992
20.1266441249673
18.3764027117648
19.1634102931332
19.0720407606062
17.8440222697043
16.5664386041008
18.6429955952748
17.6146538667597
16.825255470915
19.0745222404171
18.0369652876544
19.0318962435866
18.5351651976815
20.0147274254243
19.5436600880655
17.8944535849476
18.6139380860166
19.5811732748028
18.2409859369448
19.5503769243043
18.91069758068
19.7519253600156
18.967035608849
17.7008653307053
18.320727038261
18.454256043883
17.1968345239713
20.2630290929348
18.1575860722937
17.6621317440303
18.9149631200965
17.9324151967858
18.4294644115411
19.9643608422174
17.8380262202713
18.0177119622587
17.9677777510852
19.1017449713339
19.22230337732
18.616934606728
18.3310840685378
18.5582181851456
18.8476374794136
20.0029787288463
17.5448004423715
18.7665116962325
17.6238669680313
17.6688741408122
19.9440044531899
19.490208391584
18.6201023053939
19.2390389497225
19.155805441376
18.7371203563962
17.4329150546428
20.2351455714057
17.9702641854886
18.5634079730775
17.9078640248464
18.8147850243804
18.1889849717117
18.9571394751019
19.2294352740099
18.9920930882353
17.5808104998805
18.2245871759412
18.7725839817961
18.7239609272502
17.6759852096978
18.9085393789582
18.0177854662267
18.4155647965927
18.5728900425536
19.1007193084688
18.1387855486245
18.51374869474
18.4213223322207
18.9297618624422
18.5151241601794
18.6325325824464
17.586806755688
18.7866066502526
18.9007958824945
18.4390255371993
18.0175116334591
19.1824238092594
19.4099101915867
19.3721602228613
17.9139197570214
18.9336922162623
19.1905369541486
18.5752083108504
17.7716709506349
18.6773718698249
18.2472232581105
17.75982457553
18.6548338181665
18.8394687998689
18.9414010498278
19.3296142297338
19.5996102178805
19.2573453073017
18.6695020935026
19.1538916202549
19.0278649542908
17.9129979766055
18.8984537415235
18.0460924378695
18.969687894418
18.3487143077525
17.3162229539704
18.5314912380147
19.146691324698
17.6829981912548
19.8165208737227
18.3811668269686
17.5703708692668
18.8548136291181
18.3840373787798
18.5859296861729
19.7476948200894
18.2529117226587
18.4931963952929
18.2905547968508
18.9847077067259
19.5087405879062
19.3286585201526
18.0626898199801
19.0566129145297
19.1129509426987
19.3086683478648
17.8795984874225
17.8798102895309
17.0859158858595
17.6713226433508
19.2743196862498
19.500578493827
19.853835369851
19.7148042322949
19.7810060062553
18.3652945345826
17.6650494073731
20.2276853670152
18.0514528975885
18.6301898721072
18.3444152427642
18.7517015235151
18.4521241290344
19.5404276951168
20.2676157270343
19.1151392468163
18.7686188237122
18.8555922607063
18.4755691284368
18.6544469587352
17.8382536494873
19.0934426616851
18.9658223506575
18.3985677639015
18.3106816251036
19.30712459461
18.8686848964078
19.6426251196253
19.4800242168165
19.4765065275475
18.4411655143932
19.2362218549134
17.6750966943839
18.934863218596
19.0975359442852
18.0084435170065
18.2243127626128
18.6427563573032
20.0278227937414
19.5298696264847
18.7457751946784
18.3151551971936
19.1880554743377
18.6129582795758
17.2384492944636
18.7790518831893
18.4020954801672
17.6816155314876
19.1905369541486
18.836987320058
19.1664204548613
18.7963925735626
19.5971287380696
19.2360808706211
18.6670206136917
19.1326271835742
19.0253834744799
18.2024172708736
18.6969053058122
18.5817955738516
18.8984537415235
18.6381336020206
17.6056422482385
18.8209105322827
19.0684822806556
17.6047891472125
19.7383118296803
18.5821086834873
18.1060740052489
19.1442329233861
18.6090567838132
18.408668863802
19.5461463843781
18.2661142982738
18.4421690213886
18.3922348102152
18.9979102823409
19.2061187180231
19.0260366502695
18.3521091142482
18.5209097785476
18.8103290728157
19.5980876421328
17.5769766175394
17.8585458528503
17.6216190218416
17.6500582066701
19.5637389805179
19.789997788095
19.3181322338689
19.9157460888136
19.853835369851
18.5662363911012
17.5868403633308
20.2892668966873
18.5871560335706
18.8552092771406
18.3576178183793
19.2874046594972
18.1495022591513
19.6946841466889
19.9649938571513
18.8125173769332
18.5670703880009
18.6675498386071
18.7005885334702
18.6519654789243
18.0632730545207
19.6291457976672
18.9633408708466
18.8810743799665
18.3238842007186
19.7568554188207
18.3329817604257
19.1069219836432
18.9468025606453
19.4552420908668
18.4199010777125
19.2494244305284
17.3724748245009
19.0365432319604
19.1507324642023
18.1101235303709
17.6886096266307
18.8677757623366
20.0655727624668
20.0278227937414
18.9006474167351
18.4700274192503
19.5469967473473
18.0323177953221
16.9265613260598
18.6026391479428
17.7863814044251
17.1009750472339
19.5494782271582
18.2212732443159
19.5435078910475
18.7739238994268
20.0204229732927
19.7536378434266
18.086380129438
18.785665623682
19.5610866104621
18.1799485967377
19.4884255376081
18.8703411333479
19.6899739733195
18.926679161517
17.8725928683707
18.5090225638789
18.7421874991816
17.6717905107125
20.2389413741741
18.6491100469872
17.904322852899
19.0866906577619
18.6423284795839
18.3891079642091
19.9694406196012
18.5681385098944
18.7441932330092
18.6942590218358
19.5129466399049
19.4967514410383
19.3724097431912
18.6771996582671
18.4984411044118
18.7878603986798
20.1156446149383
17.5751747218217
18.4736714616219
17.8472360851375
17.875675269966
20.3331210408615
19.5224587009923
19.0982349183424
19.7139949364637
19.6339380543245
19.2120763431373
17.5437049107768
20.211057852645
18.2752680651667
18.8120738245866
18.6596420299999
19.2091956154549
18.1270335850155
19.6722154725531
19.9425251830154
19.0237276271589
18.3109227895035
18.9345004587394
18.7347883901868
18.686165335641
18.1509411964389
19.6860995963209
18.7308753752322
18.5898531899809
18.5134995115802
19.8138092174744
18.3105130862899
18.7768878520627
18.6349145922415
19.143354122463
18.6868516978448
18.9375364621245
17.5414233569443
18.7462502029206
18.8604394351625
18.3770741505032
17.955560246763
19.1913949133213
19.7186112025746
19.6808612338492
18.6238330398196
18.6389759516937
19.3216718058128
17.7420756065925
17.4746441431954
18.6211165683113
17.379280212601
17.1604777498976
19.3348743814278
17.9375001043535
19.4794618712646
19.2715435404349
19.6815833177619
19.7702392338372
17.7949884016468
18.8041430440506
19.2480291671404
17.5932009427661
19.7784252871093
18.6557372876175
19.7084513936881
18.3531154177344
17.2990291245882
17.8730230527122
18.7894783228656
17.7897414118041
20.3424673499733
18.3025298300886
17.6765350969794
18.5131269139794
18.6608058999525
18.6041310300322
20.1137562081782
18.7076623682726
18.7002348859937
18.6503006748202
19.597559741505
19.6455165093138
19.5432598923662
18.1023756550112
19.0951505341238
19.0388125059548
19.5276559458635
17.8242705939044
18.4777239566981
17.5701964720229
17.8941526903346
19.6681276639822
18.9344700319174
19.7068774729041
19.4298504869492
19.4042556030211
18.9279318936228
17.6484719016793
19.9688265060072
17.9729317176493
18.7428187431682
18.8234682146804
18.8978681332248
18.3893133672873
19.3082608962078
20.2029289353292
19.272198254623
18.5233720622696
19.1038365394599
18.7520055510821
18.4595801346331
18.1694186168075
19.3579810365942
18.5036744037397
18.4271856046941
18.7106014186575
19.6833016535573
18.9210316708096
19.3874064365824
19.1577006749741
19.0740990410445
18.7053291182134
19.1013626468051
17.7412673718319
18.7647276232892
18.6326330138171
18.3955515708718
18.5660788312827
19.1146770028643
19.3993751481323
19.4125777237474
18.2624188330981
18.2643778347831
19.3348743814278
17.7552781822075
17.1720222733123
18.82205842483
17.6042996176344
17.139213313217
19.6242936756959
17.9507026799685
19.6343340933213
18.9689216705519
19.694785893377
19.6920301897949
17.8081909772618
18.7259340000083
19.2612317427555
18.1289040787482
19.7084513936881
18.9451565818855
19.5069029579767
18.8888185537165
17.8347322605703
18.3709762199689
18.768213886185
17.7684769751234
20.3212029132927
18.404209843453
17.9659543912475
19.0385123711358
18.8156781220092
18.5828665933516
20.0765675321695
18.7536304101054
18.4986864502823
18.8512425313389
19.6509906123763
19.1122948531426
19.0100382361949
18.6380787909933
18.7925286642408
18.5031093699727
20.0086758814265
17.2910489377332
18.3995149126558
17.859615766291
17.8159436462923
20.1660808312389
19.3936466729941
19.4042556030211
19.5315305003136
19.4174581786361
19.0296119069872
17.6272074649986
19.9820290816222
18.2623510119173
18.8976909652249
18.8209867348695
19.1872874274929
17.8560917111161
19.5332803012412
19.669707279158
18.7389765984518
18.4648818593268
19.0825721027792
18.9068777731388
18.4727827102481
18.3242908388642
19.6474003308623
18.5168769793547
18.7166048989622
18.7637979385745
19.9727209478254
18.6184098009265
19.0847845666994
18.8550788050911
18.9958899970022
18.627120074171
19.0988811669942
17.2080457156607
18.9656694798079
18.6458355894321
18.5964934273904
18.2634569613996
19.269549224921
19.4125777237474
19.7019970180154
18.4874382381315
18.4893972398165
19.02665162889
18.3389361382633
17.755680229368
18.9957213953469
18.206282382897
17.7188837003165
19.3160709231581
18.5654466585564
19.3904886177584
19.0240186836177
19.7849564979311
19.3831623419614
18.39547995219
19.0134772643184
19.0200742035745
18.105138367491
19.3383493671572
18.6538612576595
19.1368009314459
18.5975232294905
17.5083633448559
18.6858816601748
19.1038450947154
17.7521941320953
20.0418113891054
18.450362767809
18.2316079742583
19.0366363411778
18.7580617221447
18.6016573418118
20.1667381367237
18.4933282806476
18.2347533019521
18.5873093830087
19.7060876254421
19.123658755392
18.7288447175073
18.5216773719465
18.7674828428331
18.4780635485651
19.6942107657509
17.2466164480578
18.0062430946753
18.1745212064968
18.068413319114
19.963694014856
19.6142870350381
19.6742263437237
19.7840001731353
19.6874289193387
18.434490475423
18.1616135638594
20.281476145971
18.6000320612724
19.23537201458
18.5798291956886
19.5664723473261
18.0878946055196
19.5301036750338
19.6671861539044
18.4802518526826
18.762751539987
18.8497249769811
18.8692830563968
18.4351879935061
18.2873412174179
19.6587642331116
18.7249684460643
18.9477626980701
18.9949557376824
19.8913931202669
18.5814601794802
19.3554004026977
19.1927598544462
19.3335710463573
18.3007511584567
19.4365622163493
17.5229511558666
19.253212744118
18.9333788537422
18.5388770275259
18.2058405615351
19.0352269437188
19.7890294959006
20.0784487901686
18.7399079109532
18.7550508228273
19.2537337259091
18.4292646304296
18.0298342560354
19.2471481964598
18.0847940456449
17.9804328096312
19.2669363015242
18.6557751507227
19.4759010683358
19.4301716212821
19.8963107068612
19.2961499379353
18.4858084443564
19.1952173761421
19.2471563005936
17.6729662992903
19.5328601944464
18.816810621023
19.4635313963209
18.5141887511399
17.0761912766552
18.2914595606994
19.3653942040302
18.01374324141
19.8978543777175
18.5889674270788
18.1824733526244
18.6147819518028
18.8434741727222
19.075290436124
20.3284835972775
18.687644911449
18.6765864102976
18.6266521991242
19.508461023266
19.4916589634947
19.5023510463126
17.9575063927487
19.1736357804976
19.1172977523285
19.2028691501486
18.0201227768631
18.3247368113517
17.5077964791629
17.7693169300904
19.3221703609131
19.3953950665955
20.2171328862409
19.922604832405
19.9145110163578
18.5730951346927
18.0393075138538
20.1030521222874
18.5508974396385
18.9152783444548
18.8225953481336
19.2485852098423
18.861400934325
19.5453689426345
20.4406924827097
19.2537581814879
19.0642143519459
19.1112740862959
19.1667794919716
18.8743540755226
18.3727536679953
19.6096296114777
18.9520505430834
18.7618744715834
19.066941246929
19.842258498633
18.9876131171446
19.8983069452149
19.5989127921106
19.515311158181
18.4824912702804
19.6793283687944
18.1813548412014
19.5046395452309
19.3725449357587
18.5782198436414
18.7487471040523
19.3327233792936
20.0161115929197
20.0293141685347
18.7551731785539
18.6552134469576
18.7369760140414
17.7961493598284
17.6098225506951
19.088086701139
17.7252208645234
17.4324097622501
19.2701976702126
17.9942022563369
19.4018586069433
19.2896556062734
19.7032118782571
19.6636079536296
17.8450745859264
18.4886826351283
19.2630417599317
17.9137608005575
20.0423047661913
19.129922209873
19.7720830333082
18.8861198479698
17.3684192397347
17.9684303627844
19.0441881494598
17.5404572540399
20.5842086826618
18.0879681889544
17.6298260431319
18.5652948433675
18.5556835248008
18.8477161659996
20.4248040629414
18.0655650668822
17.7863393054598
18.1388953865163
19.5942706360658
19.457212061939
18.8518432913469
18.2726114480003
19.0161215347064
18.7954282605969
19.8985137685697
18.0656838285987
18.9324519015358
17.5915612671328
17.5660618302656
19.8630886923108
19.4092926307049
19.3436446721566
19.1750845206839
18.8182592150003
18.6711334919294
18.040069345978
19.9211485444275
18.2103051368774
18.960802626334
18.4398057503141
19.0340096535735
18.6742807845947
18.7989539570157
19.4643439586289
19.2270017728542
18.3127080248484
18.3742672088789
19.1716054531984
18.4348885204246
17.8062541652502
19.1277640081512
17.7062699190594
18.9408545537778
19.3344025740897
19.4083977292441
18.5966888981853
19.2372910615027
19.1721156095029
19.0666429597
18.3678061903956
19.1370420180145
17.5701851102154
18.9405020999254
18.3180463396665
19.1528691589134
19.0129200147196
19.5441680995088
19.0959131646086
19.6316163005907
17.4686163354996
18.4846916634307
18.9409901268831
18.2299058326987
18.2154062199066
19.3556269684437
18.1591581317228
17.9575778547779
19.4742117830543
18.4279587292073
19.5600049403533
19.4339927848757
19.6138701324978
19.6007678051333
18.2788310587967
18.9683068874304
18.8842807199044
17.8580169705299
19.7107121018452
18.8186238886415
19.4391897727126
18.5748215267384
17.2692049035006
18.4021868356548
19.2799369477194
18.3233099554177
20.2747541647092
18.8249531109005
18.166729956448
18.7554998014015
18.9946549336995
19.1152564333042
20.3354623171821
18.4586686963492
18.1794429349267
18.5319990159833
19.9104350110092
19.6366228320296
19.2449469208139
18.6359441986249
18.9610127195335
18.7403194454241
19.7258128554699
17.8119323239604
18.3542448677334
18.0603913314915
18.080759674056
19.8898337729861
19.7350147294575
20.1277979697838
19.9592378183111
19.6024125126275
18.8751476047711
18.4455720065595
20.1905326150111
18.7354732294052
19.4296326906927
18.8329093797811
19.6395933227849
18.6308068182672
19.5299670052117
20.194035258045
19.2633045773388
18.9952309485834
18.7673708383459
19.1510270224844
18.4143100897107
18.2996875723599
19.8102869318863
18.7253805127436
19.1323601080612
19.2922292040116
20.1380890286603
18.7868938562193
19.8083269334621
19.6058720823732
19.5003994325703
18.2685918541615
19.6622101105422
17.7702626587242
19.20804236723
18.5855866069711
18.8199758983179
18.6800267541241
19.1870019988457
19.6210812571363
20.1567843931184
18.4864263329344
18.4846882033096
19.2793380121981
18.3579494005918
18.1952199843013
19.2504687072573
17.5607898749233
17.5831810615293
19.490879894447
18.5560022971003
19.4624055444051
19.7294281048103
20.0657327318091
19.5743026689312
18.4144932145185
19.2087182371202
19.3140582383163
18.1888819876159
19.4869141263045
18.8105360873716
19.5847734849201
18.6237501177854
17.5868860103975
18.7783161409795
18.9177520334506
18.1592174795912
20.125086614175
18.5157171711049
18.4353326371466
19.0731809082984
18.5420824504402
18.9408462786519
20.2573485025656
18.9196863467097
18.6033361543237
18.7543437996689
20.1501480732594
19.9974054437067
19.5836444515916
18.6861330491452
19.4384987586037
19.283626536547
19.7891663718092
17.7736297592473
18.3403286268657
18.3870859498931
18.3211710237459
20.0301919971299
19.7983682457968
20.3225280549906
19.5858111222169
19.9426364279005
18.4998448787188
18.0259109250723
20.5433054256185
18.8241090646349
19.3351720432162
19.0484670479681
19.7454475319752
18.6093222000982
19.1578204192679
20.4431791856839
19.5243816298273
18.620658042325
18.9201613979714
18.9684673145484
18.753918234499
18.3846201208004
19.9404697572752
19.0656044280166
18.892532006051
19.1509352958891
20.1676292129846
19.2499549699971
20.0011809887109
19.8798380918931
19.5634878995071
18.5090032038514
19.8798380918931
18.3275570634139
19.4072360881854
19.1926870081361
18.440856059646
18.6061986066868
19.0946116645331
20.0508587755481
20.2758781805815
18.379876122732
18.3913219032964
19.0872062702663
18.1345583165981
17.3310209563825
18.2626504491354
17.8213424325428
17.3231621502339
18.5515031342842
18.410134524755
18.7737136959487
18.5465897271667
18.807679522368
19.1540146234195
18.2288520992502
18.7391701995654
18.8601776004117
17.4334005348632
18.773151615102
17.922857211302
18.8585626341566
18.2254790811851
17.1815602419386
18.0908412437623
18.4022085569251
17.2718081173399
19.9523918278634
17.9405168327163
17.3790537408393
18.135123159321
18.2530056856204
18.1691758300551
18.9609731862125
18.109143851713
18.3494285243471
18.1393240968665
18.1890113134846
18.7174256628784
19.1609711662734
17.3421031903419
18.568791162764
18.625129190933
19.4394031381044
17.9777006532631
17.9919622858652
16.6452658916071
17.2586681225152
19.1066323323707
19.3293683641254
19.4610853917006
19.2963856802956
19.3625874542561
18.2342628414232
17.4737322789457
20.0470294204476
17.5943462494413
18.17308322396
18.1767278888851
18.2945948753679
17.7361307905472
18.8082985491772
19.530709523013
18.6236203637408
18.0360574972725
18.7156772798605
17.7549824987986
17.933860329097
17.1258913298725
18.3021277366573
18.553167829822
17.6779811342633
17.5900949954654
18.5708341610733
18.1526915579205
19.2498751414749
19.0229175686693
19.0193998794003
18.312166256662
18.7791152067661
17.2344467001316
18.5181093624783
18.6828145235957
17.8846403019314
18.1027763339202
18.4750690034241
19.5707161455942
19.0727629783375
18.3348194717177
18.1274690876386
19.2943957027408
18.0577483722274
17.4797015249677
19.0709990404111
17.9042212217209
17.4340649154081
19.5838149970088
18.2528824323419
19.7429634655289
18.7065178880112
19.4329978813209
19.6534275410659
18.1195012477897
18.9748746155893
19.3756859470833
17.8007917851176
19.6679727150011
18.9099719066014
19.4664242792897
18.8536338784323
17.7817163700655
18.6734464099888
18.4856563184397
18.020948937479
20.3241621211073
18.7066800334729
18.2155417051999
18.6898880171339
18.7662932503769
18.826598147297
19.8141637496289
18.7829842154038
18.5117373460342
18.8642934270907
19.3892026003203
18.8505068410866
19.1381983874014
18.2898185366236
18.4568173052054
18.1673980109373
19.9789249967221
17.2512169574175
18.3787551626639
18.1672950179464
18.0701782652761
20.2636018038731
19.6570122138675
19.6550722485601
19.7767739845849
19.6682748241751
18.9802270353549
17.876794778951
20.2744075837049
18.6719508185426
19.2803183303328
18.9278691684487
19.5795216977979
17.511164488424
19.1785500374125
19.3089198470972
18.3995681081066
18.1860214228913
19.0953325608845
18.558617518769
18.1245224558784
17.9829946350445
19.3856123188062
18.7729876282965
18.3683446445924
18.4155376842048
19.6119335157645
18.2734825782344
19.3337251822804
19.258952303687
19.3997634955981
18.5829442641743
19.5027546655901
17.5157249673161
19.2094010337534
18.8947762050132
18.5543370338424
18.2267439804414
19.395519246587
19.8301571692219
20.11957646349
18.7401445514413
18.7426155726413
19.2450197856868
18.5940614701245
17.3342211934282
19.0725795520578
18.3714208012097
17.5930380602423
19.2475012654977
18.7896328868222
19.2197760649326
18.423805536658
19.901693309644
19.7191999688688
18.6405052164116
19.0998856047628
19.7736463872999
18.157095448256
19.6680984464776
19.1092927050121
19.8696468821889
19.1656307331811
17.9104761099147
18.8020137228314
18.6145677351035
17.4400040139839
20.489225779576
18.3878636299213
18.1611618175078
18.8065222954672
18.3736009827901
18.6446269790092
19.8559200175881
18.0176879685101
18.2235056288485
18.1773885302946
18.9701111170135
19.0304625592349
18.737216984624
18.166317559681
18.4280789412528
18.7174982355209
20.1785186096497
18.0231637374308
18.912625863104
18.1228970415088
18.1793316997541
20.1430935333908
19.9093558806141
19.0850614804653
19.7437324775006
19.6207646164474
18.6816096386282
18.2006976439701
20.7507615523149
18.4775185689895
19.0706623565784
18.1263148845638
19.3079621576336
18.3309312753464
18.8420384594676
19.1069553413636
18.6115667160784
17.7656725270416
18.4190829649912
18.6866241752441
18.6380011206982
17.592094721009
18.7166985608731
18.4295540382448
18.5983575058906
18.7128039107602
18.9088784903837
18.0119793364093
18.9761470140886
18.9032147389858
19.4116542692073
18.689589865762
19.1144249892115
18.0858368291654
19.2705217335706
19.3867434012407
18.9282483292154
18.4679583329759
19.3666788486491
19.8984185660557
19.8606685973303
18.3850332349564
19.3955447806848
18.3829055318798
17.5861033617262
17.2665587488315
18.7652596515324
17.5382026520655
17.0525712650909
18.916127188051
17.816311013329
19.0993081414859
18.5906383979609
18.9146917833226
19.1021196179342
17.6466152221853
18.5709315355065
18.7551058763688
17.2543664718659
19.3869776102417
18.6580330440627
19.0994023849911
18.4142306821595
17.0976568718834
18.0271368805321
18.1392362596109
17.1244749516161
19.9267088053592
17.6878773680495
17.6459862459412
18.0512197892659
18.3866756300177
18.3884919881456
19.6362839680069
18.1903363368791
17.8633672098251
18.2159232908816
18.7855109904542
18.5457793336024
18.6987013052742
17.2365488589045
18.3497631554647
18.1698784092827
19.2405941436828
17.2887149252331
18.1136686171887
17.5170499811191
17.4787527364287
19.3926015672449
18.9184753847063
19.1939898518516
19.0261080645268
18.7567846533141
17.9614243699315
17.5762667827117
19.553067961393
17.9531538605222
18.7267826253253
18.3625340013202
18.8654864714462
17.7598658611594
18.3396183171737
18.9976294017749
17.9346346357108
17.8574311764363
18.5033004528445
18.3329258472985
17.5962089145247
17.3346244988354
18.6624988260973
17.7764057258001
18.1429834758053
18.4179552152261
18.8628764700853
18.0287942435634
18.850118089418
19.0709342859959
18.965461636193
18.1439275926031
18.8947783828884
17.4956738242017
19.0187829537711
18.4002952400446
18.5004165366947
18.3656764541365
19.1767680126582
18.8910982879795
19.4268014239616
17.8661392397142
18.3325573395407
18.912609498782
18.1158073286284
17.1476085762441
18.6005397146666
17.5629847780151
16.5228672981888
18.8913450621013
18.3460149802312
18.7829579490999
18.4716882253734
19.4443957502247
19.230060941873
18.1763191890875
18.6988728594452
19.284809843271
17.4946511445
18.8572736433395
18.633250918113
19.4154454534575
18.6545153547936
17.3379415445176
18.2674215531662
17.6095322927087
16.5947709847139
19.397004838457
17.7569600312232
17.6212041199915
18.2915044619001
18.0703254376317
17.8587880212434
19.1065800011047
18.0285256589072
18.1564669828459
18.0186619131158
18.6237003124822
18.7515969939408
18.9045189656127
17.4768335315386
18.2974870255788
18.3756960696211
19.4808788163169
17.4945325855715
18.2416099411274
17.4922678551694
17.6066940603674
19.6328862398791
19.1587600573404
19.1811416220489
19.1408735647583
19.2864886202163
18.030272682151
17.0465628158095
20.0827719282952
17.9283717345725
18.4110482034239
18.1872458005637
18.8407043454965
17.9656835214978
18.3644004431234
19.2034470621133
18.1404522960492
17.3277272095342
17.9735964859423
18.0165756549125
18.1259128814269
17.0182743064494
18.6377167001476
18.3061096927023
18.1157198700447
18.2561445372542
18.8356128643247
17.9765181136775
18.8372698596153
18.9519841134085
19.0934029601317
18.2718689165418
18.7194901821319
17.7014914845401
18.8206619804324
18.9299992069468
18.3037709294135
18.3136346752049
18.8610335907568
19.4208022548817
19.399537818201
17.8909213656639
18.3573394654904
18.7996584952744
18.0163338479054
17.2392951430709
18.5642618857231
17.6017440867695
17.0810391083067
18.912609498782
18.2330639767237
18.7441986403455
18.5633747922003
19.3314447467172
18.6718891317551
18.06336818558
18.1407010493273
19.1718588397635
17.4733867078193
19.4154454534575
18.6545153547936
18.8572736433395
18.633250918113
17.3166771078369
18.2461571164856
18.1677041028266
17.1529427948318
19.955176648575
17.7932378601667
17.6424685566721
18.2702400252194
18.0315661288773
18.4169598313613
19.6647518112226
18.1279991396302
17.598295172728
17.9823840841723
18.7231737932052
18.659910427114
18.8128323987858
17.455569094858
18.3756960696211
18.2974870255788
19.4596143796362
17.4028460187446
17.6834381310095
17.5135322918501
17.0485222502495
19.6116218031984
19.1374956206598
19.2652241835356
19.1771513937018
19.1811416220489
18.0665505110945
17.6047346259274
19.9832984475722
17.9496361712531
18.3722888946695
18.3001968040712
18.8619687821771
17.873996954671
18.4031597518779
19.1117604952865
18.0487657292223
17.8858990196521
18.5317682960602
17.977816346158
18.0129618779194
16.979514997695
18.6589811368283
18.1931586891947
18.1369843067254
18.3556180179772
18.8568773010054
18.0547271577198
18.921352421102
19.0436706802353
18.5352311500138
17.7136971064239
18.8324411856395
17.6098049177133
18.7843841514889
18.8305257262238
18.26749310047
18.3918437192473
18.8222742820024
19.3213287741587
19.4208022548817
17.9296806744183
18.3960987742448
