0
30.8901435698119
32.1839882335787
31.2669953738079
31.3539428359818
32.792504125534
32.7476498591402
34.8895619575244
36.0479816222598
34.6866278890646
35.2487912156376
35.8541101493277
34.3179959350843
32.50111229376
34.3137130643077
34.0435423907929
34.5394865460927
36.8986157417215
34.034292895804
34.2408290446712
36.2584318927327
35.7374283853499
36.4583564781418
33.6976500295782
32.6030147818688
31.8319533103112
33.9793853095385
35.5339244722998
33.7379348504508
34.6184215260245
34.5980956893563
35.1109591958186
34.5981709171856
37.4967298163542
37.4736331246957
30.7166022157316
31.3847051267537
32.5233049525681
37.2543210271809
32.8803379934398
37.2269435834759
37.2368156483374
34.7250454067523
33.9607995991452
34.5710713538543
35.4799423252647
34.0456244062004
34.7709472946474
34.7009622446125
29.1058985284927
33.6351791167364
33.9408179664541
29.5463735770446
29.6576006868232
30.7840754525819
30.9475357510051
31.3025544185415
37.9895847439267
37.3972048085305
37.9475976274981
37.6223269914724
34.1960356181225
35.2020793229237
33.105496298607
34.367982068728
34.2240551648954
34.0677398245292
34.6051991950644
34.9678262560495
34.218486816398
33.9678577591139
34.4234633303454
32.7778087277277
32.0442622373194
31.6888002801068
30.8825310556826
31.6291052176157
33.9022059792953
33.3479549135899
33.7191460391327
32.8017326089944
34.0890040579127
34.0297323080528
29.0965073371733
34.0699484000686
28.2843413913682
33.1296397769723
31.7974033150963
32.575628081538
33.4025521378059
32.8573859039197
32.8232875163445
32.5822867961922
32.3456673756855
31.1112157662655
32.787674655282
32.3406014075364
31.0158700504471
32.1291675422196
32.1348395066501
38.9867705378341
39.1555478714358
32.3655081956056
32.2891974926283
34.67273459499
35.3075940299035
34.2540578710164
32.9754157318181
33.6915955861761
33.9630602178972
31.4938599110352
31.6039022761929
31.7717703119029
32.6110871007982
32.2577551475447
33.0558393123783
34.7333395341466
32.112074584775
32.835679025594
35.448571489624
0
0
0
0
0
0
0
0
0
0
0
0
0
0
0
0
0
0
0
0
0
0
0
0
0
0
0
0
0
0
0
0
0
0
0
0
0
0
0
0
0
0
0
0
0
0
0
0
0
0
0
0
0
0
0
0
0
0
0
0
0
0
0
0
0
0
0
0
0
0
0
0
0
0
0
0
0
0
0
0
0
0
0
0
0
0
0
0
0
0
0
0
0
0
0
0
0
0
0
0
0
0
0
0
0
0
0
0
0
0
0
0
0
0
0
0
0
0
0
