5.23339656562773
3.13272156222923
5.60400971493621
4.69214744311255
3.3952720581529
4.16036300192867
2.50940886075253
2.32877471820338
5.16817296566292
3.51954597310564
5.0266170006463
4.69214744311255
5.16817296566292
3.53754970479789
6.20254291578822
6.26644853102131
4.11164444772838
5.43150999465256
3.63616015462726
6.03200346578895
5.62563150219828
3.71765940213046
4.74168330998349
6.06833510199649
3.96224957290384
3.63616015462726
4.17988843006735
6.28597395916
3.99983428680133
6.62730196117985
6.40855861891928
5.48288712102302
4.38308910998526
6.62730196117985
7.0471540670152
6.68630063685666
6.38003302480593
5.45103542279124
4.3821016787392
5.65324867146309
6.87078764685618
7.27111432455284
5.85136210048791
5.88430134249386
5.60400971493621
7.27111432455284
6.85126221871749
4.74168330998349
6.38003302480593
6.03200346578895
6.87078764685618
5.95464742514045
6.71923408037317
5.53429725787981
5.51637128889744
5.01918392794962
0
4.63212530443157
5.31080805512171
7.01559129486692
6.1432112736598
5.70036015324193
4.1164340485267
6.17761694290095
4.45650746142517
4.51893325917371
3.80483343784703
4.67848913880568
4.41462804210847
4.67236245182885
6.66543641580454
6.06906032107683
6.01334797715072
2.44913378300095
3.83438809986287
5.66380124022217
2.23612964879725
4.1269079063743
5.96289649377553
6.18322658192282
6.8187324849225
3.77296371985541
7.04347354523956
2.56507327623195
2.61836306564522
3.80483343784703
4.51893325917371
2.30733886651157
3.26761319826096
4.86108667117908
2.69257429287072
6.01514636344997
6.31305137283791
5.36652039904781
3.07075438831653
2.75379749558218
6.40072939274464
4.09732354643861
5.23382992303866
7.19782967563459
2.75379749558218
6.10094103874565
6.78691388077767
6.74034002035002
7.61931709931576
7.35828416071608
5.58524978284079
6.76948844256118
4.66456982882749
5.98774899348779
5.27364917216112
5.85958473738559
3.58099515621524
4.38982108597006
5.9315140905952
5.78651895521804
7.48945380280669
3.72922529796479
4.41896950818122
6.2556727398824
3.51622116376109
3.84436654051551
5.68764521925862
7.65933240757878
5.73465528065077
2.6815964242418
8.51957937089552
2.09380769102292
3.01422025461333
4.76593388708141
5.65959985944808
1.83607328130255
1.40507984405803
2.29601339494714
2.54945784170141
4.92377906783637
4.6465323293271
3.83565611651269
1.79066287335269
0.702539922029015
4.53819603854171
4.14293131461953
4.59991613756996
6.49528975360558
3.26761319826096
5.91221681939541
7.22481335555426
4.6465323293271
7.43059287996552
7.16955994136584
5.46784415087203
6.58076422321094
5.09474990147224
5.79902477413755
4.66980725487002
6.29748421216217
3.94336245689945
3.06027341600441
6.2014609219374
4.59991613756996
7.30072958345645
3.61181966599603
4.23024528883098
6.76948844256118
3.32749694441085
2.87845523418623
5.41079235038437
7.47060818822854
6.35475699105535
4.00423805667539
7.81703944886651
1.2849817612681
2.31168033258432
4.70480697622477
5.47087564009784
1.46679994308628
2.60762339370169
4.38982108597006
2.51933983475169
5.46024514820693
6.52261380442813
5.51415910583378
2.41076458375727
2.79634761305193
5.84582817750159
4.11281330766982
5.71939664013089
5.51895085612821
1.53358972676823
4.17161790086077
5.12117241765709
7.02104503333044
4.83071279101557
5.88763207352363
3.6559266449559
6.18307068136446
4.6919780705395
4.17161790086077
3.6559266449559
4.68394287726919
4.6500986512228
4.90783306094317
6.67089015426805
6.30453093019115
5.57326802130761
2.09726070978895
4.0698587089772
5.66925497868569
0.702539922029008
4.36237851548863
5.96835023223904
5.57326802130761
6.82418622338601
4.00843432896974
6.43351498462435
2.62495702238184
2.67824681179511
4.04030404696137
4.75440386828803
2.36722261266147
3.32749694441085
5.09655728029341
2.75245803902062
6.21817171468342
6.31850511130143
5.60199100816214
3.13063813446643
2.81368124173208
6.60375474397809
4.33279415555295
4.2212425138328
6.35815032299193
2.69257429287072
4.51338687941878
6.43231703555544
6.31315290300737
6.25620539017151
5.84499311252942
3.6050572633059
5.27299536888535
3.83565611651269
4.40019483416091
3.89349204334003
5.64818219563173
2.79084425261718
3.6344848345877
5.14136318699714
4.93537788471972
5.91724348589945
1.8678730142426
3.07026306227269
6.19444953717095
2.20885291389749
3.10839387172993
5.45891280610989
6.08712209067154
5.58511351842209
3.75734828532487
7.58627332451587
2.21055428330877
2.25045712987286
2.69923845550973
4.0720457001212
1.51492039881181
1.66662057368027
3.6344848345877
0
4.54979485542506
6.20146092193739
5.20072562547487
1.65542833237491
2.54945784170141
4.93537788471972
1.59347347291813
5.83330023691995
5.91881394560425
1.81791244835342
4.71361942754929
5.07349761838168
7.43404547919229
6.12807134072462
6.22287898737427
3.42442102436223
6.4458917881839
4.84085632161301
4.28002531028874
2.74038258872319
4.84703265176658
4.73429382959426
5.10323425559728
6.88679702975695
6.45340918126466
5.538730578418
0.702539922029011
4.22008397166451
6.0881582942085
2.09726070978895
4.28816132799331
6.18425710772794
5.76409796336461
7.24308953890883
4.30589440694073
6.80813269354448
2.80722086065014
2.89125094599881
3.4217577902345
4.83036601983513
2.43828043464713
3.46458485071236
5.32269877088292
2.57041293627161
6.3265791241114
6.58132621812086
5.75086925923565
3.34364226867013
3.09800396331726
6.71216215340606
4.16388640918974
4.84824689374399
6.81224664633993
2.36821446628752
5.71535800945099
6.40133085148301
6.35475699105535
7.2337340700211
6.97270113142141
5.19966675354612
6.38390541326651
4.27898679953283
5.60216596419313
4.88806614286646
5.47400170809093
3.19541212692058
4.00423805667539
5.54593106130054
5.40093592592337
7.10387077351202
3.34364226867013
4.03338647888656
5.87008971058774
3.13063813446643
3.45878351122085
5.30206218996396
7.27374937828412
4.6465323293271
1.59347347291813
8.13399634160086
1.70822466172826
2.62863722531867
4.38035085778675
5.27401683015341
1.45049025200789
1.60193865400245
3.38413634627081
2.16387481240675
3.83565611651269
4.84339113927152
3.88957007413955
0.702539922029015
1.08812295132368
4.92377906783637
3.75734828532487
5.22878840702561
5.95519115751041
1.79624226698805
4.78403940948126
5.03011553178654
6.87428907682136
6.51962343350916
6.04861701817652
3.53023078793381
5.8933698725378
4.16892457955334
4.54257632224661
3.00293360068106
3.94399240729809
4.15780797794021
4.56751031446202
6.34887792528467
5.78147743920499
5.95535960463443
1.82828431731638
3.66331908786301
5.52249902217661
2.45996793042905
3.73139644419181
5.64633800325566
6.12523820940653
6.67743026687693
3.80540824425133
7.16927293958639
2.27149691951488
2.33448606219731
2.29601339494714
3.83565611651269
1.86179458299308
2.90781996691086
4.76593388708141
1.80830490462062
5.72756348157814
6.02880430247477
5.07893751717599
2.78687738486862
2.59751780062787
6.11314651087281
3.40177837753874
4.64324787716069
6.68151074089684
2.30733886651157
5.51035899286769
6.2122537129755
6.29388139127941
7.17285847024515
6.84196522597833
4.95951341957942
6.24174250608954
4.07398778294952
5.39716694760982
4.62691709142451
5.28492456958341
2.29601339494714
3.92835296342574
4.6465323293271
5.19593690934007
6.91479363500451
3.14082035667614
3.9575013856369
5.80921411081179
3.06976253469048
3.26970637271333
5.11298505145644
7.0846722397766
5.54593106130054
2.49287220489157
7.98104440067107
1.63233956847861
2.56776162554272
4.15780797794021
5.06901781357011
1.35868328068245
1.46679994308628
3.58099515621524
1.89991070172806
4.65141921845211
4.70825242835536
3.90287240290204
1.60193865400245
1.2849817612681
5.03700224774678
3.49338417464619
5.43481808641535
5.21519823864173
0.702539922029008
4.55057210194947
5.2421819185614
7.0228813862088
6.15050136500168
5.62609704210172
4.04051782062451
6.15590503767118
4.37495425894307
4.43738005669161
3.72891720994484
4.60986300224537
4.39961854863477
4.66507236048696
6.59681027924423
5.98750711859473
5.94472184059041
2.18449333574852
3.82709800852099
5.67109133156406
2.04740542944701
4.05099167847211
5.89427035721522
6.11460044536251
6.82602257626438
3.77296371985541
7.01097260625697
2.36905896553983
2.42963884629498
3.72891720994484
4.43738005669161
2.10360515368764
3.07159888756884
4.86108667117908
2.42793384561829
5.93359316096788
6.29133946760814
5.28496719656572
2.88203016896629
2.56507327623195
6.31917619026254
4.02140731853642
