7.21204548234271
6.37463894733298
6.37347157939317
6.86992802839221
6.90472759352505
6.9690074493396
6.95923244262895
6.81991949670588
6.9690074493396
6.9690074493396
7.40001667458428
6.71675640128348
5.87818249833394
7.21204548234271
6.47371836828037
6.9690074493396
7.21204548234271
7.22590416352837
7.3152085777651
5.28070899860348
4.78541991754425
6.46394336156972
6.73061508246914
7.05175359596632
4.66508995421343
3.99875570182483
2.5296332162232
4.48247032690078
0.483714625075926
3.86227786675747
3.91804109933371
3.89300253546079
3.70342351795191
4.19022611408574
0.967429250151859
3.34624555943755
2.04591859114726
4.20214842107696
2.6382434316773
3.12195805675324
3.7211643930105
4.86508966030275
4.37671716053673
5.80348990877685
5.31977528370091
3.43432647425776
4.38137503522681
