1.90195500086539
1.90195500086539
1.90195500086539
1.90195500086539
1.90195500086539
1.90195500086539
1.90195500086539
1.90195500086539
1.90195500086539
1.90195500086539
1.90195500086539
1.90195500086539
1.90195500086539
1.90195500086539
1.90195500086539
1.90195500086539
1.90195500086539
1.90195500086539
1.90195500086539
1.90195500086539
1.90195500086539
1.90195500086539
1.90195500086539
1.90195500086539
1.90195500086539
1.90195500086539
1.90195500086539
1.90195500086539
1.90195500086539
1.90195500086539
1.90195500086539
1.90195500086539
1.90195500086539
1.90195500086539
1.90195500086539
1.90195500086539
1.90195500086539
1.90195500086539
1.90195500086539
1.90195500086539
1.90195500086539
1.90195500086539
1.90195500086539
1.90195500086539
1.90195500086539
1.90195500086539
1.90195500086539
1.90195500086539
1.90195500086539
1.90195500086539
1.90195500086539
1.90195500086539
1.90195500086539
1.90195500086539
1.90195500086539
1.90195500086539
1.90195500086539
1.90195500086539
1.90195500086539
1.90195500086539
1.90195500086539
1.90195500086539
1.90195500086539
1.90195500086539
1.90195500086539
1.90195500086539
1.90195500086539
1.90195500086539
1.90195500086539
1.90195500086539
1.90195500086539
1.90195500086539
1.90195500086539
1.90195500086539
1.90195500086539
1.90195500086539
1.90195500086539
1.90195500086539
1.90195500086539
1.90195500086539
1.90195500086539
1.90195500086539
1.90195500086539
1.90195500086539
1.90195500086539
1.90195500086539
1.90195500086539
1.90195500086539
1.90195500086539
1.90195500086539
1.90195500086539
1.90195500086539
1.90195500086539
1.90195500086539
1.90195500086539
2.62168420147415
2.08812600010745
2.48729381857515
4.56172488967405
1.44035874278867
6.16905084140886
6.67714642649268
5.23219006100145
7.03908865738314
2.95816381608174
4.08314687576684
4.22736945052371
6.8702250979894
4.97283406172117
7.87397618340178
2.56780685487259
6.51999904040859
4.21454477396927
4.34461842755852
4.74925810649013
4.32016669564719
6.49675870118195
9.85381434971936
6.44391252155308
3.87922029051585
7.91448668374911
2.38101283303431
1.42218221420669
6.27954574863871
4.69842246927085
5.85752699228121
6.5136724169393
4.10350951955177
4.34967072955317
2.47155225870446
4.78467416635041
4.78486570078365
2.97971248325983
3.77104346019062
6.76083203270751
9.02307220390471
6.40738807141748
7.59113588646717
11.0938174199161
6.31151180509902
7.6550142678608
9.37280573345001
6.58693334394
9.75907670836903
6.76712159074761
9.91304305990984
9.23477314855273
11.0129357929493
9.89311001987899
5.88516234829001
10.4289932375048
6.44391252155308
9.46676056306997
6.75520016426429
5.79749707671014
9.24669457503606
6.44391252155308
5.98346097097266
6.66753489268443
8.99975225498002
6.76712159074761
10.7158961348007
9.1565860969215
6.26372427474546
11.1672347069334
8.62957156045316
8.84288395709709
6.43811075494501
6.66494075500982
1.48022503721587
4.58665317581406
5.99422280499294
1.88404710195392
5.67432929266863
4.1180365305088
5.14923004642459
3.69168707369978
4.21162789065302
3.89739681909782
5.22086777583603
10.1310328597938
6.92544867873836
9.73914366833818
8.30429769631281
5.79490293903554
10.7967161564208
9.95380730336912
7.07938277944523
6.41946078964175
