5.14955817495245
4.8898347274933
5.6686047951246
4.62133448982624
3.36027924255623
7.33716310559679
4.54850657969661
5.99446838963391
4.57225374410253
4.44913974193493
4.58454075105396
4.17172956943441
4.44381864132334
5.14627663987962
5.35667862045336
5.68106005965815
4.71413078152646
3.04871327586773
4.7671994126669
4.76398170791092
4.06043593656024
2.24591069044301
2.29045974983903
6.09801216030233
4.82946018907824
4.72864609619613
3.65807939273793
4.9564886250538
4.50402789332918
4.0961980478984
4.46693109230804
4.16460207752338
2.65837688599886
4.79738258252515
2.59753106560982
