4.12454803498158
3.56548917101626
3.44136308519201
5.47187566882168
5.21177901391463
3.8476728664803
4.43813446895095
2.0660017249723
2.7630931738349
3.1694029551232
4.43788202222252
5.40148183225105
8.60305364365887
5.91097354645025
5.13261843585314
3.25999818560489
8.54580699295171
2.88815499656771
4.80281794633869
5.94836888724949
5.22303422670002
5.54673727848254
2.7442716363294
4.7056239701206
3.93278013036441
6.81840670322376
8.17234797554583
5.35496937386536
9.0423857915201
2.4340109158217
11.1649688247765
7.34452516173897
2.99005662356359
5.14404528755881
5.12118378343294
5.73605598021843
4.6165380083191
3.13821096422221
8.43505807359059
6.43352004862904
8.67862193470247
7.49965241350797
7.53692127877994
8.40695909475422
7.62352946123713
6.85865136742283
6.62961459753369
7.72868918339711
6.75349164526285
3.25820000968971
3.92634836621205
6.62528795324621
2.63005073966685
7.69036466068638
8.36863457204349
7.49859675606921
6.8203268447121
8.06063501618373
6.8317860226339
10.1078965261076
6.68831304826982
3.73345196981774
4.67669946250826
1.35653982271421
4.11331196292326
4.71487400214464
8.21067249825656
7.85689287541374
5.2834782953025
9.89812738948535
8.2551588494186
5.36598185002975
3.3178921565054
4.79073123400471
2.88815499656771
2.31178671220648
6.49675662446463
4.85258101370036
5.56552843252915
3.69941671618779
3.14695047128172
5.66461929030333
2.9758959706119
4.62958337103123
5.3130920191984
5.41218287697257
2.74427163632941
2.7630931738349
9.63889385156875
4.87179243972622
6.4061274778418
3.6022227399697
6.39495992981119
0
6.74919303779539
4.52231183150143
6.29924322458044
5.16935200480658
4.88201978436199
3.87596186197516
5.62671880849035
5.39234964747571
7.45437030151308
4.10210427616776
8.32440811748736
2.21449092635451
9.83606301811627
5.85250935850818
2.46692733968526
4.80980423315884
5.63518051964169
4.36362778422709
3.85465915330046
4.68390335499296
8.13619510116082
8.26431520099759
7.26261130115415
8.85629434562741
9.04691470693892
9.9169525229132
8.1385202595742
8.77684367632398
7.98625652965313
9.64688149229826
7.26848244359992
3.77163226739093
4.4551409155581
8.89582857042959
4.07100536987301
8.06467690586479
8.25844405855182
7.38840624257754
7.19463908989051
7.0732298411683
8.73879382153813
9.26685802477098
7.13984226989309
4.8047201619243
4.29931418883231
3.56642490792482
2.43748856902363
4.85781975051041
9.11287876587446
8.05108194954125
7.48499235054699
8.62888858507056
8.57709703523554
6.26980445391881
3.72377141561487
4.76876770485006
5.63880552082433
5.04514318434357
5.13341082691521
4.55736781982809
3.56548917101626
5.23250168468937
2.47605779461354
3.77163226739093
4.4551409155581
4.55423177333227
3.6022227399697
3.92634836621205
9.21444221924125
4.62716678346995
6.59868964848501
2.7442716363294
6.63036445745056
1.1921982847174
6.31707543218144
4.71487400214464
5.86712561896649
4.31140090116629
4.44990217874804
5.06100424786512
4.76876770485006
5.58491181811893
7.28013559059176
3.44136308519201
8.15017340656604
1.35653982271421
9.87836961116651
5.43091887306562
2.03480973407132
4.3776866275449
5.8277426902849
3.86378960822874
3.42254154768651
4.40204132697198
7.6171720340516
7.55661967495026
7.68115000088869
8.43184271329991
8.33921918089159
9.20925699686587
8.55705895930873
7.66094926953449
7.56180489732564
8.53098708550877
7.68702114333446
4.62958337103123
5.28251961014229
7.74838757956743
3.88868758121406
6.87247862114738
7.55074853250449
6.68071071653021
6.00244080517311
7.11553643421854
8.08263476064454
9.30916461782123
7.3324044405363
4.62240237326535
3.44136308519201
2.99005662356359
2.63005073966685
5.26568260909877
8.92268288712334
8.46962064927579
6.53432703331316
8.6711951781208
8.93696647432635
6.46236662456202
4.40926418830618
5.62671880849035
