1.83659166810898
1.76381144232525
1.83659166810898
1.83659166810898
0
1.83659166810898
0
1.83659166810898
1.83659166810898
1.76381144232525
1.83659166810898
1.76381144232525
1.83659166810898
1.83659166810898
1.83659166810898
1.83659166810898
1.83659166810898
1.83659166810898
1.83659166810898
1.83659166810898
1.83659166810898
0
1.76381144232525
1.83659166810898
0
1.83659166810898
1.83659166810898
1.83659166810898
1.83659166810898
1.76381144232525
1.76381144232525
0
1.76381144232525
1.76381144232525
0
0
1.76381144232525
1.76381144232525
1.83659166810898
0
0
1.76381144232525
0
1.76381144232525
0
1.83659166810898
1.83659166810898
0
0
1.83659166810898
0
1.83659166810898
0
0
1.83659166810898
1.83659166810898
0
0
1.83659166810898
0
1.83659166810898
1.83659166810898
1.83659166810898
0
1.83659166810898
1.83659166810898
1.83659166810898
1.83659166810898
1.83659166810898
0
1.83659166810898
1.83659166810898
0
1.76381144232525
1.83659166810898
1.83659166810898
1.76381144232525
1.76381144232525
0
1.76381144232525
1.76381144232525
1.76381144232525
1.76381144232525
1.76381144232525
1.76381144232525
0
1.76381144232525
1.76381144232525
1.76381144232525
1.83659166810898
1.83659166810898
1.83659166810898
1.83659166810898
1.76381144232525
1.76381144232525
0
1.83659166810898
0
0
1.76381144232525
1.83659166810898
0
7.25200722598332
7.35720586159967
6.74554587565042
6.83838127707664
7.41349422958129
7.37979928118911
7.26096157040373
7.71137335044635
8.30726077390426
6.60303398834185
8.07086635438149
6.54755726008646
7.75347954253421
7.98876075547138
5.82563092958103
5.8114639741525
8.2626472177953
8.03607995259871
5.99679594417227
6.88125336917918
6.69829092746222
7.37869350355989
6.77389479172731
5.74552832905121
7.18823916029563
7.24212502051789
7.18739855949368
6.71353921909916
6.78782433646691
6.1674593999138
5.38357893740517
8.50958121003277
6.63842767027588
7.78553389668075
7.34052437668205
6.80860197321434
8.51571390343921
7.39899771510818
7.22292919416449
6.86720306173478
7.27360225390207
7.55437730468567
6.67701080162736
5.35415251135228
7.29026051145786
6.67757385925049
6.60040252826519
6.70804776134739
7.08728385299837
7.36554691616423
6.39379093418539
7.55609865774224
7.35701148965986
6.93115170610244
6.38327529741869
7.4754183246138
7.13960043767703
6.1010132908481
7.57517415317686
7.30355956690688
6.52636103997297
6.97176810730055
5.90298112487713
6.08137219715366
7.25074513515549
8.30406551542058
7.16278297250908
8.00910697116591
7.65481152564094
7.06150863696276
7.17410564444453
6.92138578000626
7.03414397044372
6.1735584442164
7.84897917124222
6.65868183539075
6.68092825395108
7.17423128054102
7.41763272159845
6.96685197046807
7.4705988063731
7.10922124385267
7.2702719721463
5.73191473594856
8.35673766530887
7.16003788663144
7.29580578321348
8.24436253922144
7.56618901449015
8.1039544296543
7.33609817043602
7.58417325794835
7.37714016523703
7.87028823967906
8.23180883124718
6.72105352132657
7.60977989596806
7.46235447997749
7.2720733713778
7.96260983590325
7.23247575703843
8.1425151888303
6.56316348654015
7.16105120450325
6.50768675828475
7.47480542154892
7.10043316318566
6.17646144472455
6.86821977318237
7.71016651300514
7.65557507720281
6.34502137925332
6.73446246109134
6.44349710415355
7.53289007618373
6.25342506037614
6.11463907135838
6.69188252534185
8.13429898904909
7.30977841282443
7.04826675558067
7.14262307098871
6.29784878769073
5.96568724752458
8.12835929897125
6.83894429088275
7.92478664432619
7.65484273002822
6.83641133429566
7.67664132755152
7.01437101967267
7.08299717673173
6.25461798706849
7.21094153443867
6.523631974626
7.86070690125769
5.77226928114723
7.66914780323603
6.22900065192897
6.37623667221527
6.27834378418884
6.46288580265756
7.43857441873934
6.77445198220704
7.30914287233537
7.46996266459827
7.31181275412407
7.08697887191085
7.01948519835295
8.27028762674621
6.4224986070664
7.1213759537657
7.1128020387604
7.01902780286918
6.25032806153584
6.2276636480894
7.25708317693634
7.15913823053261
7.85102617394554
6.69629238614573
7.56035839844562
7.11973950665719
7.63358161431026
6.6723079399267
6.90344785427816
6.36994501928043
6.29882521926234
7.15593285565265
6.98601086368805
6.93710184128291
7.1375390282561
7.77760740716325
7.44058939973409
7.28551119824607
7.30968333535019
7.70683832614973
6.75564927102391
8.45507489184768
7.22062825440382
7.86401182309997
8.03285216154977
7.10740095204366
6.71100882989836
6.34258760105034
7.58955805065558
6.35232741532774
7.37468553249363
8.77401647796479
7.00838103886461
7.3402038426271
7.37454958884962
7.32998206273501
7.10689067714357
7.62377906679403
8.48774311407156
6.65413741455587
7.99056812365167
6.63961428682549
7.813777285245
7.47230554967118
6.0336963341058
5.68065012156366
7.9384243846263
8.1923544953923
6.74113759670137
6.35085254725977
6.92212985233814
7.20724795697213
6.40947188558585
5.91957764778475
5.99595831522316
7.48413792011202
7.15903244258959
7.18915109121529
6.85655410855543
6.19228837021084
5.79392638494658
8.21275468734143
6.93192158342705
8.86490596406694
7.71048844595682
6.61008898637627
8.66686610198303
7.50066282467317
6.61040368382622
6.61697433036682
6.71695821305239
7.59640256226931
7.36967101031659
6.25993119820397
7.44119489381065
6.51626121955897
6.81449153667265
5.62447656534275
5.53057890378447
7.57848807935747
6.82019393370613
7.63940429246188
7.50768017694186
7.35755470562318
7.14363128099322
7.40177530100672
7.7516068868349
6.21565739189825
7.23484534328857
7.17823292560437
6.56852945222814
6.78534006067359
5.96311271166696
6.7236228872046
7.21237630949173
7.84774197921041
7.3984161117977
8.05832741382775
7.59903793958146
7.5017531580995
7.02951748465949
7.31525540410358
6.48502655596957
6.49171204717882
7.56687825657653
7.21473574832677
7.50378486162062
7.44173398121522
6.80895042395721
7.69064079057014
8.05243883989709
7.51599183133152
8.2041536153397
6.45375528367754
8.59016528818959
7.10143910553933
7.9453348277025
8.10671402019665
7.69712777435373
7.74542413729337
6.74316967507112
6.99363420410518
7.1988614201247
7.83249146777644
7.81280499979417
6.92771662315984
6.10439743548582
8.19048374962521
7.56197002869852
7.30299839941158
7.40870047344666
7.92123313702155
7.05241991206929
7.57484962763704
6.99694318381388
7.27320245903041
7.47876515072429
6.20506975663399
5.93423300697373
7.95601633413645
7.60385055820725
5.5933306301653
6.7036077112695
6.20429906169437
6.68770342563914
7.86932468566163
5.87255066680806
7.8459690276574
7.86621766524734
7.33340656966855
7.1603469206994
6.80952712757876
7.38185324506074
6.04021721118357
8.66084190133658
6.56361991276697
8.47253111356031
7.33990334956622
7.03318220320887
8.78593975424214
7.33923925571971
7.63536936952237
7.01454823729143
7.28221432142573
7.82460315548861
6.84853654809418
6.14938862398632
7.16668546917262
6.06523849249902
6.45023599042736
7.06960308069643
6.72865524433393
6.75055969227443
5.67324165246205
7.42113003609655
7.51807126080363
6.2106024243791
5.76828807352889
7.45473272419086
6.70880728149449
6.20084452429684
7.04399630488727
7.5294740000565
6.68767452240149
6.95108250687763
6.06429460730568
5.56605040450468
7.19259853922222
7.89023943997323
7.48713359871927
8.14220898630437
7.13099636033189
7.25023019553866
7.19897783583414
7.36569037077816
7.55621741396909
6.49629720697139
8.06455824665508
7.10298642616264
7.72668013157201
6.96042079493739
7.62278350169218
6.96015322809183
8.05162477521472
7.10252250147645
8.31602384976721
6.53896802779924
8.38668595616949
7.18749345111752
7.32575407407411
8.27431083008206
8.15593335563426
8.14503909397487
6.93688616136468
6.99607262188989
7.57120643565499
8.36337379129449
8.77262902082512
6.99938650016333
7.32462490106818
7.39478298035661
7.4679623037831
7.3006978894427
7.51692233184619
8.16176311905346
7.09614487634306
7.31727111836296
7.08162174861267
7.3197030503769
7.81932161021163
6.7396415676713
6.58093979770161
7.68463370984389
8.12569445934969
6.54667174190738
6.12015941166987
7.001253498661
7.26485962023993
7.55914502492922
5.75667289930466
6.69859625108955
8.6743996812766
7.66056689591369
7.87907923690719
6.77568203758407
7.56375113349578
6.16227451924624
7.67721105352913
6.33589362781025
8.92597562217532
6.7777985107418
6.13887859544889
8.94835455620078
7.97868291359693
7.40506156159719
7.04868536260843
7.25712146104049
7.90584742884008
7.78482584909846
6.28660143931336
7.21015488578136
6.30188501550316
6.75429618539323
6.09141981874247
6.07791708444897
7.26838217446395
6.45433842434299
7.24761002097631
7.83187251589954
6.99169919626004
6.66965189058849
7.64225433328365
7.99931198048651
5.70862259685642
7.21845512686599
7.07248887465392
7.38396532846521
7.20771215498345
6.99108976794243
6.87167037418658
7.66407016573454
7.28917419603539
8.02845247991413
8.67449885349302
7.17872524480461
6.65047744651957
7.40385005098983
7.65087886573969
6.45223940907574
6.57336998550797
8.32370804505035
7.13292501428512
7.58935745679197
7.11116013914241
6.7991384936642
7.77564361641365
7.96174912361278
7.82582446923284
7.97859740880354
7.13486559203068
8.76545320925023
7.06144323138294
8.11964872466711
8.39438454976067
8.12167237098024
8.33070057803495
7.34191130746535
6.83272660962491
7.78508472465137
8.34557055226249
8.77225083959571
7.30790473985374
6.66111930029788
7.03318848572201
7.81232698395867
7.84225216557848
6.80498253198876
8.33205144273049
6.93707278828566
7.52732571628148
6.88159606003025
6.66948451757251
7.98901088810658
6.66468405876167
6.39600220096748
8.15854873452462
8.28881588368477
6.58599993395272
6.68022350058838
7.03474823876118
7.10155917919666
7.66755490241489
6.3822597242575
6.84282761070499
7.9807931496552
7.34752118450228
7.63313150027901
7.40126886253691
7.52099430107326
6.49980994171104
8.18785908764401
6.85626809204789
8.26351431302586
7.4276731406304
6.48488533321284
8.51971396615625
7.4052580750341
7.3580443101409
6.91340000891253
6.92413407293888
7.43747460084849
6.78086883412881
6.06980124926029
7.0804472086954
6.30226486449591
6.45020540321799
6.60069503519136
6.05466366149945
7.10508173342066
5.62673355229691
6.663249880907
7.61553691756369
6.16409432421395
6.41226487054394
7.74189603012859
7.35596185808109
5.19203709944168
6.91964043744192
7.19296189083483
6.33030065605008
7.25578376338848
5.72610031809138
6.23716834572619
7.4815053890387
7.8002509885288
7.98340045809893
8.62944683167784
6.91865056012459
6.53621027533406
7.55233987636498
7.71905241130898
6.71094234383405
5.89106677553089
8.41792028718589
7.20109855985439
7.90072942264973
7.12379675834237
6.36116879147971
7.77403707519542
8.08878190048307
7.81524306666371
8.3439424472848
6.92282247724188
8.51108012593187
6.81344334596224
7.86527564134874
8.14001146644232
8.06931518027605
8.41618243589219
7.42338024440381
7.30058396019324
7.77064210233678
8.01954972880651
7.70584479465949
7.60715405490745
7.33389844081582
8.17264028108013
8.195071299452
7.13991320114745
7.88783308521683
7.65891275493413
6.33779153335032
7.42224056874248
6.32326840561993
7.88658269259608
7.17555056745042
6.44928228754167
6.4549625099497
7.3372017647247
8.06755968698508
6.10717402407768
6.86006713628746
6.72203333855086
7.70916144205934
7.32281197802029
5.79819285881191
7.41178099824562
8.32201119163413
7.86821746847053
7.33663057934133
6.84048886622759
6.85368993808383
5.70498425534971
8.77550590008035
5.36079359282469
8.89310842280838
7.5863372317522
6.35959197102839
9.01287429261504
7.94795776987963
7.46887490493319
7.07833226163675
7.51596249488499
8.05239984276306
7.19832152128923
5.87498556940649
7.62735361254093
6.86464581818693
6.62080146722371
6.10632931275349
6.76845429433254
7.90124234373809
6.71799138655269
8.0638051910493
7.61092652031412
7.25535215846974
7.00398773346041
7.93158419754803
7.42278981757299
6.66185287851676
7.78309207542048
7.59636292060673
7.07877605288794
7.4825319853274
6.67139045844474
6.39480581794268
7.24163801053918
7.86539678904564
7.3986603151556
8.24498431381241
7.94230006196858
7.43447748850514
7.4219275737444
7.47770777742252
6.97065311745423
6.4532049663928
8.15053695673319
7.21535284600546
7.75725000743643
6.6992097958005
7.7472852781606
6.80054358142809
7.18962997724725
6.95655725938031
8.303237140923
6.56258822533209
8.34895424414813
7.29521104263668
7.2479865719112
8.23630960216062
7.97219714016993
8.34323959018213
7.40664624138291
7.23082216954198
7.76441329966431
7.82245332751407
9.01440824734232
7.3708805428569
6.92051116181259
8.32345788510119
7.69302329377579
7.56862942143374
7.34952491069791
8.49817716768312
6.9850447142826
8.00100217726322
6.97052158655221
7.53952312914886
7.67398821435447
6.11292451448572
4.87129697982428
8.23214302822936
8.10434998052375
7.35268758194311
6.48787007814541
6.47538508638008
6.87446163657692
7.30666804586484
5.8166422697756
6.93115984045881
7.96964156418908
7.64453608666666
7.41621069869002
6.75361873054631
7.08948453048983
5.53466697617418
9.29167771932347
7.49278136543523
8.27502347182015
8.25322890996041
7.42175531977108
8.74557123472747
7.43298925588667
6.67958945753523
8.01244985923236
7.41902160055269
7.67510769501377
7.47956616989691
6.68243761061509
7.27961179132035
5.73669315755902
7.10777331404032
6.50543745101674
5.60696291614052
6.98725248887541
6.76433754413631
6.9687895964017
8.36079470627203
7.30169831605335
6.49467669541741
7.3717913502269
7.55618713385491
6.44400428716829
6.84040613728594
7.42308183361585
6.54627298591539
6.71106358732067
5.98514876792733
6.52820313422461
7.65960771510991
7.79488166822938
7.65439890634415
8.40285802684321
7.54617762860042
7.94445358174917
7.5702599773585
7.40872428205323
7.80652153189814
6.61528708946406
8.10762074927555
7.30820462627641
7.54877711295545
7.88815391148492
7.03729731922725
8.17040444902824
8.39867288237721
8.05347448488337
8.29343838924764
6.91441837436543
8.15272513784014
7.66932005432398
7.55957992501462
7.66927386984718
8.07814224356346
7.83365100940651
6.98516825396871
7.13065173499081
7.10588988120415
7.81891117214306
8.7154636126731
7.11390124946061
7.32967672713469
7.80479635049639
7.43550227333101
7.31255350670592
7.70140646606215
7.99795698736117
6.36957877691987
7.50078199694127
6.35505564918948
7.88668440673632
7.15978915602986
6.1703440233075
5.93072466640464
7.92370784838142
7.78769726201811
6.74354355873926
6.53469126639067
6.44216557593766
6.73454656761708
7.38154763340266
6.25328460313943
6.2349564657982
8.31086078190492
7.7805278153081
7.5530093130899
7.19923592526104
7.18570220020372
5.90681760382159
8.15733993143616
6.56258480997414
9.05165149905535
7.04943078431803
6.79383919519387
9.05844751619416
7.90783526405323
6.95377790480738
7.17520295551934
6.93875083260549
7.98798397648045
7.5584672338351
6.28010124487311
7.10223126549834
6.36854620231841
6.95151383498745
5.70823147973354
5.65771050531403
7.50226279014854
6.48273212586251
7.74961058401705
7.88943974084308
7.02009289777957
7.00968699669055
7.69139402517505
7.81062117913743
6.28473792125401
7.79930535435936
7.14549414950454
7.30343268712258
7.07495878484194
6.74230846913452
6.78263717950712
7.38810771250078
8.13046437616853
7.76539612587848
8.42530742790854
7.8817603365396
7.04958732026361
7.18647497768177
7.05100657028815
6.76781116198843
6.75023040161466
7.72383574959881
7.00192953458385
7.37934735645064
7.23048705769872
6.91761670599215
7.62798335228283
7.87023066363442
7.51105338813794
8.07971611016972
6.59040297287925
8.31446233754949
6.59287906884218
7.64856600603477
7.83101106955654
7.93300413272257
8.12800122550143
6.92872292839008
6.7670179450873
7.43473777849356
