9.22369227589297
9.27637010045359
9.81534383589491
9.498099332437
8.8806868126561
10.8933013423917
9.1024160446395
10.4976180545942
10.1611824547453
9.97861384749512
9.58293055969762
9.61937556369046
10.625792290719
10.7028195302527
10.2301090029215
9.65995779923134
10.3071362424552
10.0556410870288
8.8806868126561
9.27637010045359
0.610343297977899
0.648684641685037
2.45381015986366
1.61322030509483
0
2.54953906095931
0.964535663409791
1.90085441927427
2.60208647564709
1.99174317766919
1.34305853598414
1.25902793966294
1.93919576298141
2.76219905719887
1.29051112129637
2.30759419939394
2.11351441551383
2.95627884107899
1.25902793966294
0
3.1024948015487
0.964535663409791
0.648684641685037
1.90085441927427
1.61322030509483
2.54953906095931
1.95340183396205
1.34305853598414
1.99174317766919
0.610343297977899
1.29051112129637
2.11351441551383
1.93919576298141
2.95627884107899
2.76219905719887
2.30759419939394
