8.52743269613936
9.59279393717909
7.35346008934628
7.33705289004148
8.92995253827507
6.57987582803072
8.79100338123241
8.78954988525009
9.61496625241312
9.0613343242261
9.44294251917976
9.44986979933002
9.61320287575916
7.79020196768041
7.43851098039226
7.99590321147891
9.17953126184442
8.83711572079336
8.46243660527974
8.91435409563754
9.37341100589777
9.48712611146568
8.57430051251291
2.37092470924837
3.03670058551333
9.47619963134678
10.2608489790105
1.51743916285812
9.61705671168565
2.30946503248138
2.67579589517066
2.91063891310129
3.27096639744162
3.48935079346381
3.84242984566043
4.67172928554231
7.6063282473165
8.28415627635938
8.83567913306327
4.27006830264436
1.84157629438411
3.24725934338947
10.118416540318
10.0302979736441
1.87903646732262
9.35512128950358
2.09615104322064
2.30946503248138
3.49444011727376
2.32499068280232
4.02525584135102
2.56264918471462
4.81444780211734
7.8101810711612
8.48800910020408
8.68419939708574
3.81480083296675
3.37157583842672
4.9630501522591
9.81423310678463
9.66447009963772
2.56264918471462
8.97995578884117
3.81194185209028
3.67178596990899
1.2993916153726
0.579644851950036
1.72982018053136
1.2993916153726
3.1990142612248
7.6484915960108
8.14755031696085
9.43793609289354
1.77961763066876
3.1636453496919
4.38340530030908
9.56650519168435
10.3719041147376
3.49444011727376
9.68738980394107
4.03811683259827
4.02525584135102
1.2993916153726
1.15928970390005
1.72982018053136
1.2993916153726
3.34599448981336
7.95140075651605
8.62922878555893
8.60688525635143
2.79605019171165
4.13655244012672
4.18206466724354
8.71827010722381
9.04608806517698
4.4935420224765
9.07170328514351
3.61060121902473
2.17391725942373
3.07900924604134
2.79605019171165
1.20908715403745
3.51579695513422
2.17932361145652
8.39489982539141
7.65416113748057
9.56601896118639
1.2897743827131
1.72982018053136
3.0484072039853
8.48392740706504
8.79099578962869
3.47553715896873
8.8573330530669
2.37092470924837
1.26193144243409
4.72853085610481
4.4921961450254
3.16364534969191
5.08200072754683
3.98633549787143
7.88280711576482
7.18081931870976
9.09675551777675
4.11129801816698
