0
0
0
0
0
0
0
0
0
0
0
0
0
0
0
0
0
0
0
0
0
0
0
0
0
0
0
0
0
0
0
0
0
0
0
0
0
0
0
0
0
0
0
0
0
0
0
0
0
0
0
0
0
0
0
0
0
0
0
0
0
0
0
0
0
0
0
0
0
0
0
0
0
0
0
0
0
0
0
0
0
0
0
0
0
0
0
0
0
0
0
0
0
0
0
0
0
0
0
0
0
0
0
0
0
0
0
8.94128571874404
10.1369184148547
9.47748672656894
13.0945155818404
9.65329447374532
9.13767528678346
9.9228414646296
8.67024968138714
6.56987994545328
11.1144660157025
10.2799153334624
11.8722508656135
9.04100155976598
8.85673499491766
10.5172904332097
8.75795178273663
9.13064289189472
9.14785611728199
10.6082287092128
8.95887480909654
9.77579219708504
8.08184568458805
12.9580429749061
8.62740429068428
10.1710130954842
10.4509107292755
12.5418660443518
7.86803258719809
10.8244230450935
9.67685162997977
8.7154029711
10.0967241397798
8.4499107700769
9.74268516267061
11.7194412671683
9.67359565914673
9.0228676957897
8.87980743261292
7.71434134576504
10.5933438324214
7.83573741760299
9.40141053656241
12.6688268585683
8.7592111511544
11.5862746201355
10.1288999615875
6.34118790940507
12.634027565415
10.9067721552593
9.34571075597177
10.0693960550483
11.7403543841052
12.2726759129478
9.7857537835128
12.7036189592037
7.35496788560717
12.6483468087529
8.49562429269368
10.0357310503352
7.95478836425605
10.0582681550709
9.28533507697784
9.45253769112008
10.2111758169176
11.5535195804042
10.4022153279678
13.980424891869
9.74807321393301
10.0446846197552
12.0516220433131
11.0484618622786
8.59431591234421
8.66732784063076
7.1709664934772
6.01077976555295
10.0371994697431
9.34871938487396
11.2949120666429
6.8561036310619
9.97300831215288
10.9018098252909
9.63247788427801
9.46628504974
9.69175839027216
9.12611177987561
11.1009537932662
10.1447789760987
7.92368043029115
10.2237076860113
4.78298418188289
8.22069460973177
8.91625317174322
10.1631645129313
8.15041615228705
8.53621815826685
8.77969813350001
10.6560887747382
8.97468960075733
10.1268901371527
9.69773731331269
11.8964553941523
6.77324735146616
8.60780237663861
8.34160491792883
9.16076799653811
9.45880137003616
7.87745717100118
10.0845840747412
13.1274089704115
7.09052455927652
8.12472584206759
8.40525197904907
8.19575349531278
10.5301830068176
9.04423486122623
9.30467387815102
11.5812518163931
9.53897032320155
9.86109336105494
11.556953099193
7.02369984153013
11.5713770881571
9.73155892525197
9.1937357633228
10.7852859603463
10.6766055412412
11.6827455273414
8.47766745132151
11.8340028545208
8.01192220126973
10.7218188942264
8.45737842499679
11.1684851581762
10.1932848769808
9.7874361434019
9.64200967022583
5.81349011597279
12.5836588532496
12.6899265943458
8.2860376819138
12.485274421957
9.1716319062521
7.88361494927266
11.2510985778587
12.6028136747992
7.14917178309048
10.2570448856525
8.71178099083114
11.0837372903617
10.6719665490926
8.53988549810537
11.8288448685043
10.7387896342603
10.0440565454503
10.9226626494926
7.8811504205332
8.03750917402359
8.99982284988539
9.31433517752367
12.3336251609863
9.82716067819995
7.95263539015001
13.1747624953156
8.63375574173617
10.5804352242364
13.4076286200245
11.9180748538024
8.61845649075586
6.3508619221511
9.54505376257896
11.4688155539594
8.636252397101
10.4731752892691
10.5928383475312
12.0534018035768
8.64362123625083
10.6387059466115
9.04852616771779
7.25187270205571
11.5660756430563
8.87133018198462
6.56544074971779
11.8267247963416
8.9879380546011
6.17235085062614
7.60667162852289
8.69999349752368
12.9487349171867
7.67033797940551
9.64635801162455
12.8198256586798
9.69849693146044
11.8798443633185
12.2097368986035
8.52657211479205
13.6215258271426
11.3157793397077
9.13798886818743
13.5076395205619
11.526438219085
12.5006829231875
8.21713037708431
11.8223591675213
6.24375599914433
11.0932002532551
10.4558929274641
9.48212137157726
10.6433937968579
6.75091668894223
6.22123393076883
8.59912443802875
11.9260690249769
11.9354591365464
8.23747592295058
12.1088581249732
7.92114949990277
10.2741138586921
10.3297905905145
12.7414975198474
9.93170540239978
7.90088913038853
6.69477946130864
10.7752036985092
9.53685196441876
7.74874423183682
11.8428894373454
10.2460524319242
10.1337303234369
8.96480180465331
9.04338317744356
6.21009560364269
10.1397163544895
9.56760025386863
12.1021985405394
9.67141793782653
8.72881706845575
11.5137827234267
10.0444292127308
10.0528314548443
11.5054314789933
12.8868040021973
8.35090873565652
8.14618861713153
9.65390632428391
12.1591637619288
6.75003932238326
10.7905998007721
10.4660692965666
12.0061367756735
10.3278033035009
11.4804679600041
9.55759656059305
9.5599346152906
12.1492647471656
8.60082596502264
6.6187981148785
11.1505785068108
9.46724901145082
9.16019398873606
9.55500033810489
9.75530468219468
12.5373710238231
7.17129180178603
9.10314383277212
12.3415970788115
8.6260783074796
10.5494228864694
10.4078046736105
7.9113061839393
13.822587708466
10.8721712990512
9.46698447161834
12.6453778680661
12.0517232393773
12.5229093171772
10.044463961312
11.3716692779821
8.61248944780966
12.5438251310186
10.3619583699395
7.81436402406462
10.4024880436281
7.68523137274813
6.56889361385727
7.9130138814641
9.86226744506368
11.2116397912979
9.69744696232021
11.9990294474272
9.38784989820166
8.78486957483175
10.1902490316882
11.9293043127624
10.5378718838665
7.80379908447897
6.49988299696862
10.6629801407068
9.73480367870623
7.475775565817
11.7918278348143
9.86680518026874
9.96173638667403
9.86325353718519
7.56169840310982
6.86731607916976
10.0434191976608
9.5533387122247
12.3578130663221
9.61105305410806
8.23924866493142
12.2934709226761
9.31174715605492
10.8716980392412
12.0001800821334
12.8594628009992
8.62304964336322
6.69853552369846
10.1609182924926
12.1195430444451
7.29024371728859
10.7597494653202
11.1090254139942
12.5278774985139
9.30271966820823
11.6445425767464
8.61114580664403
8.26969519487736
12.6946986721087
8.1502459880837
6.91730759446858
12.3401095124256
8.84076566443102
7.71893140871495
8.2795838815779
9.97742005312542
13.0997677228465
7.19151784047984
9.42484598402721
13.1822336282667
9.17650964476998
11.0775092788086
11.5832647227128
7.36650713478023
14.4003041237632
10.7680928703854
9.4575806896687
13.429127375956
12.8630896363488
12.4718477146461
9.64093174544694
11.3262323942085
7.25872268359966
12.5281081360876
10.1857308220341
9.27325739677217
10.2134965106822
7.53999624540141
6.44177835109659
7.2786548674437
11.040439446904
11.1605781887668
8.48649249523297
12.5698493656147
8.52333644865732
9.19776218119337
10.8049333590883
12.6906479745741
9.53225777438061
8.29863087009906
5.19693434224942
9.28169632276531
10.3074651348855
9.2533708295126
10.6493556657528
8.62129724204616
9.74997608978343
11.4092485864428
6.84979251709776
7.30417398029822
9.11936797412433
10.3358912135022
10.7011253506864
9.47367670600333
7.0103131464491
11.8060670090405
8.56674233835419
9.83516664770374
10.5085530608866
12.0998933647949
9.4627246701494
6.8514372487338
10.3101448620667
11.7297929749378
9.70556672902597
12.3166250463807
9.99687191374446
12.517755622051
8.34463852472678
10.7991027251197
9.0357890648869
8.21949747865045
10.0390057986013
8.03123822577103
8.27597483311389
13.5766484130422
5.82084659728239
7.54173022201119
7.84949759385756
6.9719014727936
10.6828487525189
8.3253788167771
8.27803435051489
11.1259966117325
10.4497597871268
10.6846495569353
11.7482342928055
7.76522030418702
11.6037870045542
9.75159213709072
10.0751152881461
12.1640134856365
13.1042208453668
10.7799519795007
8.98493616308401
12.5212097434722
5.46486303820686
12.0133039619862
10.4385812360133
11.8914467007116
7.5471888889806
8.6139962248259
8.91170921956443
8.95706314991759
11.8966207516502
11.4623068915795
7.63575581501352
13.1648655999475
6.55855002983429
10.4733187912043
11.7176721919601
12.3309952832888
7.29420295798533
9.52196793325005
6.90776407153293
8.40372014616496
8.69676537998461
5.27470563719223
9.7810456785529
7.33796904461743
8.81919698462418
9.99973328310922
8.64975788295435
8.72080485034999
8.07661393902646
10.0103487735859
11.3448829002081
7.66201917898253
7.64701824429766
10.7901106205438
8.14604763992891
9.39733501147983
10.7247147979905
8.65860745701271
8.98641050278403
8.272112103877
9.1457831742937
11.2844366769897
8.25551499548007
9.81051211885599
9.97677032982583
10.6868971793037
9.97452961705162
8.90180360931343
7.48323212432804
9.68256101452152
11.9489459580624
5.93862153304885
9.03211322322623
10.1030768251985
8.06815165255888
7.22865911636655
8.21260470604407
10.0026276762552
12.115929175244
6.57687079080603
8.72515908221713
11.5342623238038
10.5860912020506
11.5927175308092
11.7479368998789
9.18917094654427
11.957690641409
6.87602574489668
9.46413762285089
11.239800342513
11.888969897303
10.8991630045493
6.38358202711426
10.6579157881885
7.52209091336066
9.09779404778988
9.96211652551754
8.27088080078241
9.05311368567685
8.67498844961676
7.59787389584028
6.68598937956372
9.28856737845591
9.14253208135859
9.76928490771615
12.7898834984587
10.5388442858132
7.47431843398659
10.5695498374179
12.1815765804276
9.55078429847123
9.95136685867769
7.43075927400775
7.20484256298099
9.27613967987819
9.2834020145615
10.3988673273066
7.64912069914349
8.41376850687179
8.70383513370034
10.1359419754301
10.1823035997509
8.38113024341665
7.69822006831075
9.35403353757183
8.73167035650919
5.96924432822442
9.94424261358581
8.31934872553152
9.31993554769299
9.8462799651904
8.53727698176983
8.86422041979128
8.5334899700261
8.3415048111824
9.42775204379382
8.88154630315455
8.04544626299457
8.68280983771162
10.300344878708
8.83923420751641
7.97342370532003
10.125030238837
9.54521557336822
8.17598928608987
8.12305508046999
9.87716967613882
11.327538866525
6.40121539567746
9.92141643483013
9.32163559091873
8.05945427262926
7.79566969318098
8.27977877122221
8.19680798658955
10.5878611076573
8.71201016039994
10.4993036524322
9.04687421208384
7.41410796485393
10.8007220514915
7.59868014100837
11.112051287999
8.63184604225839
10.8576238813762
9.48087223832503
9.64662235909394
9.80717624470434
7.06663323846946
10.8649702941107
7.19902574963825
10.5482982308803
8.22123512923019
10.0376602825066
10.3304195686637
10.1577706006788
10.4228232166922
9.75650067391368
9.77197959648424
11.398237606677
9.52321772459799
8.19687610254559
10.4847608114173
9.57303981725541
7.05553621259945
6.591584701416
9.35259196072397
8.21960721013697
9.38873713915812
10.9476918912356
10.7278887177529
9.35085608231176
8.06855328253473
7.11029772193977
12.5723929157032
10.9522248063175
10.6268381869433
8.25348447957159
10.1301337013265
8.78946817193928
10.309079974369
6.33032837228739
10.0657732913303
9.31884602853286
9.24387404069751
9.06107938375408
8.72104910437812
11.014760526825
9.31259024420003
9.44289383489324
8.00062059370989
7.78256616050427
9.82123150461869
10.9585217335342
10.7089534212669
8.26591059726432
12.1507972819574
10.5730455048347
9.26096009221186
9.87811344077883
11.4526427606776
9.94993084315747
10.9757740308721
11.6729415867076
10.4444039833653
11.0286645241733
9.27142385988083
12.611845156991
10.4595653768556
8.24377869302897
10.9795568084589
8.68308860064936
6.73446683383106
10.1573938991443
9.27665200284046
9.99959057829599
12.5493641469547
8.55042723714648
8.44871912473293
11.4073203035928
10.658793206372
8.79564077508061
11.0149721952283
7.9457425445989
9.13867352109064
8.43836725860365
11.1877258790744
12.2115260438536
10.4219673130466
11.3640970541672
8.46080548014923
8.61455728518717
13.2991954581338
12.2657392797056
13.0795612020509
9.44135502791232
8.40724978041188
10.2622603352705
9.69291178971999
8.67830705911576
12.2229713069336
8.98366265849435
8.23524963810451
7.88471580164956
8.82636042050609
7.52994420753991
8.26681709687933
9.96159551918024
10.559018719424
9.97168290442445
6.67271675162844
8.09480908327619
10.0366100882289
9.24310177922217
6.51620319847601
11.0256018949686
10.22063687716
9.45500248383945
11.7070603141842
9.32985842412262
8.43065441132421
8.69794604034075
8.43297315534284
8.81227975532352
9.21248876390315
9.46590493028896
8.9831213766119
9.05117956302913
9.96658484399781
7.90282607664881
8.87586492315819
10.2475883543518
10.3720355168453
7.88253346171963
8.65126461190292
10.4159335610341
7.96868701236155
9.3255404019238
11.10675930476
10.3150851059238
10.8424237835709
7.78550080753669
8.36638034710633
9.5008718080945
9.40386651518694
10.8676799905453
10.291453542632
10.7333837014427
10.8036591936178
8.16701076366053
9.3385491707298
10.1058414951224
10.8028218931746
7.9577785721704
8.06129596925912
9.05031882159703
10.0752684572693
9.43533610925891
8.6377014684718
8.44211661483674
9.32643837878273
7.29375960235694
7.94481712817777
8.50818644272508
9.00359295403096
8.33727041125245
9.2366071253052
10.1322667275952
9.11484414762542
7.22027136445934
9.07976987999643
9.88149649341546
9.20375214551155
8.04379391149003
8.61426081065848
9.60223457585854
9.10438408156379
8.20009014777274
12.2366374060804
8.86435502969825
8.57672312920344
10.2538282540036
9.40823252253348
7.36062467174842
10.7617685307366
9.29396791719793
11.7718743867142
10.2865338177879
7.42147914396167
10.9838592990643
8.45011159884485
7.93148181112706
10.8742145946601
10.3966749519205
9.11448389010854
9.23677645875134
8.68619562736238
12.7705815492717
9.8034698793854
9.67418953870566
11.5405639191318
12.9031837398814
8.12483545797936
6.96156284318739
10.204227375981
7.0687571758335
11.8270600719047
5.77768136529712
8.94528656768636
12.5372193952905
9.08798547406093
7.07726360535568
7.62981631277405
9.19119549583056
11.9128813405557
10.0409121084535
7.6526067704784
12.0302901368305
11.0794177263416
10.5836953248189
10.8718425054295
7.97947227424869
11.5784465073934
11.0652422241498
9.24959702512494
11.3598116275613
12.6407426176706
11.9975512658514
8.68331775359247
10.139055271471
9.03816541592163
11.3262170672918
10.3152322689673
10.2662074455315
9.81438260095565
7.12427624313958
6.56505432015638
9.21787687920244
10.2775039995795
10.0038694012683
9.18666188068125
14.1614144036028
9.1981902366367
11.8586209675774
10.7056827844796
12.746216335416
6.45644384891442
7.90267316758485
6.68465838244517
9.1815050353255
9.65876683108095
9.32215529687979
11.7439847672674
9.03523413433886
9.40517983970871
10.1151735324785
8.32325510238499
9.2948755551067
8.36742542483097
9.36029859638994
11.6989674752226
10.0000656414141
8.8071867338874
11.2370967612744
6.50941901015205
9.34541359923354
9.41452239035509
9.5826639619114
7.60806600607883
9.64833814292906
8.87598473067673
10.7295946046843
9.98896230519468
10.6724785045955
8.98952822808231
10.3792036879037
5.54883045934021
9.42395712308299
7.1862060849441
8.75338853293394
8.81052180898869
8.75797124942451
9.67095875781187
11.8526571937705
7.2684643712698
8.84772264725826
8.43732060456659
7.33446032297473
9.04814939385318
7.30150971413976
10.0229770623309
11.8876410562802
9.42111383527016
10.647879986053
12.518135604479
5.07634990178616
10.9493841707942
10.0042043229309
8.70749190219812
9.74123736575411
11.610508211888
11.6160079453975
8.63904528491026
11.9915766246973
7.5491755883823
11.1186851986766
8.94106592058035
12.3153005174513
7.56491497622891
10.0233216261015
10.7951753274532
8.1956849735322
12.4034252452303
11.916258023326
8.02179272256035
11.3333628879475
5.75598607894946
11.7403214425004
10.5865526609326
11.0048943596384
7.25937741404883
8.59251041347078
8.74049895991973
9.59997079200942
9.48454957217733
8.66269559085433
10.5471380803213
9.39683842028665
9.23317929736143
8.25430430492872
8.30168835210941
8.16398043232864
9.69318277475395
10.9220925811103
10.7094656185447
9.04566312509539
8.34312745299282
8.9401334769607
8.76274372024533
8.90494507923934
9.81385080902014
7.97303386808362
7.07655537014831
10.2954565163234
7.259852943358
11.2336055573238
8.29109867273887
10.8716431981092
9.5068762057263
11.086129403502
7.02285014906714
8.57317245612656
10.211955353257
8.68828376589545
9.42995823241994
8.58408109483927
9.54181108886872
8.56134417156427
8.96598416864914
8.96790097443093
8.65362133579379
7.16572074189435
9.39234179960978
10.0840660821568
8.69573936991215
10.8826827670753
10.3195618644596
10.5855281606499
10.5332044332302
8.62113625379985
10.4933707448196
8.57550660288605
8.89929140335197
7.33002673336991
10.1950386251725
10.4189629450887
8.35402746938269
11.4767047097484
9.21672673302462
10.1323139194901
9.53451374010977
10.0169672352652
7.93649417398371
9.82756898018627
9.513607803584
10.2079409752963
10.5110136674073
11.0730705705075
11.113392368461
12.4605553701851
9.25445311916005
10.9576628652348
11.77326248319
9.72761437889648
8.57053613419268
7.54742674286143
10.2857029259921
9.23726547522652
8.99718358360978
8.41061797772704
11.3137476197936
8.99884137827094
9.11515941023781
10.4893730940572
7.00722204046894
7.39884777673868
8.90111627577825
11.2788439159052
10.3976771671164
9.4227223626778
7.8830916847743
10.7301099922223
8.17352247006607
8.92111400515897
10.3095908484547
8.2963677100466
7.97444162617682
8.33298586618888
8.48141105146199
11.6968984796388
9.3067163135757
10.9723437290503
10.6051706921211
11.3906361306527
6.01051514920207
8.36235211092701
9.29645544867082
6.99867185620825
10.2935118875937
8.06305301033555
9.57188310095507
9.56661734972844
8.95668455051948
7.12765257174343
6.92071475967602
7.51578618022244
10.1925410917078
9.77669259015558
8.67353765121497
13.0169958767573
11.0089137799851
11.7464777734828
11.5602175989032
7.5732326905781
11.3238807065176
9.2861951629707
8.68709079197643
9.2785961546122
11.9508611532575
10.669736250005
7.33948650061011
11.7177092552718
7.38954174744902
10.2938770618082
9.63261000345537
10.9247562466614
8.0828979326828
7.40489650192036
7.95142004958106
10.0360001867475
10.9537541720505
10.7548038573811
9.33766074298997
13.2597280889155
9.15742758209713
11.4035615140094
12.0867115952168
11.5758298629214
7.57586325133111
7.34281231502189
8.42980786976019
6.04540877282079
9.64226156164308
9.48847484555659
10.5092432728595
7.1864896233578
8.55615108897042
9.91447530366808
10.8592199978855
9.63174605000282
7.71275206708047
7.8077799824779
8.78626153910024
8.94239735409398
7.43762783687193
9.70854668367816
7.11472543411179
8.93194207848934
9.02350472725532
7.3753419500132
8.41758920451082
10.3089332814703
6.77030463248758
8.83966044835939
9.07356217849549
7.6186060146146
8.34064998153636
9.66026693936427
9.11181701105097
7.12889341596829
8.75064634051591
9.00296232550284
8.88761743261008
7.1438616990304
10.3265844683098
10.6468645799834
9.15021377138373
7.28347615788144
8.75737384319624
9.70585138518421
10.310483026061
8.47280842404504
10.4033730981566
10.3968538654835
8.01621611681728
10.7485270485782
10.2085418053048
9.56655773722174
9.68504049246079
8.98113899028831
9.04615553482634
9.73805905276315
8.97192410847595
10.1737738722657
6.59166097897816
8.52512544437806
7.65594274697304
7.45912368014316
6.09014495018127
9.78821283838511
8.19448887124086
9.56078687432351
9.23279093319071
8.08403184386316
10.9418806905082
10.4192924551797
9.64626901909223
11.5638226601304
8.30446990054223
9.64186687554084
9.42045605308728
10.234686456518
9.37457070405527
6.09452490617347
7.87772790711047
8.5243843170372
10.3075705992372
9.18045295690202
10.6497498104468
8.17166077729775
9.53807666202793
10.9522969516363
8.00197340216324
9.68817306931773
8.18590452225611
9.90495713720252
10.5047705830266
8.58961947966793
7.67978447869076
11.1084285369488
4.94463948998543
8.75665440575106
10.2916731861147
9.5325530155514
7.53948400982323
7.62724721687161
8.59624913354655
10.1028443151145
8.69901269389012
10.2831565344992
9.46549279813021
11.333280676013
5.98509135587985
8.79369700961709
6.99176108528578
7.58294742864136
9.76974203507298
8.52464210368389
9.803622453233
11.4839261524902
7.78740082094929
7.43419734753824
7.20669079805413
8.08585203610396
10.6003656130899
9.54776023169403
9.58658950233734
11.3915138162361
9.52063643598835
10.2624271745874
11.6803996938315
7.2273539178133
10.9483416313927
9.64419288164047
8.37601827971042
11.0960802732302
10.8204337808411
11.2279420894424
6.49838807361022
10.8893504680483
5.95996634823347
9.61035567698129
9.3177896309244
11.405154229243
8.88731063597116
10.0568150639784
9.64304773772875
7.93586150039343
12.2125649174247
12.1521294616223
7.53479129676347
11.3067924836064
7.28689604527076
10.5511952289835
10.484041909572
11.6314127639778
6.89313049320273
8.61294865026341
9.06156885721265
9.48832037452365
9.41826620199354
10.8582257113943
9.56986113740953
10.766424792599
8.17344360588884
9.92897295474809
13.8166765791093
11.820046350457
13.0729283249535
8.88613342536181
9.70049985747703
10.3583940446217
9.89057661697883
9.44793265312283
11.6219902023165
10.8464763525135
7.7559939074692
8.55888445858865
12.3621278625505
13.2986022058554
10.3054033313483
10.0453514987457
11.3809480360419
7.36531208863988
12.6887738305782
10.2654298385722
10.9173115727748
9.12243362769784
12.7496371931407
10.2245262212504
9.48701588044019
10.565129379451
13.2789298849619
10.0081345800485
13.5708528688296
12.201493457965
12.4200086504689
12.4044922958347
10.1997841678807
12.703987242768
13.0959483043166
9.34606348987771
9.77555302090975
9.20925754946565
7.62592689592131
10.9224801753239
7.35140186990625
10.9403304083328
13.5717145028791
11.1177147638725
10.2227233211095
8.08076298404215
11.9994888083402
9.20359155876272
13.1634087289685
9.96624594878542
9.76388063917529
9.49780107017011
11.0464705430165
12.8322946450401
11.1900787996047
12.7413882126322
8.21470572275338
8.04343843576644
14.5314840190405
10.5148917247807
13.027559874589
10.9629963031121
8.50476925561422
10.0812226796535
9.03210088132799
10.1232821206352
13.7634496718812
7.49790161700009
9.17438343661964
7.43961698948294
11.994981125033
8.05702303406995
8.94338455731926
9.29476074698044
8.31221289130537
8.43573257473101
9.59267012895755
9.9676467484861
11.4971270475866
8.34311857952876
7.43466159960504
10.0435461944523
7.25437588399805
8.83984712491805
7.54553918740304
9.25415876386887
7.61675112789925
8.81861799701682
8.52978438769286
11.2812464739043
7.53364632062244
9.53769657316417
8.47829355833513
10.6052995840988
7.75477034651518
8.77777210120819
8.37770244568663
9.12069415621044
9.24952222235338
7.10510016252392
9.93493331288006
10.8797499206829
8.50773546785636
8.76470303164991
8.23046468935263
7.54698792159842
9.15184414744958
6.28663052496127
8.91861814661158
11.854637688057
9.58284079533215
10.1587383834627
10.4874883874071
6.64036478281548
11.1432582472616
8.08231110755857
9.09782965226597
8.42765108360249
11.605224926987
12.032949215594
8.70744097637687
12.0862242541864
5.55801532131345
11.3466216810721
8.53152984499069
10.4021416878663
8.17730371629204
10.5160468953277
9.58788270075387
6.89535118998449
10.3085885594029
10.7987371986749
9.4188954820639
12.4423456641081
10.942073545525
8.41105651560832
10.6297280565316
11.4834314043564
8.47852112201464
8.06572684431369
8.26664813949613
8.09457149949347
10.0698465137276
8.40159987209199
11.2113903638309
8.0773703714444
8.05473895606669
9.96412246063587
8.40982228786773
8.44548736104017
8.68802827958683
9.58641575477889
9.8405212535359
8.21280130070892
7.00265363109072
10.0561488400015
7.80537195246423
8.21343679675682
10.312994672513
8.39524631110576
7.57327252249885
9.27025365854586
7.41554382726211
9.95360213068994
9.43602886512735
9.87825857305124
9.44804791289266
10.2491419729909
7.04405763318806
7.74186737099826
8.34031341438666
8.50476824562715
9.52132345449123
7.06259610731028
8.90162991180031
10.208139266299
8.18984612326421
6.15479206724193
7.64872552640613
8.0008178639713
10.6823962832606
8.22219170617328
9.35142066313182
10.6278426424367
9.35877567083812
9.93708833697107
11.3141579208347
8.59898185928469
9.89719218238539
8.86188023342977
8.28209462053706
9.96268413546969
9.33546356783573
10.7066939697981
4.31462931265413
10.9354980030039
7.25171000022873
7.01317372867472
9.32238139934324
8.7198234873549
8.03426084467123
7.96607402326307
7.42085073827716
7.51610198743655
11.0646590731528
11.6590261855713
9.79606087879252
12.278455676103
9.50780844196282
8.46452744619134
10.5222825552177
12.4583817436354
9.61320994154496
7.96545801128971
9.51279543497506
9.05309263365545
9.80450556081257
12.5333935344771
10.1372435545423
10.6749418475722
8.52433139066036
10.1275456881752
13.8335206784739
12.5815577873172
11.2060076515046
8.39674969195975
9.78881088131826
11.3627501422133
11.1496518156172
9.93003439803139
10.923522443812
10.500438293688
7.92429265841474
7.30032175945763
10.6106470118641
13.5818918804777
9.91244364873872
8.20714578186541
12.3219015129127
8.77580574936221
11.4938248998933
9.02027129766064
9.23377728538176
7.72706778100051
12.4109345023879
11.4358199198812
7.86765929279938
11.3838638864354
12.6405435129743
9.24333760042858
12.7687041866092
11.1300091799996
12.3567993474309
10.7862907866447
9.31067180437633
12.9191845813102
13.6166694279788
7.61969830548684
10.5481057005243
9.25898278735251
9.27452647585027
10.9510105189674
5.34152069310194
11.3024336823062
13.0366924837754
10.408400181281
9.12547119572628
8.64703270907967
10.5796794686506
9.36892451447603
11.6246340610831
8.49700227849583
10.1208950476518
10.7922413601904
10.3988742401034
12.8240240665128
12.484519089625
11.8909240768307
9.60993656954916
9.28189652303128
13.3983832283706
8.90956942075919
11.9523187516823
10.3428551686193
7.45667951680714
10.205766281538
11.8618373868145
9.8327752557927
13.9232072312961
8.86405421778426
9.15495496986107
6.47584938952697
8.76181722722158
7.05501491132884
7.19127898099341
10.5243815895379
9.92604443961488
9.38473176986567
9.09680871980339
7.61266471490483
9.33716471664831
10.0756759928456
5.65359876453351
9.67552982867433
7.15465689002655
6.0989925375646
10.7165418528633
11.0127442090448
8.85731567603332
7.98632595555378
8.25452527638397
11.1396752700628
9.69824848456475
8.46834669827968
9.95377202511391
11.139538793972
7.0451479713713
8.80918906048359
8.84062809027695
6.31262407720568
10.0649918406636
6.82921422336671
7.81358837210137
12.8624863430564
9.47600826120194
7.89931966272158
7.38102270689389
8.29002155926196
10.5134702768512
7.78823290243336
8.49730685897318
12.056194807796
9.03725645518519
10.7413773575645
11.1390773967766
9.12634207493927
11.1781154346926
10.2367059040313
8.09329384190894
11.5519147819247
11.5233578734759
9.22365510794036
7.14408905098582
10.9309057918941
9.10847317298695
10.353259949358
7.97412157896801
10.3258428217965
9.24708602680236
8.31491184988355
8.70559452432535
7.73935973932622
11.355003848981
10.804817282692
7.38795386885183
11.2211070322273
8.93563946947077
10.9600936459449
10.3100141782845
11.6314549700434
6.86940815378512
9.00839855201412
9.91634449992553
9.6433840684487
10.001898086358
8.42830360982168
12.1546601354242
8.16112160700741
7.18686502462563
10.0258863480387
9.23151932709776
9.25516492546384
10.917025444059
8.11156569023725
11.9182089456827
8.85396350263289
7.3391455374269
10.5466786121292
6.35843331181745
7.82876254378306
10.5938246509612
10.8423783587164
9.32768840309684
7.47510837719518
8.09104767878386
12.5665960901602
7.49248749645098
8.65355062709362
11.5593846717036
12.8165199990796
6.15470436377859
8.39500058027728
7.9250480216958
6.62077342347207
11.1548847297415
7.61818389779044
9.02523723138604
12.7393148446056
8.51741323984542
8.10809867035315
8.0431239053417
9.56022257613468
10.8875893094451
10.029610774783
9.76834778290332
11.6818999120291
10.4867493339667
9.53134205271114
10.0505002789073
6.72463393626789
12.125180683159
10.9520511446347
9.96833933268236
11.3326415354203
11.3824519252147
11.475357700686
7.40931681333427
11.876236081723
8.2692307538875
10.8537139062862
9.65383636561951
9.41123401222629
10.8328508920704
9.3824767425828
7.51427171891034
9.09519070847442
9.99014752682523
10.1435043711653
9.65026519810753
13.2783197591494
9.15663258539041
10.8308335342564
10.5896108104616
13.4406758477929
3.85313530052083
8.04051312641211
9.62535621740585
9.49819288751438
11.9124125000283
10.0019613707439
11.1335356109579
9.31660314348793
10.7071928189344
12.7043359722237
7.48907258655414
9.00496708232341
9.14066772167513
10.7291015451299
11.529771619492
10.6787961924447
7.66450408389543
11.7041921997074
6.45220292854114
9.14414902409921
10.637204966712
11.3082956640429
8.5979878435996
7.54930686852448
7.9515611002739
11.5676115344531
11.5168026630021
11.1008623576082
10.6427280874809
11.8663129976706
7.57070763817649
10.1326363888241
8.86451907260462
6.6376062898065
10.0649326742118
8.74982582284441
8.44529719011739
14.2056569173468
8.83072895026183
7.68590551583589
6.69707735451403
6.7605278293958
10.3026929928909
8.06098826062083
9.22699833301112
13.7143345058366
9.99290346151297
11.8121176403185
13.3870321544028
8.93624945512577
12.6980922569247
10.4909493431754
6.77513902864003
10.6380551852986
10.8425406326585
11.5623880860226
7.18938438089718
12.4780787007399
7.39885065924558
10.9312843469652
8.7994866741296
11.5458463087623
9.5559597935987
7.45768623085601
8.70651685273557
9.04357515648831
14.1395645283705
13.8438108446698
6.36390610772632
12.5760493983804
8.57047779013986
12.1037629339406
12.880741992281
12.6401479321568
6.98921937245441
10.451969774915
9.02304894446114
10.2001209798814
9.58008248541215
9.83273903858422
11.0854987216107
8.91592409294781
7.8261864150322
8.05177433076883
9.03367852341852
8.47799849811489
8.47006924664095
8.69994336953341
9.39790925695412
8.50249715216134
9.27322495390585
8.06145575212409
7.55966142362449
7.27259365242051
9.20931964308738
9.01783856801848
7.46846704789234
11.6907016082682
6.55740244513272
11.1255360219459
9.71978940438483
9.52541681061982
9.04966169461086
10.0324370214187
8.66718094533758
8.46915760396941
8.48782823201799
8.78221452914566
9.25347993138575
9.21480447812994
7.75292254912627
10.8655036185588
8.61175982274826
9.33827392168786
8.17459020945708
7.56666682047209
9.19720296393015
9.27163893585653
9.00379303569369
9.52439562260651
10.121969919409
9.5661064258781
10.4988855599804
8.12789574696546
10.5971798900917
9.42479460082441
9.82875125209121
8.53342650771599
9.55192289974102
11.3608673073587
7.93356314723252
11.5115718453336
9.86473655524377
9.82311182581056
9.35156856985332
9.26993202885705
7.49435858552445
10.4863794211492
9.19593912481196
9.15671049454097
10.2995266851389
11.5554993266992
10.8827432490592
11.4124977274058
8.28517532257183
9.95806237267354
8.17560598623384
10.1326544620026
9.65062121256166
9.44543515959696
11.0747339312714
8.67837519998415
7.80381877416386
9.33792952174402
8.51790291625713
6.83932305176449
7.34172957026418
8.63443999216226
8.92155593628513
9.45689977795691
6.82130621784255
8.29810926006237
8.01216244227021
8.1342892814072
7.76620594798336
8.89274118720562
7.77961477354383
7.22706276174467
9.42443646426639
8.26783228729082
8.41289780701533
10.6432802598818
8.85173352010186
8.54220385358183
11.2446206676518
9.36747689952396
9.38285666836106
8.98919594250775
8.30043057699583
8.16163316359379
8.87675130761154
8.8379008262616
7.8264967951509
8.74763626736556
8.31139261482148
11.0379785674538
7.74657514051975
9.71758334849683
8.6172074898175
8.04771281320465
7.60480826008735
8.90044126101175
9.85335116917403
10.5403638468958
8.75187145312556
9.64647680333233
10.2480345766808
8.02448617560488
10.6308262113715
8.45979471924269
11.2409370072511
8.8603254822125
10.1540341326153
9.10940163723595
7.98826113270002
9.63125517796677
10.0585856007213
8.92317010539268
7.45389293027756
8.66321493043637
5.61077257115579
9.7570295068646
10.0602421766928
8.91492168244306
11.2158207322352
10.5403633718208
9.87111048629552
10.6164743099867
7.47730144467415
9.86041194337803
8.42481901356777
10.54268542209
8.95916651597977
8.37666259104384
11.1865772861345
8.97967029870735
9.7820753199658
8.38666172719271
12.1343734509431
9.49481419808076
8.39295381004035
9.41051862737159
7.23752693776012
7.78072157168102
10.1072572922277
9.91151898693839
10.3147764091892
10.2073184094049
7.63331913589592
11.9193193430671
7.10897112005571
9.46998148945579
9.79562419603609
10.6273973855838
8.27475416508596
7.57166708210177
8.86473423202646
11.6536500537453
9.40700790006025
10.7719400594337
10.663425216947
12.6262705364995
6.60370308432126
9.76688867599009
9.71967965448074
7.46954101204327
10.0660184149546
8.3930695589202
8.63774458598449
13.6173449961666
8.03200807661438
7.86379789982835
7.13113908392059
7.23035135248982
11.3686140975597
8.2891066484511
9.24498249191745
12.154095984309
9.26873297048716
11.5128815221726
11.8376635158396
5.17267033824876
12.1058527601361
10.0352952257804
9.76281214752387
11.5802521771863
13.6047062436069
11.1439331769865
9.75034584749208
12.0507680033635
6.39545807335716
12.6333392661123
9.41274543342248
12.1353403764988
7.631736442003
9.3083614664132
9.35427082014691
8.6545138287735
11.8018250909634
11.3307343918525
8.25695890394639
13.3236883311004
6.69450829566892
10.834777015264
11.0268265775687
11.6938517375007
7.90704755920233
9.06892460035269
7.51656752412119
8.51077641894794
10.5440072028908
9.05478888350407
10.5592425267368
9.11373006405474
9.51548158760828
10.5952544578646
9.73396061981785
9.58630353023368
7.36661411763833
9.13680085559765
9.61798282057908
10.4300118685561
6.37876826798056
10.8563716042654
6.47153631288359
8.69509519209738
10.9786824546318
9.64309448884593
7.63771043348114
8.31478289796008
6.97222524421905
9.55197166912988
9.73266949307916
8.97738460606278
9.55109150343225
9.98935408743722
7.29329631872124
8.60995941347417
9.30353596180777
7.51666222211783
8.75254952187255
7.52332884095581
9.06785347737053
12.3312680648279
9.21491157642841
7.86358612059516
8.0166649267205
7.22107901708255
10.2747505254264
8.42628750323586
10.1209630661324
12.863854193938
8.79459274108441
11.0997042814944
11.5959279178343
8.56221779254047
11.9769690120207
9.99388997269271
8.24113060759461
10.1982141732033
9.91246421535772
10.4882994936847
6.47890203013353
11.0428994239064
8.33639974035828
9.08080571451652
7.71417782609731
10.7473997258266
9.48644695378506
7.18280132431473
8.70731438301882
7.97190797157989
13.0172555513149
12.467068985026
7.58828817934875
11.0606800552362
8.39754519570745
10.9778697785752
10.9415998581849
11.2999877929471
8.2550160032598
7.36715515657252
9.2658399941815
9.38999982240362
7.21802046406297
9.55931348456559
8.98261464717378
7.97895598226764
7.56380766235363
8.54710301865757
9.53062445641473
7.92662157795532
7.95062095214832
8.83728514160268
7.92348319273916
7.74898085485208
7.96723624319912
8.1837301075423
8.76539341870535
6.79965720210937
7.87571342661904
7.96335976004472
8.94890786281427
10.3065854942434
8.94955230689544
9.95708972480814
9.90747686121845
8.92701494163506
7.9205583652184
8.74254971885739
8.45218621798308
7.95553256697374
9.86765839092416
9.28361741479691
7.90375368714921
9.56619098988721
10.1141961656415
8.19890554339873
8.58047217742889
10.2517621169094
9.07862255688169
8.48357504541264
7.23971100824484
10.0527513119765
9.16558211579346
9.66290188275453
10.4674807313589
9.91105742599721
7.29681922435749
8.55740671616467
9.84002021498936
7.97646275610651
11.8141615830391
7.74393250589176
10.1639042600539
8.80710859769128
9.62726840146713
11.2705710001498
10.2693762890913
9.87280250957934
9.64982176687162
9.0041770745129
7.63116502151428
10.038865265791
10.4769980248279
11.0947429436236
7.14954430560721
8.27502726582986
11.1666020636747
10.8283651790492
9.78186260655432
8.89172534108864
8.8556513323757
7.96467019368121
8.31451474922851
8.01919020383762
11.5534622316112
10.2228520267058
7.09383807652448
8.09020003442493
9.41392346242475
8.19423288766419
8.45710508343487
9.90339195497126
8.28021149465233
8.87752998210176
7.99675577717124
9.09150133907041
9.79420968121482
9.88019219570351
5.54053574120443
11.2369233577579
7.12227448512635
7.74915523774589
11.2107232504362
10.9760423828236
7.98066531283278
7.89062429556691
8.23044920518957
10.4331092791414
9.5535739791283
9.21448993240916
9.53119526841065
9.44967417713835
6.61217879409351
9.22049625601264
7.11935705642355
7.31546255508503
10.3046685766601
7.39110002375811
7.31092991607191
12.3363364352055
6.79466607473667
7.34474471285898
7.66970683570703
8.24252108939752
9.40362535866537
8.10060988399024
7.57473730329705
10.9871729865072
9.74024420617155
11.2715744502335
9.95560155247566
7.23351098531623
11.2140699418075
9.38414799971475
9.12849658768381
10.9123936501072
11.67614705862
9.60506227954833
8.72888632473475
10.1015656244789
8.39384710388437
11.017221083137
9.22175479811556
10.5547509633996
7.96522404615996
7.16775169687348
8.79782195624637
8.89140842344098
10.6317336282141
10.257661266901
7.78454044932955
11.1437716786254
4.45538763168236
11.2639408918181
9.59781371151846
9.87985351169224
5.70579191128925
6.95606555742715
8.72586893887002
11.3891587969539
10.7120851846656
9.29302398746436
11.9127514458862
9.641508249934
10.5274502105003
8.81052349601089
7.8433399387616
7.64594442429242
8.45598378903321
9.87685586969164
11.2186048799675
10.2442456218641
8.24117709390903
10.1572289378455
8.89814816066235
9.06906755452721
11.5748385404307
11.5109205081944
5.40557956798111
9.75836228932279
7.68277269216937
10.3024103616538
8.95834597381806
10.7679375590737
8.80669940841643
10.3030626301072
8.34047876039398
9.81648477411768
8.69012065591454
7.36423819259948
10.3820773443267
7.61780786776434
6.95126482639503
11.4808248640585
8.75418763073834
6.82773011241711
8.43881575883724
6.59083786804042
11.3374576904392
7.05435624604319
7.43156700004937
11.734067330269
9.56422507948525
10.070471203802
11.2955163732729
8.34779843016361
12.2804608989941
10.7004177088834
6.56455756756025
9.33295251634846
8.72599305717397
12.5905044250228
7.21674824682713
11.2186123691901
8.53395603932018
9.9374933481064
9.49977531440141
9.42494605630558
8.58671292939161
6.90996526908726
7.67934886895343
8.77336866693485
12.4515392455226
12.8395735900734
8.45911575089521
11.9402979888569
7.54087480667916
11.4312020909722
10.2947896593394
10.8464614964297
9.599577146748
6.88069287444861
8.53170617061244
9.31071581807625
8.22902787343499
7.65343997085341
11.651773309365
6.96426521178643
7.46763314956125
9.23596151214072
7.96727573301621
6.66191418741926
10.508161932178
9.16852007952562
10.0448606386705
9.30901650520088
7.48397785626641
10.2678364932659
8.59635581175106
8.22550956670854
9.74753451519435
10.9528256162304
8.19320342763084
9.428621786254
9.61164216431762
11.9138692017852
8.87197987013518
11.0086112795225
9.89547658661587
11.2590588766389
8.8151461074219
8.93517312629828
8.07556788021769
9.21451582324764
10.8225099095696
6.76591801136172
7.05289298562269
11.4702574138402
7.3134307243637
7.64840388489378
7.77346628440396
7.89666639550107
11.0578249104989
7.83524197596665
8.54992268161528
11.3050525603626
9.45749454374949
10.3329316469238
11.2845762815793
7.40870226036684
11.4773858682618
9.80253476961837
9.2378574179675
11.2281417775264
12.1849075635873
10.9855186910347
7.73773148458695
11.1627272801082
6.7585171061082
10.4798400830955
9.44617017596832
11.0387390577177
7.48482536112207
8.95991919443274
8.02183667653941
7.32857200755453
9.5314222039873
9.97828420286786
9.20905720236525
13.3409353918925
8.74842580438443
8.66590590666954
9.78122568058005
12.7722939052363
9.30219305641882
8.77228000784006
6.04399740913563
9.0930757203956
9.31824864830549
6.1275966775927
10.0462321625272
8.94660897277268
8.80072850704648
10.0919134495755
7.37453281456694
8.78586881418112
8.47987530703401
8.85302866572888
10.8233044345023
8.80901079436562
6.16710383774771
10.2392740116312
7.26152577235399
8.8241951411778
9.52796724521301
10.2676332758832
8.7900862351873
8.00817145687295
7.43653883045423
11.6114595563804
8.16130999628097
9.78249109132449
9.64498248241733
10.9582639150414
7.60533220391864
9.1655440546589
9.00650501352499
6.25268936157033
9.49071544010779
6.63131261834995
9.15163171393225
11.692510911744
9.49240443637063
8.1659305893102
7.25755018238269
7.99558472145132
8.54789619674576
7.27544144465975
8.90505459375625
12.3154144656674
9.03685423386537
10.5733907565438
11.3140858157792
7.4254452316825
11.7541251417048
8.50790878983536
8.13775299377278
9.32851215977762
11.3161485455235
10.7097048776268
7.81126727602481
9.95337249756947
8.32850284042783
10.7561460470212
7.35550243201107
10.7083140317756
7.35442027915285
8.6982186042718
8.99680359026102
7.9609839270725
11.9780984636701
11.4275145834684
7.16868469888554
11.4424644246408
8.89689468544936
11.8976332956602
11.3310346577392
10.7485429630385
6.51948051921398
7.04324378233188
8.83740133560291
8.70805932830881
9.56093451676334
8.4247096081738
9.68994331727913
7.05824734309412
8.10986995354556
10.6740480620959
8.46676851814225
8.62538204807592
8.29927231786544
9.81125149840924
8.15828755004135
8.79241420869005
5.81615855279849
9.9403106271654
7.36748009546891
7.8211197817613
10.6832561455608
9.47430826899961
7.47250533823555
8.55127214589727
7.22286455576248
9.54443303390489
10.4001610878319
9.65692968355552
10.4746746336932
10.8463401470346
6.51456973823419
9.38604841856675
7.99216569184187
7.98094698457349
10.9638075745373
6.78005283232562
9.47059422337718
12.3028147919035
7.19865726218991
7.87379751257737
7.88857725160945
8.72738833369392
11.3307148825951
8.11676062131771
7.58065454194778
11.8639724031882
8.96717778781847
10.3929770101933
10.0650143907389
8.87375141061876
11.1693297150311
9.62524132370854
8.16854645415086
10.6811667305167
10.9759702596884
8.35868287534893
6.18719600389922
10.5778246430286
8.47520277311918
9.58287142695502
8.67215699023181
9.20992274487252
7.4521977592003
7.39459480622281
7.82964583531932
8.13722234270172
12.1098472985478
11.4808720218388
8.69531262429618
12.2873427687875
7.48254375653568
10.3675562644632
10.7077509514642
10.4137429466952
7.87747355573299
8.49710166885664
8.88660612420258
