14.4092390678935
13.6559309992295
17.2185264007904
17.3397164169848
17.2095445667265
15.9465599030212
19.2446426972346
16.3892025915857
18.0726940407012
16.5073051929381
15.8693605928538
21.980456934388
18.4674659793975
16.8664878439141
13.8835831626796
15.6912001130364
15.600247027192
16.0170666193237
15.7860761315633
13.9131529486646
16.1617649160336
14.3686657028531
16.4421973542332
15.7773580236025
17.545686379139
14.3796021430907
13.9145250141645
15.718574550413
15.1379657008666
15.0327391064376
12.3110814549533
19.5471934552381
16.684751089656
17.3355116986888
17.0146016276236
23.4091324701795
15.6561633784132
15.8452476334827
15.965856974175
14.7573951523692
21.1702598409566
13.0091522252
20.160292444779
15.2621675091196
15.5381125660151
15.2566247350107
15.0875478170642
15.6668600090171
15.8914005664659
16.3798483252464
15.811879099731
14.2531329888626
14.792746496621
15.5971619418691
15.6148630909159
15.647215299231
15.0440806463347
14.9851526976662
14.4631454957365
15.3168705282056
14.7764422704138
19.0222480164539
15.3207790669835
12.5211996875631
16.79942337806
16.1478268947026
14.4838311183556
15.3184050942052
14.0227079718275
15.2087433886217
14.2849282416549
15.8670085966857
15.3580757369166
14.2865404904437
15.166021140653
15.9725326997828
15.4048787511856
14.3882231533086
14.6314304454712
15.2868739515883
15.2213960612319
15.449576841971
14.5492231501044
14.5929048099
12.1935786208859
14.8450519642462
15.4573522111072
16.8536424622287
16.4832932867082
16.1955912461997
13.6935035385368
16.1425631445547
15.7160274184085
15.6677636727056
17.5868662257099
12.168305228896
8.92177148580302
11.7454286955735
11.3601872694397
14.0696981109498
12.0453214156841
13.473887179647
10.9967445931292
10.1190935594523
10.4896208548296
12.3677646803809
14.1043828482048
13.5407461532945
11.3237062236938
12.6208027835961
11.188746572363
14.0025346320316
12.1450483947841
14.5646944792457
13.9646862951402
11.2208702595381
9.64655478160835
16.4780822882534
11.6668448712266
11.5397345636777
11.0380479369312
15.0367026577574
16.1916539212109
11.5460211764611
14.2296926814669
13.3287363616084
11.5213866163494
12.105311288604
9.47814495876597
10.7302315460658
14.7401993513701
11.4122696769266
12.913008721394
12.2153599503823
9.87994531448584
12.9669788545286
8.89195472278227
11.3244999091531
14.2119393041532
12.2125133902901
14.2982464096016
11.7612650684541
12.3973253016743
10.0928744253238
12.769365587537
9.14891914519613
10.4508264706717
13.5664489621769
12.8677712007677
9.92165717802332
15.2674870579031
8.94778983230999
15.603680374078
15.9652139241351
14.9160100599936
14.9624741573021
13.5867358143526
16.2720886895631
11.9305053415055
13.8484048302048
16.3781046811279
10.1720179468487
10.6263726382806
8.27506205959885
10.348398115427
10.6300799283379
10.9441352697702
8.74290932591445
14.1500208277818
17.48856877453
10.4963575591227
10.3908381990601
14.2369502417905
13.2613726505869
14.7039603170539
14.3346171491713
10.3089692738318
14.0329784735112
10.8764675526638
12.9631242231613
14.7414672910426
15.1669931582084
11.6201253979954
11.3524713948418
12.1834697150733
9.89693365729659
14.7611220020327
9.69220812144922
15.2013594995023
