8.95493267500243
7.5752409417331
8.39279908855524
8.15489807717421
8.31850580937353
8.78856123034916
8.44491479485975
7.74817736239324
7.57670211040322
7.48956937855012
7.53508916183308
7.23264722593875
7.37544209159547
9.39719838284709
8.47725789600083
8.36703358576658
8.62229407328251
8.71003863288891
7.37971082560691
7.69972522948226
7.27604524878517
8.78471130312811
7.64845272333994
7.31188873021591
7.06540128511194
6.91451047700951
7.35352251732716
9.25379250237122
7.23609006994867
7.22586155260613
7.5492371479713
8.18091755180443
8.12875412940323
7.09375655333744
7.46087937366708
8.39850466768058
8.48612612333785
10.4158204113851
8.24509668534554
6.55684181588833
8.09022040599656
8.3091053757195
7.46997501554592
8.06002091477848
9.92820192514762
7.80681301643634
6.87437002733365
10.1627951247044
8.05864599785342
7.51895648911646
6.87930110901672
6.60762387056543
6.7687176288714
6.35862897626858
7.38327740231257
7.78764395024241
9.26321060345644
7.65328213694779
7.48203725985989
6.36140386127845
7.24549661950753
8.69071864307066
11.009021722439
6.80165901619642
8.29619365581996
6.77344869069313
8.60913385036591
7.99990239621165
6.82733171415622
6.80732646837064
7.68240372295027
7.80187270883516
7.65094332471455
7.87431387535558
8.06723919421517
10.1466413003994
7.53066743986616
7.33969864818832
6.19237805834745
7.52748380090385
8.76778645158632
7.44410221714762
9.21676491708007
9.12884735713013
7.68120221335042
7.3527500769323
6.36577291328429
8.0962816193553
8.71933467573336
8.26027282434102
7.28301108187574
7.87132498669693
8.03753889213331
8.13762468643977
8.06332209288374
7.71418843509892
7.94947594389831
6.13551033470512
6.01963346841931
6.98600420421403
6.04540800331543
6.98675921214942
6.02168941399673
5.67804297850733
5.24525065141859
5.26910042031973
6.95281775670209
5.8277883179784
4.75934736214872
6.95154963730307
2.0598873017817
6.4442767080377
5.55257318933813
6.21736385797662
6.58918642048374
6.06765734686047
6.26680885374323
5.30536982644269
4.42938086696645
5.56406774835892
5.18239491288495
5.52994729398385
5.34361973226515
6.10685795641093
7.02370969704329
5.71212641994926
4.78349897298794
5.50314765662088
5.22747214632158
5.34630220268642
4.97327078961267
4.76690211988866
5.62953785661018
6.46439936927491
3.46833606156164
6.27933681870982
4.98979109400291
5.99266269742148
2.89966825725769
4.72950850092921
4.80408657088451
3.01873159346042
5.1422613718062
4.43268764648148
3.54172604830536
4.45771232669404
5.31431164901685
5.671951649321
4.99383074004722
5.77560453107781
5.53686937715177
6.0378359499722
6.26737037828569
4.14229278397401
1.84340745220531
6.12350894831111
5.35505581448619
5.89334497645474
5.85722985510281
4.4051838081049
5.68652073667445
5.76183868744291
4.67784148541884
2.05739774980486
5.16134911011142
5.53892960792106
5.33506706266833
6.18919077654781
5.29007554136777
6.07446167015196
6.46146761206978
6.90053865149601
3.8510328667674
6.11782117658039
6.17299810546915
4.6201155254754
4.21615952562766
5.64126671888271
6.49477261253134
2.79830067324063
2.71038311329069
5.07327185738871
5.28228235377063
4.33642042375798
6.25480108363973
2.41285852079367
6.55874148864106
6.28113269428566
6.53073621222397
6.30959540484928
5.34711466766027
6.76937111535578
5.76475561539248
7.0937969947409
6.36433603120659
6.29897906430122
6.30701363686349
5.9633672013741
5.2299447759104
5.67496234050515
7.14992322012613
5.1563603275326
5.47945026441601
7.31357938368911
4.19018008552072
6.53950964978454
6.80246045990421
6.49390512190196
6.89175358228831
5.63668276237414
6.16221295284664
5.83175980833558
6.24725187883988
5.88564689008451
5.88763908213546
5.00358970808031
5.48653090922804
5.53203265549524
7.22237996929538
5.70340065756743
5.69198392296582
6.2518792866151
5.31451857749195
5.01971168262504
5.7990824166141
5.35650762175263
6.81586113234794
6.92139342560973
4.11614330312026
6.04106492667525
4.88519519310632
5.87379016121475
2.06952178661407
5.80859449666489
4.84746119540259
2.94862491192257
5.98064292903523
5.82835147001428
3.42561527402342
6.13302940260868
5.54859732074598
5.43304477661601
6.18149557578534
5.37045819714265
5.5892882369886
6.90166665198399
6.62767614341513
3.38279212354762
2.3121327546737
6.28866151786994
5.39929599546009
6.60871439361767
6.7295636918082
4.39082422136827
6.54661703655457
6.31947809948957
5.05579609998174
2.46106912129188
5.43272462681936
5.1943521799427
4.95312829262922
6.68646497434845
6.40256856058534
4.73921455899352
6.07165070428744
7.40386714880933
3.18518305685091
5.72800426879805
6.67632660278245
4.71851920260575
6.23547004180189
6.84519810212622
6.66981816352829
2.66016717364988
2.57224961369992
6.55522301769914
5.56037082838474
5.85817579291863
6.77174460149447
3.50090010980596
7.65579754658879
6.53836239428979
7.02987757267551
6.47474797440812
6.15679512200118
6.65540648755184
5.76080936550282
6.76117230262698
6.48828609625246
6.61689369391291
6.81985470675794
6.47620827126855
5.7250285936011
5.99478459816346
6.87249278615488
5.49716237950799
5.19910078396039
7.05020865178494
4.11587429033032
6.85607449544852
7.29078153184839
7.08737244574877
7.00596734307537
5.55766735482334
5.51733006172987
5.83160110029685
6.19321298330339
5.88548818204578
5.60479443366093
5.12727233559746
5.28367352381137
5.82057619488856
7.22920714844341
5.6164981043412
5.28033935793868
6.0570415213264
5.4358610818288
5.85107314532534
5.91363298888533
5.12761963281308
6.85403204469817
6.53106122535294
2.97250034199453
6.18963908690043
4.77235553767746
6.03641194046416
1.31519061023872
6.0254079449252
4.9107081504084
3.80254265765695
6.32882081859591
5.8047351664618
3.29547954332576
5.69807116732489
4.96267851771105
5.58112273472483
5.93076888210984
5.52567920581295
5.28425348502724
6.77355600429827
6.07703997787026
2.49486616588352
2.34645446065097
5.89867704672405
5.09426124349872
6.62366315667141
6.94824244008962
3.88422204585423
6.08245728491147
6.64041279226583
5.05821039995214
2.81531031904328
5.32534096041123
4.87522602394269
4.65338415856196
6.36733881834843
6.17368057164578
5.29490228171996
5.71333709651531
7.14069255399761
3.10768002707189
5.36969066102592
6.41315200797073
4.89508262749058
6.27364095415212
7.05096184565387
6.19749946666303
3.5821117374372
3.49419417748723
6.23654391685456
5.41841386046373
5.63503340341343
6.4150527276202
2.90244075005669
7.14307173123994
6.60615609342015
6.79776179993648
6.40328389606808
5.89027584158843
