8.84239803573781
11.9539099084768
11.0124161304519
12.6482576341476
10.611202779847
9.23950089434653
13.1614154156168
11.0778094932396
12.647280046792
10.5448029514566
10.5817314882204
9.50879215897907
11.7903390924567
8.15631448950001
7.61917340187092
8.0451670191137
8.42306887499313
12.4677644879273
8.49207502260622
8.23856520622493
9.35377870108121
10.857028865512
9.49059436483559
8.21282591922053
9.39976966955597
8.57023218987448
8.08097313033157
9.1701901352476
9.99031286470794
8.85138596479925
9.04445494511381
8.71540039864441
7.54270990340667
8.74987269292501
8.23538693705125
