8.53165979460314
8.43374520759261
7.96437710866704
7.33885662463997
8.45625245650133
6.99047755074847
7.48235289858277
19.1756509451372
7.55776023668459
8.02009618855578
7.45984564967404
8.04260343746451
7.55072808963021
8.11801077556633
8.25143121840505
7.80822472356554
8.17602388030324
5.1989408662898
4.9240389310154
4.86332580358316
4.4865421132748
3.83638696406702
3.98416870361332
3.48271532549062
2.98034191582914
16.6713887308009
3.92021214323123
4.37958667990545
3.85949901579897
3.50042957993562
4.0028029895971
4.4402998073377
4.63967718720288
4.21317065437538
3.6998069598008
