6.48722577291853
7.32414648567044
5.89255695211455
4.07055133296315
3.84903076351052
8.1837237674444
5.86466975335786
6.80715134419383
5.16939938697488
6.85383664077144
8.79989796505873
5.39816550999439
7.20494143139024
6.99443297345629
5.5994646742901
6.84102592176125
7.65213922339412
5.74720547976062
7.32305658888906
6.4171341815702
7.69433731149084
6.45634938398234
3.84175420202935
7.2803073818116
5.95443603074061
5.86774777369365
8.79127119546015
5.64718729346443
7.97704129834594
6.82616217604237
7.52906604666707
5.04505710681401
5.02849084345347
9.57912929384243
8.32327085293609
7.24906311198772
7.45700084857804
8.98811964239019
7.25289144375181
5.94159605513528
8.09012457294993
7.7555605142023
8.6924807840801
7.89088918643954
3.31473804307514
4.29600775652644
5.14116917432303
3.2761561626759
6.03110971072452
6.25397038886482
8.31151642827678
7.61036980576656
7.90891845241564
5.38896117689215
4.67781860361875
10.0033432024243
9.20820037703466
11.1560071370741
8.65480027037434
9.55076106547135
9.83929038723028
9.75562161655895
9.97398927520925
2.97960865892152
7.53737630679561
8.38470992366581
7.54809799430974
6.02329893180673
10.3842647929586
9.86139835589079
8.6491862685096
5.15287093690303
5.25110699587111
7.55904383491306
6.21275133315496
7.48671756044919
6.75839700079213
8.47060879200115
7.35883209773188
8.25508860339791
10.385888634998
9.03334112447511
8.64196806802646
9.15454960159841
9.10306497063132
9.46436956228687
5.76245931779423
5.55526372043921
5.99194459398433
5.76896094768588
4.58740091663343
5.97105688287314
7.50285502174392
6.93509597012898
4.79988087587835
5.31100474812683
3.10221713799054
5.86718143279887
4.50172612201223
3.48685325493336
8.48348051560544
5.15336424643236
3.22846562974733
4.08254805270033
4.40288176725245
4.70028693500825
5.83008902716726
5.46374275676723
4.66867519805189
9.57810836991772
3.21555213630831
6.77243873463389
6.04635397703279
7.94881558717711
5.06153500941964
8.20391076906571
6.92314315726558
9.68132520239526
9.17330350457076
7.50984809203502
8.47614400814649
9.54213169791309
7.33235737178376
10.5360737325232
9.24092901468806
9.0221504967205
9.68769363597695
10.5493281935832
5.92483652414931
10.9513636354152
8.21215872348677
9.39357512633273
8.1643245060548
5.91134653651148
7.0130635703194
6.01135640896087
6.31525025993928
5.96171863948777
4.53944636960047
7.26829274422393
10.1351342668434
11.7743210041822
8.95682173516434
6.80525958401642
4.23888361699838
5.26594593100505
8.01342118556959
10.6446340487303
4.47365234964005
6.94908573341976
5.57665300807932
5.07230066375198
6.87229074106987
8.14412722877323
9.56093826044583
5.311808545067
3.61073938677793
4.25895253555607
7.74588229508769
5.48150841653698
4.74473363650559
5.0868089014554
3.3921777202024
7.27385084895394
3.61707759551287
4.48895992339898
6.49711756227794
4.12986917253183
4.23057229821295
3.39363477098656
5.40498843571807
6.10695635116331
3.84372607383976
6.40438986783829
3.21508764445988
9.73914006438497
2.79864300248884
6.99415425507373
5.96568801819496
5.90016347555437
5.76073799387551
9.20601743753134
6.7066942414229
8.89779424520583
8.10838897445427
5.89619474779541
7.1588659168057
8.08577232192874
8.33446404024939
9.6137570123069
8.08469875857914
7.56856294312849
9.53488452083049
9.13731269119453
5.556475335404
10.1106073076641
8.58358281902164
9.31533951129873
6.92176282740066
4.41861406130523
6.62869947056629
7.34186763714871
6.16245313386044
5.33836782661923
5.7800622031036
9.46963460116225
9.54132921945569
10.933564676431
7.59158407201972
7.27594722948722
5.0880952665048
5.37701776233104
7.92156579098228
9.73310019864047
6.67499420657837
6.99651735931162
5.53814788547869
6.70765399711711
5.9908129952254
9.26512680221191
9.47315601171588
8.27125284605696
6.60267671738302
8.35840835997256
10.2260055231082
8.85682788636264
6.16918231230853
7.69185781164127
5.18965539296164
8.25903734639066
7.54099549655911
6.11342348616214
9.91638486083513
8.3272854125216
7.1281573167093
7.88416707842023
7.31066691316869
5.04345393012053
9.37298769327573
7.62605354907152
6.77568303378129
8.14545127883619
5.85902381338693
10.0168114043636
9.26653818995067
10.3095760364772
7.16483993916773
5.47186985736317
8.5188244625541
7.51215237320037
8.31589797626453
5.92828030029767
10.7925928893389
6.99506835911792
5.53598961598555
8.01166811802574
7.61628274898462
7.22578274092228
6.86242445384198
9.40816805481698
9.03180483352193
8.04617359959421
5.44380125481269
6.39694670382811
9.99952317517892
8.77552445495122
9.16515696808459
8.11001103267228
9.64356612122669
8.55191817597746
6.94246386289568
5.3114737888471
8.060795917291
8.90623714441458
10.7693256429196
8.21791981247329
2.94082676635547
3.66550760108446
5.28340063378201
8.09777456874542
3.28729144831368
5.99347714570777
3.99019150168142
3.49073287201463
10.4765840037209
6.34529272228308
7.75037897866506
7.26954568469844
5.80363545782194
7.11760112029652
10.526808895978
8.3976799693354
5.40837288423422
6.69015065028275
5.68270832929138
9.3319739221053
6.99450378617558
6.49474210128539
8.54593018001722
6.50659453346066
7.80544418052367
7.15301501349867
7.98795377698306
6.11639050583517
7.97215568107446
8.69899012478615
6.31653511675405
8.44625465170593
5.05473344218667
9.97523935316023
8.92258465946964
9.13292209253645
8.40564717884377
6.14915672117753
8.26247868355515
6.7423008543863
7.07509073658849
5.46913238327042
10.2554044375922
6.49924360039584
6.21327647979991
6.57262280924229
7.16480186385824
6.7536217057606
6.10161502576768
9.17087664367202
8.82308208658776
7.25684724504455
5.88044849524401
6.11350754420729
9.54804229005254
8.28247151862148
8.11001103267228
9.23638638244071
8.88275669315238
6.73122729691652
7.43368225882243
7.13216466790804
7.06585970502451
8.11691078986492
10.3178447577932
7.72946854447487
3.37925252675384
3.3864273345693
4.88418780268657
7.94326943081418
5.10798232737462
5.64952361522674
3.31290463786706
5.31142375107557
9.23577676404482
7.19094996887149
7.40642544818403
9.70859931935684
8.37081882647928
8.75725389190114
8.49996365915551
7.13078602240994
7.6977201192631
8.09070334356985
6.9577975020579
6.53299548243796
9.22179381229908
7.05343597169786
8.17939838459018
9.45806025107931
8.16108815757981
9.01494191697793
7.54855916775447
6.32252689491125
10.4945053446841
8.78298538660596
8.58432108542254
6.28529067736585
7.58149247192961
8.29076954041088
9.66538372187925
8.09311690237088
4.93307092929337
4.55882221581606
8.54105928390975
7.28505584456217
6.46090460149243
7.54068659842171
9.05560641309395
5.30157442431424
6.07851462560157
6.1515075165554
5.75612214751428
7.7683077505383
5.6165581735485
7.64575309164238
8.98417212296734
7.00841547576275
5.44122675634265
5.35918857999664
10.0394957065791
6.54375544507686
6.93338795821023
5.87824202279792
7.83795896381093
8.61743037457271
7.00797606149092
3.43938715825541
6.20063531582065
7.86847902058312
9.77427115271437
6.57746253763651
5.20896887545172
5.93364971018072
6.89580693190605
7.7122928063611
4.9212211826823
7.6274068800764
5.34119372209094
4.84881121104499
8.83764351297177
4.65179878747941
5.89021837719473
7.03320733553971
7.25172505312871
6.83253668946196
5.63371092731506
4.11156692522427
7.62688532079829
6.28870413221471
6.83740137202114
5.58974527002577
6.46812822866754
7.15034197972806
5.98187675533466
7.69041464933902
8.18724923886246
6.87736202590398
7.69043663901559
7.94211031026133
7.70276682481237
8.74629781317771
5.74174230525941
8.50439869109629
6.43962866883963
5.10567509117517
6.48768071806701
2.71445841403749
4.46008785432146
9.30846515315708
8.04746972298723
9.31926137088278
7.15609487319449
7.43735492021211
5.61578444290986
6.81478213828447
9.88947270450295
9.07193463929084
6.58620765499244
8.57435884055771
9.50556487187618
7.2741989719256
7.60608285492003
9.52052261680429
9.09791533765071
9.00366634686703
7.84358525605602
3.43858327658309
4.91975336101835
5.70907971556802
5.81890794146267
7.5642375373141
6.88419861917415
7.83848205946646
8.44897133871662
10.3193453415476
7.92800351397707
5.69279468811112
7.08108855353543
7.6889064017021
9.08075590786601
9.25230265126651
8.53013396793171
8.63398739222683
6.63522145714982
7.86419553807803
5.90815679520288
7.322953887057
7.67655108760154
8.50243790676953
7.98793943598258
7.07220792908386
4.63861430597887
7.26189465133215
8.04848016312592
7.74163399984498
6.96988380482422
5.66892547894099
7.12393968035262
4.75666944427188
7.52620334534413
7.2889923557635
6.18802778148388
7.63259713204445
6.20698434951665
6.18996414047465
8.64069075424306
7.28054020907244
7.84439675731132
8.83180529013526
6.99091003196886
3.08426397646343
7.74751655681494
5.59702807032309
3.73038166894181
9.12178069008096
6.7741042267244
10.9424184043506
7.82690763816479
9.26668753300801
6.32100670825139
9.31839861942021
8.95962416751271
9.10403608675409
8.45176789141562
10.6494172924494
10.0526120800237
8.61047864839175
4.92154651805854
11.1436796502721
9.85344628597974
10.0083302039579
9.2575866211296
5.20293741891819
4.12042397049263
3.11871680913411
3.93508047509413
7.11273618059491
6.29353408064796
7.02244859583709
9.7754586741166
10.9212804995739
8.50002503809992
6.58630557922993
7.71711528999715
8.74417760400382
9.9831372385739
10.9351133100615
7.7476073765835
9.89910671795779
8.25713238890091
6.55548193022715
5.64865939942748
8.03134432592796
8.9503079866808
9.13758377702992
7.9639563890186
8.82262941606499
8.09235644871961
7.59577236527439
9.15699415910328
8.35927410324633
8.37498469827933
8.02862982683422
7.52391941295402
8.5828603921168
8.4828445978976
9.22652031524294
9.7480058214547
7.71878672924846
9.14990378548661
8.99132950192271
9.96413036523363
10.4251988630279
8.12712551879981
6.82334203474978
7.69353034753222
6.19792745276465
8.37815213853017
6.76312540388683
6.64854387462206
6.97797698844224
10.1311712985126
6.77885500575549
4.31088511198172
6.39552916608044
8.18569638981988
5.89199841446885
7.74929696132974
6.56126352571112
5.31572616585438
7.67712175552322
6.36266594401599
6.732233881533
9.18477508889834
6.94589886607048
7.40257865325454
7.06214502304153
10.321546948986
6.25090243753597
7.05241358707171
7.57571479983423
7.6574600474963
9.35634483085682
8.42165222147369
4.527007573017
5.30799637638178
7.82759838948686
10.962244263382
7.01599590380877
5.14877394383162
4.61313069655539
6.75221253236997
7.77652703595218
6.24229041999904
6.09839378307179
3.2574513271952
5.83644367606366
7.10851142103414
5.51876734165035
4.87355802364574
6.00238270248801
5.3968214382081
4.79885608457174
6.99812799174138
6.89857267230902
6.90135638400454
6.37733735609007
5.42584182963781
8.59667627835879
4.27281340648508
4.0147652112055
7.64285291394
5.11893831683738
5.74730206670399
5.20663795769753
6.5257792732702
5.79969357839108
5.30138471997491
6.57678368042661
4.42433145635114
10.3335001482768
4.89439614394126
4.85184116484371
5.77627125309998
6.5182386802677
5.8918763101953
10.5748278134859
6.41042082320298
9.73883317178245
9.20182088206226
5.6988813966019
7.53190245101151
9.13979511526317
9.25416311534645
10.0410625638211
9.57797688317633
8.16292302702029
11.1489285450271
9.43619624283443
4.43626787477866
10.9516462342407
9.69481272695151
10.8483656174591
8.04255366495278
5.74898756609771
5.63963032626073
6.37697939780679
6.77205279467211
6.77838515709944
6.73415979607122
9.98683083740216
10.3823681460323
10.7292470835425
8.44249249070139
8.03393534451954
5.92394640376249
7.02166229244799
7.44423752912236
9.25577193678055
7.38215765323938
7.4049276829788
5.01654878070954
5.29610624022964
7.53538044715968
9.8676128494002
9.675495675269
6.63216073357734
6.27578964770808
6.09227538508207
6.75510071839761
8.35216022590103
6.40849485384771
6.55875905147314
5.24472089841529
7.26616505017095
5.15746193298445
2.5611776576135
9.08386943966025
5.3946790873916
4.29371451311199
5.73828386367255
5.07219171967819
4.46480123406572
6.75497227356692
5.63613656935555
5.87791900994315
10.1724684538095
5.27876024369437
5.20075038888216
6.51494347886239
7.8121066308633
5.63395212446302
9.36888373804775
6.17538885391927
10.5223641289719
9.7138200920699
7.32608268053083
8.39769965722592
10.5961544912475
7.92671745567557
10.4004753696495
10.2927068048116
9.6165105806123
10.6504974968552
10.3967308600967
4.35314817839758
11.7351771914301
9.37834754915162
10.5761243204381
8.83363445848054
7.1065078744394
6.02399442601384
5.02228726465533
6.21823355417953
6.7856526818932
5.97946370008068
8.36311175951135
11.1161218377909
11.5127780407319
9.35624926871964
8.27750840433531
5.77651043751997
6.80357275152664
8.28384722705596
10.9445474603111
5.87994015958134
8.03143950095562
5.83318553803984
4.24760798830211
7.76514581184621
9.30910019775528
10.2909711503551
5.32841124490425
4.58956004498867
5.1591791875765
8.01514829998743
4.47220856222767
5.47415020131689
4.04851954272825
4.06914790492861
5.97892854042075
4.89548882823756
4.39859781735944
7.90197166035056
6.79077527727065
7.19154171280523
4.97060896234354
7.59126933631605
5.12170101456497
6.65534366840117
5.98507911771879
3.35021889355973
9.11334382541333
2.97508218142193
8.77863386583452
7.17019000551138
6.44625001418439
7.20372204767544
9.86600534265221
7.88859480494235
7.90764451034018
9.93978891654435
5.60825122821569
8.87393122602092
6.97961418281086
8.87465244524159
10.7470886298288
9.23583261471865
6.43710501695855
10.2825785668612
10.439955086369
7.99408751296966
9.67869176991341
7.44482134827938
9.84162136158008
7.09181358049181
3.93731822157835
5.80773098824877
6.39986931402348
8.67789936994317
7.39670839424044
6.90396842193359
9.59803138807279
8.96965140701463
10.5016491386804
8.99474155111691
7.95993932929378
6.8288718041992
6.14746390949039
8.36345050945692
9.82005730134134
7.8802822366634
8.23323070392524
6.18459553828531
7.65447515048892
8.64030401746022
9.16376297364751
9.50295852790179
5.76227214825031
5.41688213385856
7.53954533413131
7.80089528849846
7.01714413723481
5.42602486111186
6.07616334556642
3.66427361091773
6.2184154072221
5.07097523108962
4.39004595406824
7.11006102814456
6.10955567758992
4.65759547685544
6.24930331068278
4.48115258285711
1.63969568566326
6.92386029090627
4.45561410088506
3.66502588099356
8.39155762926648
4.99032312284982
8.9102702397763
6.99103318929961
7.51347498248972
4.93896902571674
8.28800136196723
6.90157333404419
9.49406295994748
9.58578997971979
7.02610588981848
9.04167804494498
9.31619449238233
6.89691033787049
10.0620421225813
10.4311161540712
7.66281143499139
9.80159968167959
11.0884181902774
7.51783559954591
10.4278662560385
7.40621936600363
9.3153757371287
7.41475369796103
6.83949459063687
6.90222207462622
5.47718090746555
8.24461122173923
5.84378916961387
6.52694567143516
8.83795485611888
10.3300179614826
10.5233012719345
8.56416273317375
7.50740256672785
6.6165835756889
6.15018312186755
7.23015810127436
9.78001284705946
6.57236339388412
8.85521508547607
6.74896228202332
5.59541526263398
7.88771193463042
9.47215823695222
10.8184116416385
8.62047849005962
6.68725942786654
8.86850783291534
8.41047028437486
5.85405919612941
8.55744285833122
7.27551909279719
6.81456415076021
7.04213494536737
6.95563010296994
8.57440085207445
7.93960070142461
9.42039918389782
9.88985923346128
7.14508546693731
9.27733024363594
7.57035478978365
10.2243303301352
9.4176700800858
7.52105912272599
5.140162806558
6.99935581215563
7.99992732118323
9.29141711544927
7.60973715200335
6.58702913970823
5.57401558089769
9.42928657174784
5.0020128562897
4.44940156959124
5.29964737247654
9.34914479790997
4.77630445466453
6.71092949443863
5.24823238175256
6.47326398910436
5.59324617724943
6.30964845804943
6.83420866169563
9.89037603003589
4.74243248749934
6.21327634359569
5.57200046580061
10.3548017176988
5.11814280289977
5.80180377274527
6.59113012729494
8.63740583740311
8.74996366197702
8.2986516123202
5.90511106527309
5.2401946385414
5.63451129819634
10.2074675147955
7.32079469085483
5.49001471649053
5.31522805547406
5.99487491350521
6.99651767894736
6.10434635681565
6.1302344231378
5.40496512489007
6.12737363748889
7.97554575763841
5.30157442431424
4.8580299111877
9.19264124460654
8.1121091888543
9.68580605122404
6.66060931256292
6.03969226344189
8.34529678512197
8.06465404117394
5.63069170252146
6.70985620974944
8.70087275477009
8.20269276809603
8.33864567247716
9.94350899048742
9.58886445441863
8.89494643874925
8.97633546459328
7.04233788808933
10.7153255551678
8.95296179962331
7.76878122205547
3.39030183474607
7.57632089361505
9.49265979638947
10.2602738552207
7.95121495827071
5.4149830441944
5.27302080185504
8.02261715559277
6.26771488689275
5.90298912318325
5.54736947180602
8.72106703982279
5.3412049819829
6.40993471539598
5.89299960949449
5.55964750927902
5.87659736966207
6.23115151889956
6.31422407386529
8.90257838544098
6.00813451810239
4.46341537178375
4.27858116529028
9.44118523787342
6.12469672983303
6.59093872112202
6.258851391677
8.55383003691697
9.27307346856662
8.21507581183406
5.56350794041533
6.07818808048815
6.90021332879939
9.53516587592943
7.77975120170917
5.33083491879414
5.08752695450579
6.65138098944681
7.4093985273328
5.803351577773
7.09909116290922
5.92807493147967
5.81262015609534
9.42913331123042
3.92197197410753
5.94172515432214
7.06967816202425
9.20589598037785
9.62847518854283
9.77567345775731
10.2277990172509
8.6849695144135
8.66824064176906
7.78057796297309
9.12052381390012
6.41874368583679
7.43427409466089
10.1465241381609
7.46234308618648
6.56784774540442
8.63093156009601
6.32677249730729
6.04388736104853
8.80592382455928
7.45675421742789
6.20606520659972
6.34969837175242
7.83404720005273
9.92885563447908
7.80045693034735
8.87326016723265
7.39497921649351
6.59864642099825
9.36715484935891
7.88058102885795
5.98662949366696
3.50782832637189
10.4851362902214
9.20564357124255
3.95797165661478
8.48610041035337
8.88002357819834
5.36577335638308
8.84944229747565
7.89777985095709
7.98095113100519
9.49282455563347
7.55321206870511
7.84359765986738
8.97609144490634
9.9444884065332
9.6937568869874
8.65290480401464
9.81820544531556
8.4429966717226
8.33826038508532
6.70410140138346
9.47394263888718
9.56099776337329
11.5140977696541
10.0948900858384
2.61666063283384
4.49997468059051
3.85609439876738
7.41097654321167
3.02234387774438
5.72852957513847
4.16892277021526
1.72601670906107
9.78768012178473
6.64417076489638
8.26858695221156
5.0840111259747
7.87883788609256
9.62595578265149
9.32421661053907
8.75078620623015
8.6118465428103
7.23058556325567
7.31756900629423
9.63713977888637
4.94173087481602
8.01645101639192
9.72978105560126
6.52586796705969
7.80576047810766
7.36204775543882
7.82959137965835
7.15300115747377
8.31195066968416
7.92725084364992
4.72905239557895
5.92694180991338
6.26436002252581
9.94320469994152
7.96032107366061
8.05289923240885
8.46494539507607
7.92523731630807
9.94820118063529
6.5520392882254
5.76368714798445
2.95020641871768
10.6266095038834
7.72863076022179
5.48142311105617
7.75124550486643
9.10976147277011
4.17429926710047
8.77631932587245
8.08706728486488
9.07164367273067
7.96272977999476
7.2953571529189
8.17912881123806
9.70136616055661
8.21314763641875
7.49015164274654
8.91519280990721
9.93209062807212
8.12416096962447
9.47857818686079
8.69134654384094
8.05242758156794
8.03090298773457
11.6629595476425
9.83245724670508
3.29129196457693
3.53320795760425
4.27759353563276
7.48498549505265
5.00801091379393
5.59053333956939
3.07210566677341
3.0559479341384
9.6467843258777
7.71864344042538
8.24901327470814
9.11906971482279
9.01715931331128
9.43256669352457
9.12350416413808
8.45276491223063
10.2243145902208
8.86932686992772
9.42818762257202
8.03634199046908
7.51837462346838
9.10283061960052
8.04947733623626
8.94713525938229
9.7523983002762
9.05012128827079
8.891830189606
9.42989857470724
9.76032359276899
9.28140037606885
8.16098266230748
3.81059359657701
8.20358311421361
7.42020687363577
7.9747759206189
7.27899207373784
6.21517661296071
6.82607847706337
10.4171046814157
6.58825704048409
2.94718163347127
6.12974898848536
9.37000766609984
5.91833928574078
5.60179676793733
5.74204325705728
7.49993570528383
5.22111111576848
7.5617113542151
6.90815287271468
9.82283707494744
6.7940003546916
7.89697436804553
6.91024651166265
9.35100125964378
6.38595152808131
6.45776047539407
6.98106168815659
8.75060034215183
8.99637655159317
9.48897265259125
5.33489121937209
6.02938142220134
6.86924968105226
10.5397549215143
8.04678429079291
5.66465308888533
7.15488140727264
4.93361069019173
5.96987779517011
6.83910991735472
6.69521328042747
5.72395047513713
5.49541193569328
7.21648909291674
4.77143157796092
4.12622225995631
8.83998944830763
10.0674838811428
9.9256196298543
8.65767366338078
8.75356828510036
9.15137801450621
8.75375837426832
8.92283799325889
7.51304077770656
8.66841221654789
8.50072264294798
8.32003243267322
8.63780671643436
9.12767434867493
10.1334919259862
8.38485487593996
8.76031943238234
10.0308786892059
8.75809916330634
8.46178603517721
3.31754066024727
8.13235369985749
8.58070735891663
8.76410227516856
7.54954717017481
5.42585025841104
6.33302554073363
9.96632356975991
7.31141924866047
4.02011820918589
6.43055236135509
9.32852398025846
6.30255398591454
5.10874383160759
5.85345062310954
7.59815718954326
5.65775835619981
6.48877477850047
6.90815287271468
9.3297841386177
7.65188259280439
7.40392143171579
6.41719357533291
9.39248494548515
6.87900446441105
6.17868020887892
6.45776047539407
7.72322963373051
8.76603779096481
8.28766309749815
4.54556486482243
6.16087934201384
7.72713191916504
10.5397549215143
8.0337291660649
4.23961192172466
6.15317424591412
5.39712264769003
6.59253748305311
6.04978356280505
7.48453963497714
5.71089535040912
4.70608558114361
8.28942566863138
3.98210522341125
4.94154814882049
6.02262598926751
6.79929991774828
8.88282273145463
8.55906822881539
8.16116389201713
6.55507860420543
6.91136104053326
5.10671712503817
8.0298211489048
5.39700373972494
7.20553401272977
10.0999772077358
7.072758983429
7.30581579597763
6.57004219300141
7.58690397341316
6.03787388039348
8.33143534140871
7.18704074827584
5.00874687503698
6.15888066525059
5.35148872084819
9.90348339550022
8.38180832630545
9.20612309671335
8.51956128480547
6.88423582773013
9.1942205857408
6.37504493066031
6.80967527552202
3.21107515826673
10.1424384212094
7.19083821359824
5.88130884340481
8.16177894755836
8.02571963591572
5.28820534503707
7.459477700071
7.98060930641612
8.21572422957709
7.86553069645259
5.8474874557853
7.1186900446319
9.92097091351378
7.90953673193729
8.07867783584896
8.09173296057696
8.70693329606118
8.73362566886369
7.76483941821488
7.45808678857036
7.70018694107161
8.64660347048221
11.6650823115943
9.32780350243593
0.983959874691042
1.09626911616511
5.15304276647206
8.38861729756498
3.59623734315576
4.74188544302272
3.22901773815808
3.37565180814823
9.84787721168734
6.58941816169937
7.69140509881926
6.98939271225377
6.1727016267982
7.53344503068839
9.73718655888902
8.68080862298267
7.02434390938958
7.55712303790526
6.58372993605893
9.50683395992557
4.95592244725529
7.21380092221604
8.91669165096394
6.3981276516859
7.14143055226904
5.89757988477444
7.53597671292822
7.51488669141425
7.14814978463683
8.66405355929661
5.40568675570162
7.63589347627136
5.90227558531183
8.66557066279698
7.72435110559881
8.18495521129001
8.77640864979049
6.8114193426607
9.13864822327509
5.91281240444779
4.82400823947247
3.5979582418681
9.54315378801664
7.71048294456379
5.71692359969622
7.13764112117119
7.38495131688155
5.78771883265376
7.90055899254065
7.63873546832909
8.02109070943572
7.44752205101898
7.32450026680606
7.14048657242525
9.28020259447961
8.24002919324299
8.93087964691144
9.56874577159773
9.18752616523847
8.05899433712059
8.57274426461856
7.74518242998815
7.98819174769101
8.20850558829332
10.9773958551232
9.3594014827945
1.82069087906095
3.08193615221465
4.8766592434312
7.95308604413941
3.98731074163781
3.8650852782342
3.3021407097613
3.66274744956603
7.86221017563779
7.11547197895593
6.84897059248613
8.34245817080394
5.465617682066
6.48067813540544
5.59649663529968
4.87747012008007
5.82780021058
5.71328548020507
3.24685188162184
5.14279316449364
7.36746217533818
5.38080424491947
5.86708107854778
7.68537571949623
6.60883398795656
6.20208004984445
6.68697739365845
5.85911714165136
7.73595748815925
7.64573326566239
7.6212080352574
7.50228684036062
4.74671755564524
5.98476810343653
7.52807731799362
6.0986768292765
0.983959874691042
7.97138804989195
5.21436514196476
9.31053660722804
8.50112468431959
9.69372096812837
6.72743032459707
7.81112717766038
8.86534209467659
8.63898988959618
7.17472486537951
9.80341900769666
8.25875779422336
9.33946037141656
6.05197916589533
9.38428957177102
7.36234508423986
7.01937709625045
7.30853548436009
3.17075215860756
4.72903408624351
4.3636162601683
4.89473650437213
5.77575879985361
4.00823071059118
6.74983155200486
8.58098513381467
10.276368382468
6.19438390183782
4.32123209919432
7.03565766508392
8.2328020544428
8.92572598873419
9.6110970167953
7.61383204842199
9.14263259040237
7.51618156382131
7.82708677213568
5.78928661987436
5.75189393870056
7.99126234965384
7.49554115068491
4.83108146875582
5.81368670007542
6.85783462543169
4.67915886444334
5.25518409598887
4.86636846008604
4.54209489105634
5.59838667860286
7.06310439955043
5.38807176971322
5.74298024424336
6.70116520015348
6.61610151275031
5.56754383653428
6.6942449184522
6.31471065576059
7.61185665385483
8.13523179907411
7.42443024159694
8.79752984979512
3.89980053552622
5.03728861090227
6.82233730631318
5.97457599497209
2.57494246926176
8.09231367196508
6.50960815139925
8.87069399938914
8.14360260844772
9.38936319234062
7.29433304986435
7.54611612184305
9.34182750995388
7.63589602800264
8.33643583848876
9.49445728081247
7.79979977691159
10.1219315965697
7.34722217532983
8.67618554059359
8.62368307437186
8.20395816060481
8.53978056985498
3.01640304787037
3.91602208542699
4.85311479358002
4.322120389781
4.48051579041911
3.53812796693145
7.10898377954269
7.83461116033328
9.64000846023367
6.91074828267893
2.89780365798548
7.43043792594451
8.18130023203291
8.41905728176545
9.22008275532089
8.36516514766745
8.69949963522373
6.38851655620435
8.57841987138114
5.13808054556003
7.30897151396879
6.98169392293098
7.94309171979108
6.93757150406817
6.97986359064075
5.13106310650816
5.27585417025741
7.41659439369355
5.42004208303462
4.22405827656504
3.40730490607466
7.44815139518238
6.00827075948224
6.63682153239164
8.90568447410273
8.043872186643
6.86011713646377
6.79293540649809
5.67165166660434
9.2083338384971
7.10221162420646
6.18998215528749
5.33417874824208
5.18737882789041
7.37907278840823
8.43025637881581
6.1249542503003
3.89370384545433
8.28196242857067
6.63376898194653
8.65540438890648
8.58801007333894
8.81336327860588
6.85085215928995
6.09461242623551
8.99425686200909
9.23645346916967
7.18578813601681
8.48769133676052
8.56933217290207
9.27243154682897
7.13064683330223
9.01707614481801
5.89049099255968
7.28752279200591
7.04943470663496
2.51391660928791
3.56493776340541
3.08049137633108
5.98918548632761
7.93774846727059
6.83405910401815
6.46407639938541
6.97875653945825
9.81589886956134
7.59497579411828
5.39537497243559
8.04399124395899
7.18466691298496
10.2961346606124
10.4463804586985
8.8546110884276
10.1048881751243
8.31152664689051
8.76649932263983
6.9141129332132
5.68491030424832
7.47244624019023
