7.57993012036388
11.0754955405651
8.34506734305728
11.833778980331
7.83245296927513
7.20192349252233
7.91801800625851
8.60044191503648
8.29299903916748
10.9275971245793
8.22942984714197
8.64381830315534
11.54962177509
8.02052797921692
8.07077226043631
12.4018637005792
11.7210475059077
10.9526691325233
12.2616365711623
7.87417734292513
11.0743103046992
8.69289726578907
12.1688474588958
7.859064037121
7.99541578859915
11.7842592024742
8.35077437549278
8.49212262697861
8.5657159428237
7.65270203581108
7.79064899710198
10.8619106713837
12.2331831414176
11.9094640350678
7.84158151143684
12.2581436188935
9.16669809950427
11.3459421923388
8.91343433662339
10.5152609106786
12.4686903357277
11.796996803881
11.9694266330577
8.13920184798636
11.8903577547349
7.59122624113212
10.8136762701326
10.7482863540519
10.5824933647118
11.1242461289347
11.0135900028011
11.3860550506317
10.5943402359458
12.5660774840438
9.68279962362797
12.1513963312057
11.8913147639213
11.453499722651
10.6073503764555
7.82029917353123
11.1927268936582
10.8291362947599
7.64949601734421
11.9567829764674
8.39435270052927
11.7131725898075
6.42172899281818
10.6161313438211
11.3470151916831
11.9018215880713
7.74253108762878
10.2884975945816
9.25174851890002
7.36535966163976
7.98808746922209
7.62726148162252
11.8743511735872
8.55178612799228
10.3198702391275
11.6436440404098
9.66538360644624
11.8707325832952
9.12096913695526
11.4824360179138
8.52130911523404
12.3309805433713
7.90652951061237
6.86153756762709
8.01173532895094
12.2833790236372
11.2794605357488
11.4278934102483
11.1249639332863
8.18734385482347
8.73898231622978
8.77237548419559
8.68445896594451
7.93567410510616
8.57121080412035
9.70290349570961
8.85814178636586
9.2271124446866
7.80088926547966
8.97255706016979
8.62780281881866
7.96655433692588
8.89208946199955
9.21283549077035
11.8835153458203
5.11726450413969
9.30059903742196
9.35719836418266
9.29325734396429
9.44113598334032
12.0157532012735
11.9869040089186
11.32471969858
7.95640199107532
11.4922674069691
12.6379506284008
8.86941446123857
9.57189863856192
13.2496901559403
8.50711997432247
8.50618287886902
7.11870588969889
8.87159932478062
12.2075574760063
9.39212257965232
12.3516406452102
9.2924701758754
11.3264127786086
8.60911364144759
7.59587200337258
9.53610490719826
10.0246095497081
13.0690183034319
8.7488106294095
8.63920965650638
8.99620653134895
8.12915776660298
9.37692368437135
9.91021959872999
9.40352779775663
12.7374866793652
5.55826177948421
12.6343913129536
8.86553073816135
8.85614228897983
5.72644949997628
7.47397737626451
11.6356695566494
5.819188185707
12.1159051814029
8.43280691643571
7.95904745472518
5.48680202549733
7.47451075845414
9.20783176451515
8.63628485015311
6.29990327443524
9.43333177567999
5.63987013678769
9.11529642791432
8.82060588295446
6.0101728462094
6.21985878997663
8.33113123380225
8.81253693575196
4.31781011084993
9.43698896374721
8.6063214807149
12.9184174740632
9.89310023921811
8.80885252123375
6.10585089363305
6.66445768046454
6.43440949750126
10.6154851591216
5.061938162139
11.5299657944668
9.11293595425443
12.4853695867317
11.0897151232068
8.76317112751926
10.800078967782
7.9097293537874
5.99064491946837
5.10907949896286
8.66035955465183
11.4170625238806
8.23676314487047
9.52461848637621
6.28011648109162
8.42264397364208
10.2170213363929
8.18181529354195
8.08100232775001
5.09104572914362
8.17016450208925
8.21148305070344
10.8103077883868
12.8299563026637
11.5061305418897
11.178191688852
6.36680502211656
8.16687628321546
9.41682238290437
9.54555811393807
8.11460343371098
12.2346635772643
12.3297766851142
10.6002744240089
7.63591567902272
11.7856228705755
12.5733528953127
9.27612172935018
9.15756154529562
12.9892511784309
9.178028712223
8.51566162758292
6.6039421297605
8.45045468562883
12.185352249462
9.28525599530477
11.9373035519439
9.5952294935455
11.3827534287626
8.77765517967847
7.83048885830235
8.86959581957948
10.1452285538624
12.8992184201347
8.26107053478758
9.31735324629972
8.72358202834848
8.66414716342497
8.82391146574523
9.14473962487437
9.28805987340766
12.1298598942251
6.14506277912879
12.0843253920038
9.40913531337954
8.85255681291028
6.40434183365676
8.53698433935055
11.1897500749468
5.69575826697255
11.7695117343537
9.15715873921593
8.25377974731801
5.69469264518934
7.70392801286042
9.0239218073247
8.43029745970684
5.35659534123438
9.93591650967176
4.90652394885273
9.02745119116267
8.44431581986815
4.98656476365581
5.7068138203623
7.97739838994534
8.23130491818237
5.5964598959148
8.38181652823929
9.00947661222073
12.3196640996497
9.66711634109249
8.74478187057136
5.59732481461037
6.37734007027175
6.24795021440765
9.81266008396319
4.90351867099704
10.9414919233803
9.78668093145322
12.5007400893914
10.7803228915016
8.06964031673905
10.8060566313966
7.59419704499044
6.76413545883108
5.34757361505289
8.29040955923431
11.4696871675865
7.85443157472522
8.46994575726678
6.41977950131214
8.6389994045335
10.2968009656322
8.95120076318669
8.18271452245625
5.80638621501236
8.94543061958224
9.16046100723952
9.96873172072395
12.2104836069963
11.3320475490625
11.1331932985742
6.09034860274844
8.27603235911926
9.00314065313984
9.03228610287379
9.24462571420159
11.5526460139713
10.9108200563043
10.8676849529792
7.78702860283603
10.3075601531681
11.7596190644841
7.75444898941111
9.01625585012897
12.4531140789324
8.50530576165397
7.64198905512286
6.25307258415309
8.08043199444955
11.2794241704605
8.23397932511561
11.7465235565526
9.56245319718472
10.8683076649998
8.80473310596689
8.20420694205952
8.87981254839657
10.0516692738325
11.9574900969847
7.77589647121745
8.54613007299648
8.63674216713071
8.17958396222476
8.73062384311947
9.12615886613445
9.09763025948969
12.0110290846202
5.97030241378999
11.7651076458918
8.99973773258
8.93164927618446
6.71634232372659
6.7031834760236
11.2105462987426
6.37947557983807
11.6009350480869
8.59343306291433
8.03949366699148
5.74692783646269
6.21902224372486
8.87255581260511
7.97413375575332
5.69341517936686
9.55539978139052
5.13929232282027
7.86752024100639
7.44267135656102
5.18536257075682
5.9721802747331
7.54758414194743
8.24641039099338
4.88781181449857
8.67875164120031
8.70176103043381
12.0707992960557
9.35641218282221
9.11345886683758
5.90998519016503
6.44110016331955
6.56460960617931
9.95259893292328
4.38579985399972
11.2970897118565
8.95221863946794
11.7556229137756
10.9878467841301
8.03998015612302
10.0553078987573
6.80359931580771
6.35606978771664
5.05154553260916
7.60633495102101
10.6722914548559
7.16625740017284
8.95573189779165
5.72688474702012
8.27574305730091
10.1745726997387
7.89962953367121
7.66764418904486
5.67317805074305
8.18567799914073
8.52617608194126
10.218115514001
11.7851747290955
10.8495443166316
10.5290420878509
4.5229851860036
6.87248067476899
8.94152067556291
7.71399099488717
6.92832910153111
10.6042225320563
11.4518662944966
9.59916611720778
8.35104052263881
10.9399327128599
10.6533017241874
8.43929322749423
7.75214976547939
11.5108832319874
7.35813725720994
7.7993049666262
5.3799517194049
8.76973089944798
11.6330145008515
9.02620554833965
10.6679833540914
8.12193653095157
10.2465968661463
7.61955328959995
7.55643543010714
8.43307596294209
10.6372759442906
11.2671226759769
6.63570092333975
8.46377220880674
8.08454011022286
8.86670620481118
8.11130119372167
7.99285928995956
8.32646598273629
11.7464274237215
4.97460420554788
11.3365414707618
8.22199234914324
8.25331984916076
5.52125048157127
7.46448326474954
10.4217867069396
4.15489032052903
10.6456078887995
8.08977483440292
7.4796831441503
4.66286261419732
6.29035311735541
8.22377416598182
7.82193284510541
4.4807962372391
8.71190036479473
3.78132540361817
7.28849849511879
7.08022299841985
3.86643888511527
3.86510590838064
6.96100024884002
6.99308496597224
4.64104614043836
7.32492976838078
9.38607841766406
11.0134219949805
8.80761462909255
7.88505654897752
4.4110504824305
5.75818950890121
4.95613481530387
9.67348296050709
4.15780986224149
10.3346147450301
8.63907347363289
11.1711162242602
10.1548624939607
7.27013416384272
10.6152851643474
6.08140060806581
5.93188007985425
3.78201314810152
8.48450652463429
11.4143593110441
8.0485285401252
7.66982796807308
4.80461486636464
8.29684974453994
9.07729183035286
7.77926758925425
8.18556477007088
5.9250720396274
8.43354018760756
8.53937533559477
9.90122253848188
11.4647834700127
9.72548218786986
11.5688415215841
6.68485240883199
8.54026428915683
9.1210821142818
9.21234566009016
9.50885764423917
11.9587460351317
11.1512169450443
11.2395262080124
8.15886985786923
10.8877184485846
12.1502112593732
8.16054901057147
9.10421990152962
12.2874397129272
8.89258744330393
7.72767146170179
5.77125980074196
8.19994180005356
11.3223814315639
7.85723284539304
11.66693942499
10.0358251132773
11.0160510445955
8.98162820876377
8.55144514770656
8.99615789958106
10.4220968250374
12.367767689063
7.95528861146573
8.74500796972328
8.44534263907516
8.29752542336674
9.11592714282462
8.97080159870332
9.50968824805695
12.1273744358047
6.52112455938394
11.8830491070337
9.14009384253317
9.05115908178846
7.06514887383565
6.79314507977808
11.2783843862589
6.35852333826642
11.6747594552078
8.68282870719601
8.12655679089822
5.58035254296354
6.89408021340589
8.82218491487089
7.92219451355708
5.6312715274161
10.2582255564321
5.69011446841424
8.27362026216676
7.24155149555664
5.09765025192725
6.52300242032703
7.49118640537663
8.28936765209681
4.91598869799926
8.94298357123789
9.0756734293566
12.124923034027
9.38458906632292
9.11956113026678
6.23671712020261
6.7662637488951
6.82727319175486
10.3257471559332
4.71096343957527
11.7091477004238
9.15109653619474
12.4543370298447
11.356705990873
8.41312837913291
10.1231459862736
7.46258631591577
5.94772780227868
5.6869422982746
7.9787317355727
10.7401295423722
7.53865418472452
9.21996382782923
5.77365738804166
8.62454960740997
10.835768037418
8.30990712574951
8.03540868767461
6.02198460085212
8.25351608665702
8.56771963921648
10.5874483570928
12.1972327176627
10.8933437902412
12.0084901523647
6.54967522366792
8.85804191126441
8.88449516356035
9.86946588877963
9.43756414342785
12.4872055721598
11.9142022627009
11.4496945051243
7.97996703206229
11.4682042319449
12.7433158736915
8.75805223748436
9.21729740939132
12.8628942339648
8.98670700264495
7.8018392040061
6.68490144506075
8.73437055102049
11.4392743193437
8.62461677564417
11.947565115815
9.29515221340971
11.3582379133129
9.73893087132135
7.62402368629718
9.42171433093612
10.2402090904642
13.0610547372495
8.85579778408577
9.40212819841274
9.20898034512311
8.39164498270776
9.21368511957154
9.50089736561843
8.85042413982609
12.7204790501231
5.94644739100075
12.5763361552202
8.6599764158533
8.81457213106701
6.69918438702627
7.20340305652498
11.3761423630058
5.78384616988321
11.508689305704
8.52094049164841
7.44296332954272
6.03464925981397
7.09249651725199
9.08618517755012
7.95614659327303
5.66063635370396
9.30567414655593
5.61882096760291
8.97178181617884
7.93971304956872
6.00303393037291
6.45170891951571
7.70878159361608
8.50691886697582
4.55002421118989
9.26076119334546
8.82769497936639
12.3321791815925
9.52200824708542
9.48776761267461
6.18611455511004
6.71566118380254
6.54588332501698
10.5346084850684
5.17982824908228
11.5862878555874
9.81261537747875
12.7982018393517
11.5682879918132
8.81949318863992
10.071845120331
7.93145112542278
6.10586297599081
5.71630712456248
8.32963884374121
10.6888286764297
8.00751899423153
9.5377414499368
5.05264471826899
8.75757017557792
10.7540627367129
8.75980523000539
7.31821139782005
5.42597193107946
7.84789039583204
7.85768196857012
10.5068377645009
12.2670018473725
11.0107417683002
11.4742273221131
5.87474232370451
9.03973757907521
8.9700516023458
9.26143160141076
9.11320384825278
11.4626515551988
12.2581346345179
10.959549175952
8.28847773261109
11.8635685037265
12.2441102652167
8.97296315612854
9.29075352312847
12.6652419646709
9.04914140533139
8.85783281670049
6.54521919449837
8.19956459983864
12.5154190576121
9.38310662517019
12.364521950104
10.315735193351
11.1576671257483
8.78681596879649
8.19998464914433
8.77122400007793
10.2771105211782
12.5699757900387
8.68840355737736
9.03322673377242
8.46466296587903
8.28971918750989
9.12685461376236
9.09441433714582
9.67162168556773
11.8665882337072
7.14366319367058
11.7098974160887
9.25054021680603
8.55287695227495
5.65937983652086
8.70757046836965
11.8091375961368
6.69435868151434
12.3977444348175
9.24752109565022
8.93607361552833
4.33956581032019
8.14884349500419
9.1217724371901
8.50242649018394
6.12514757281289
10.4491611301806
5.96836348207656
8.75536146446551
8.16909638095331
5.0913772165436
6.45177581749819
8.3894242011965
8.51301079858774
5.56597180079338
9.15036875981779
9.2875953498594
12.8450756537752
9.90096182777099
8.84003289413199
6.37696228527322
7.05266847665336
7.12081151026742
10.5506558666538
4.80979145719358
11.4965164458104
9.185676882838
12.7192068511147
10.7412621588361
8.3444550730402
11.4530877133663
7.77780626287884
6.48000894630379
5.06496271689669
8.45268035045265
12.091688472571
8.02532256181077
9.17525887016326
6.95130696375357
8.21135679348831
10.533844795427
7.91295146440547
8.51278133060637
5.60834993692767
9.41467545485064
9.10879205136244
10.6212937743123
12.7252694602051
11.6087525828729
10.8532731360137
4.48561035592133
8.34969230855464
8.26424109528577
8.78734231442796
7.9479972203707
11.5855372852348
11.4531216917018
10.5686431728159
7.43490715382617
10.9842580253577
12.0452062457398
8.47297865043177
8.96575991594291
12.1425094917565
8.05744118555442
7.60371320497366
6.26666693751601
7.93781087829053
11.6287144929479
8.58249229494865
11.881593504555
9.32155747175992
10.4033965199017
8.43546031413743
7.31234618591211
8.52839859312455
9.38140807783697
12.4712542044299
8.31449670426266
8.1297566924143
7.88693903050573
6.84648272770426
8.4805701508905
8.70769722564935
8.60423095992321
11.8750758436088
4.87814396087803
11.3618804102792
7.9425144794544
7.92847077122652
4.76581436320937
6.74436067900846
11.2217894446279
4.7957202030971
11.5494153430233
7.57000281312421
7.68281795470434
4.81513633959174
6.93363364883473
7.95460701080872
7.3637739474787
5.5141615340986
9.42017787264176
5.54742948933443
8.73364693814332
7.86938492174056
4.54312886673501
5.85634602442791
7.46310304407781
8.12697930127731
3.42619168668287
8.55649453033259
7.61433252210599
12.0536206176973
9.39548218376627
7.99170380233783
4.48857406916109
5.50085075098628
5.10013771350889
9.79286910914241
3.89855043974259
10.9665182432489
8.30945656983501
12.0455677419108
10.2039119597236
7.81446562720909
10.4241349345306
7.29198924207798
5.27688642138037
4.74542616993579
7.44906273414485
11.0627356937353
7.04589683526613
8.7310896825698
5.32531094342057
7.15855739900555
10.1469460624167
7.40707778897392
7.12269309837033
4.28735278911289
7.73077607729189
7.62024672058439
10.2734019214437
11.7712341550398
10.6882248187085
11.868176617823
5.30645853350627
9.57780849238789
9.48507846602395
9.60819049201289
9.63377081823475
12.4739051791607
12.2775078038426
11.6026682722279
8.52763786636862
11.7744303345745
12.9285544233248
9.28358147055114
9.50142392191862
12.9289514967203
8.82205312237109
8.37128197153993
6.62216571498526
9.03464582044256
12.264692175093
9.21846997709369
12.3444050472489
10.0774187945332
11.0015605258774
9.22401705714874
8.16553953420383
9.64260172478139
10.5715160718767
13.3596220983559
9.06705429069724
9.01664280455499
9.06272547224135
8.15042134101895
9.62737845047515
9.30582285836934
9.75072552615369
12.8865316799117
6.01866849042462
12.6556548873696
8.5406784854301
8.90330356098247
5.68752053753631
7.66612407264644
11.6284339586881
5.7266388489922
12.2791704334203
8.10307580600331
8.21589094758344
5.09457091506494
7.89744475648141
9.32424219126688
8.65754842456908
6.13997508001931
10.17168119992
6.39430326805543
9.5546542603829
8.55726859529384
5.44560093601677
6.36412708351115
8.03060833419568
8.76985584279156
4.24733539420662
9.71493753739517
8.6900727353547
12.7883954244352
9.88586464125683
8.76617142827333
6.11184766702515
6.73212522807665
6.64755060800516
10.8934337327696
5.04429197099759
12.0005433426609
8.81770426456981
12.7444857007875
11.3660953523928
8.84849072662108
10.9916402246484
8.17674291426877
5.75262201986177
5.65479994865679
8.65960123908722
11.6086237807471
8.23600482930587
9.90687612430543
6.20476290674716
8.3440661269627
11.0316997346075
8.31108071746562
8.42663171168502
5.47330336707282
8.16292890412798
8.17991809961751
11.3815436636801
13.1048727906041
11.4732586228271
11.6746445957804
5.67758422814588
9.16266661547501
8.77504298792743
9.70724156658102
9.04937997123525
12.2957164798954
11.8718134669905
11.3948934902837
9.10711043836306
11.4026835074153
12.2815944378846
8.81862870452773
9.1068751430983
12.8603463532125
8.66600440880633
9.02638486709441
6.66454548314735
9.60622034003907
12.6520836426545
9.60663879730957
12.4297274888796
9.37973700554545
11.3813475906082
9.10202106618953
7.88487994965799
8.84686989178782
11.4779366280419
12.7076423965747
8.60964205659291
8.9439119181566
9.23358367989069
8.92168805378814
9.25121393686063
9.37930662572605
8.95270662160002
12.6848146880117
5.90874808821221
12.4735471079072
8.61131503087826
8.63476045514246
6.5172519859514
7.27155844726614
11.9238274937347
5.86637821089128
12.0091833156024
8.62526517649309
8.0509541777808
5.96263274743936
7.34939149562977
8.75790555618566
7.85335754596001
6.15247405165491
9.40001975497342
5.7948079407367
8.78689702987744
8.31592451098562
5.6426471494222
6.36431051060096
8.72209463324429
8.70940107476415
5.4772470163755
9.60351530444302
9.5423222205392
12.6665133244881
10.059016814336
9.12000392186385
5.44214308127212
6.70658405598471
6.38605578271472
11.4656788616024
5.35413699409007
11.8291639982562
9.58518639886793
12.3122398834815
11.723187834287
8.67711138221647
11.496920008085
7.35070676698437
6.69460573254267
5.44977199593764
9.06588818265378
12.1605505442749
8.6258106318056
9.4608572318252
5.29989950921455
9.44229749923713
10.7469059708253
8.51525943504357
8.2152914228374
6.11069925473866
9.22300077317264
9.00308980060102
10.9838148639852
12.5137768075281
11.4257442464548
11.1778871172553
5.27281060466737
8.3406691622322
9.15295335520799
8.21545084728275
8.35310732589435
11.1151096920258
11.4506680832994
10.7720857499028
8.78920784137869
11.2299197743437
11.339909080945
8.65961711977032
8.94103331735948
12.2839640854788
7.90939215068582
8.88636127182588
5.54706664433212
8.93532796652631
12.6291300057047
9.09836062359291
11.7840144426898
8.99793456898549
11.0805432859059
7.70736787213886
8.16657898288591
8.70603804984307
11.2559500318036
11.6766065522535
6.61766366585353
8.66348817019749
8.29124600114211
9.10320011386063
8.9218283070858
8.28958841506561
9.58828133569433
11.8357156905337
5.97639991776683
11.815821279235
9.09434898800785
8.6073741047245
6.30236563553343
7.41690497203162
11.1440446136254
5.58342992375282
11.9853365857757
8.76534701109454
8.41114847130099
4.92500667557498
7.4649225725684
8.64076612945441
7.82875349760051
5.16597763665501
9.33320085674124
4.33803099464417
7.7939019851676
7.81295399962703
3.7395655403523
4.550129710041
8.09862917184234
8.1290950248952
5.92339718787425
8.55687928909236
9.78824589472871
12.2550755237545
9.60815639492873
8.73856738138875
5.54254140514843
6.38579577949184
6.42395410659104
10.6795207990882
4.82218257546764
11.3146606705138
8.46015101761774
11.3407618458807
10.9338394609465
8.05154333989169
11.4749463168192
6.45295846146578
6.17132130912698
4.37687706622669
8.85499358278626
12.0728427448072
8.41901559827718
8.81349783241345
6.20632981996796
9.10261551253086
9.70125798649403
8.16902743602821
9.13151298359307
6.73083780761831
9.32765179281398
9.4936690298761
10.3541333860717
12.4384238288264
11.1264795578816
12.0174545967489
6.30977850710328
9.62590639835958
8.86937156076909
9.96466553814155
9.68186872420645
12.4413564969069
12.1777400979351
11.565585090205
8.49055468434566
11.8445433320053
12.5895585484534
8.78012205500584
9.208187994472
12.8868055585339
8.73538976787471
8.62196971602327
6.27282425961089
8.44655424688859
12.1718633612862
9.0403282814987
12.30099215729
9.80395772161106
11.6741739894119
9.58049210327738
7.97066473591539
8.96998826124685
11.0858931086741
13.0206262234845
8.9509974334477
9.37311785068365
9.32928720641222
8.34758708669399
9.75388310096231
8.9745432282531
9.47280912982184
12.3830722643664
6.29681457935959
12.5221141229821
8.78936161370528
8.43905628653257
6.52768218403414
7.64806086970762
11.7976637546508
6.00478493792718
12.3405443499394
8.65882505822336
8.18325965198804
5.24233327961979
7.94324289690609
9.37614867863518
8.18150163752541
6.188072985991
9.87148046617655
6.44240117402713
9.15782342626146
8.16043776117241
5.3253665078493
6.41222498948284
8.07870624016736
8.7512234477544
5.08749704070445
9.76303544336685
9.15167375176842
13.0418038407235
9.96417404974353
9.43878489180787
6.42655102587961
7.04682858693111
7.02635502403933
10.8569570186698
5.71690543453213
12.0387653637349
9.17417931069846
12.9559014887136
11.8804723891902
8.99176093065842
11.0374383650731
8.28443458677032
6.33914524895371
6.26491341219135
8.7837740526556
11.6544219211718
8.34369650180743
9.95497403027711
5.58082046923807
8.95417959049724
11.538178719007
8.45884308202045
8.00309638781581
5.85336864764409
8.43877522751596
8.35186749643935
11.2887148498733
13.0570045772355
11.6931778350459
