1.04607728713047
0.764260021057265
1.44667299983954
0.801535838412942
0
0.899398731973434
0
1.44667299983954
1.04607728713047
0.801535838412942
1.10695288690642
0.899398731973434
1.98243536817662
1.45049025200788
0.899398731973434
1.04607728713046
0.764260021057265
1.44667299983954
0.801535838412935
0
1.5780224032992
1.96048870251832
0
0.82695534324478
1.44667299983954
0
1.30381169685084
1.5780224032992
1.04607728713046
1.04607728713046
1.04607728713046
1.38397767765203
0.82695534324478
0
0.801535838412935
