16.318344490285
15.4586940274924
15.1958122020508
15.0067171703792
15.4870708517027
14.9332302974432
15.5101584896509
15.4742562532929
15.3812889855044
15.5951144353474
15.0975767256338
14.4552231952637
15.3125474312143
13.3098547448846
15.6765697311874
15.5819826832701
15.6225442108462
15.9308446043685
14.5305777343386
14.5904602814432
16.7528612947095
16.2100378703473
15.8196408963413
15.4452947709139
13.9142458296805
14.7061961884477
14.2653058905158
15.5582359661497
13.8209369255332
14.7731789132393
15.2775822194768
14.5295230234009
13.6075946187771
15.0288502893912
15.7861597287375
15.2775023877487
13.7386872125626
14.8511233711452
14.7698944172385
14.3670002000088
15.6602759854347
15.5792513709229
15.0759795911212
13.9357141639469
13.6755490345183
13.6446536690083
14.5591488245444
15.0722917972145
15.0981747973686
16.2925993147653
15.271072231776
15.9341818514568
13.9717454564247
15.1461021208896
14.8384240950234
14.3523600206265
14.4817313382119
14.4812698675142
13.324966133982
13.3683822146453
14.4314343667083
14.0517317634043
14.8390756798879
14.6020297701583
15.0894645299991
14.4765131598492
14.4544926011261
14.5612236709145
14.728269399807
15.366119587396
14.8248907554314
14.8327666065505
15.3014989439406
14.9143823509434
13.5220667283527
16.559575945038
14.8901643380207
14.4233753322985
14.8202858271636
13.5650189484468
14.632491995723
15.045828462981
15.1444188653472
14.2216408670296
14.5627155915523
14.0483389209967
13.2545621576062
14.6872320728429
13.2403338974117
14.7433358148421
13.8001924583265
13.109836100436
13.590808826892
14.4048566491352
14.9641268682101
13.8680559192605
15.0351139912798
14.5740030737383
14.207869161908
14.4272394579286
15.5287888397261
15.3421281427588
13.1583559381993
13.7080933735303
14.0642420748555
15.0378838801113
15.1247868265413
15.7355459254352
16.281568860414
14.0296600437492
16.0452496303954
15.532768532828
13.4329181648524
16.582004947274
16.0712953095115
13.5467855356088
13.4457979931269
16.5311597945417
15.3734599212608
15.1387980224666
15.7161589213547
14.7981091663525
15.7617019308713
12.4277618497903
14.9418425696777
14.969245569211
15.8015690014977
13.5455105008117
15.6429850771917
15.5555448742711
12.4041143339511
15.2824581601456
15.178594830443
16.6114141787224
15.8601762814743
15.7425103573881
16.5198638844508
16.1717982055861
16.3967243494427
16.4131933934208
16.0795322348051
15.8613161886411
16.327930517265
16.3702782606112
14.7768539212197
15.3523408284283
15.8597120042376
14.0846017923514
13.3811014189025
13.1007457201871
15.9696235862436
14.3922216245161
13.9882643406347
14.5165202140316
14.4740498564909
13.8721176788907
14.3835751119394
15.5763265250761
16.5328390656367
14.618972914795
13.2989988875482
14.7515122336458
14.9989780249558
14.7797096658628
13.599747547127
16.5435565236954
16.3291738781821
13.531940810733
15.7117474371575
13.5892427902752
14.0038557480135
13.8604644170995
14.0124862027011
15.1895228551769
14.4903669478893
13.2019668345155
15.626374591295
17.0756739765245
14.3748902535111
15.3022534545991
14.9224158049205
14.4530844850166
14.0865863384565
15.4834449181881
16.3997518922143
15.8422859793171
17.1565330852848
15.6746696335321
16.2807169780755
15.3839991588524
14.9965187825572
16.1817657681697
16.7837902392378
14.68094301612
12.5724427352917
16.005443479963
16.8040899002842
15.4158524504843
15.6491525735508
13.0609817747581
13.653154615913
13.7568875013974
15.0924924950624
15.4318112573333
15.6647147993514
15.9162166553314
13.9591590603314
15.5544576842778
14.9004890343339
13.1258937340604
16.3643312891694
15.9583589202697
13.4338491463671
13.3328616038851
16.2082429952831
15.6804843520528
15.4458224532586
15.2253669752371
14.7276081829347
15.2709099847537
12.6771679376354
14.5252707663172
14.8984144431271
15.4271024612952
13.2381559273536
15.1100878679162
14.9714391955829
12.3332832078673
14.791666214028
14.6456976211675
16.4560423836568
15.7472398922326
15.4195935581295
16.0642895144059
16.0588618163443
16.0313721443601
16.3426924100031
15.5466350255296
15.7483797993993
16.1819864645333
16.1089690574132
14.6794797577785
15.2394044391866
15.9142905593843
13.8462256620747
13.4937076654782
12.7933911467291
15.646706786985
14.4892656452912
14.0076553795132
14.2091656405735
14.3611134672492
13.5492008796321
14.4540760953571
15.1594172422472
16.7351262275658
14.5215987513538
13.2855002021627
14.2610504301942
15.0694790083736
14.2784314046881
13.6967915679021
16.3686823957271
16.0062570789235
13.2514594172983
15.3888306378989
13.3084312541745
14.1008997687887
13.5796528809987
13.9416550766173
15.4275688427876
14.103276732125
12.8790500352568
15.3455630551943
16.9001055815778
14.2619538642694
14.915504510366
15.1604617925312
14.2775160900699
13.9827475488827
15.2768535248445
16.4359437258112
15.9037749445512
16.6421984123246
15.7717136543072
16.0741255847319
15.4810431796276
14.7899273892136
16.2788097889448
16.8808342600129
14.6888119938329
12.7274843876913
15.8409573497773
16.5236085068495
15.6413950863017
16.0160273188699
13.0454195489576
13.653154615913
13.7413252755969
15.275929867722
15.7986860026524
15.6226095361935
16.1841946969728
14.3681390688083
15.7223328311368
15.0844119925343
13.5193115167368
16.5898739249868
16.1152532555719
14.010704301703
13.4897559391873
16.785098150619
16.0473590973719
15.8126971985776
15.393242122096
15.1365881914116
15.4387851316126
12.5828035021899
14.6924856278441
14.8563091799692
15.1853373143451
13.2646989647109
15.603608545375
15.1071883339774
12.2911779447094
14.8341016198519
15.1392182986263
16.4294993462994
15.97278252805
15.6606984197474
16.1969470851922
16.5102772306452
16.4247899270365
16.6457350103477
16.1655954440234
16.3252349547353
16.4075291003508
16.3983438382051
14.2625192482595
15.5229447066285
16.0977279320439
13.8462256620747
13.0847276570012
12.8199341840864
15.8457063854451
14.6461599805934
14.1910927521727
14.2357086779309
14.7700934757262
13.7482004780922
14.5012572692585
15.3269695832425
16.9765612318499
14.2329182375402
13.7629176536424
14.5021552918122
15.116660182275
14.8657728750811
13.8536859032043
16.3265771325692
16.4576724932244
13.8704198357921
15.5878602961634
13.0563455809997
14.2577941040909
13.344348925072
13.8995498134594
15.4696741059455
14.1674501486307
13.4559051905928
15.0934773820195
16.8580003184199
14.5235854684344
14.9793366553405
15.2025670556891
14.235410826912
13.9406422857248
15.4019631232135
16.8449237342882
16.2706496898703
17.1171565534681
15.9286079896094
16.1992351831009
15.5124977738947
14.9150369875826
16.3396221905274
16.9409523946172
14.5053746211733
12.4753987145166
15.7670673496862
17.1425689253433
