15.0402141753034
15.5720614500377
14.9901171172019
15.1291243192963
14.8372076457723
14.6715213870785
14.5856824214572
14.2004779082325
14.6525691639996
14.3163254935328
15.2454429126932
14.6508950509689
15.016833674332
14.8484649066593
14.2112102108773
14.5338327637225
14.9750665804887
14.6275170674154
15.7606572134355
15.4695632168153
14.4391114496455
14.6615741628204
14.3833165195641
15.0024976803147
14.4274604139353
15.0863596303768
15.2734386072685
14.8952964819947
15.5379171165789
14.5387263852266
14.618701686446
14.7545378678994
14.6078088165516
15.0872798602344
14.5698313640391
13.9745530759986
11.3462864785367
11.167681365017
10.7374721993737
11.0750937651469
12.1092758640116
11.4356841030892
9.75923889594327
7.66456660984752
9.23869798233551
9.21798830952351
9.5933679711756
9.69755663775973
9.11814949918256
9.64728319408073
9.29756254898167
10.3454001310499
7.31980766021869
10.5494136200983
9.59843843105592
10.0360416164165
9.74587159900484
9.53741323160093
9.65688270177941
10.1524708328933
9.02998918134143
9.31026679640214
9.54538852159519
9.37384518753881
9.15509217430903
9.72187740261278
8.53067979752743
7.7209835311148
10.2846980498775
9.338789308505
8.13078427946947
8.88086912687785
9.64434421121848
9.39770939421909
9.8401979757822
9.83091340105051
9.56522313509806
9.27782613741569
9.2393684098682
9.72640339215072
9.40709207186531
9.32967704567792
8.18972695146354
9.36101655418547
9.84826468329296
8.50654744575161
9.47982111883067
8.75502171965564
9.39163747754306
9.43674842862207
9.5844072342612
8.93640068219182
9.1282946862446
8.88254494398046
10.098853347881
9.72176437268081
9.17428251542498
9.60227914077132
9.47539076703048
10.0290747472546
10.2140495263909
9.57462397226514
9.35345219394225
9.78955569179151
9.37887650325115
8.41346133015591
9.62032224993385
10.4536489997076
9.45226420312977
8.81184850811904
9.79320932325629
9.59254677850915
8.90662556028665
8.57693782260631
9.10240599752714
9.17859443546479
9.55627716605897
9.9037736093501
8.81906059044115
8.872792428679
9.02765154199861
9.04901343437751
8.21955854316474
9.40527834017371
8.61869342099793
9.6077122826883
9.47895192012385
9.52620080809439
8.91449526102731
8.78139786939936
9.1503336311861
9.57532778249645
9.94800025545646
9.27135187269469
8.79524210465611
9.59584725571964
7.97021322921542
9.02701785868633
8.68596959973346
8.7631841501811
9.47319209095599
7.81634514815373
8.5080593537363
9.3957900455659
8.62474866669294
8.42146933947311
8.77326502830474
8.88136579853965
8.16816128802174
8.77762907153229
8.75809710605836
9.31147843850856
9.17420377295024
8.81135883341591
9.80757458602521
8.96812639109633
8.51235109661788
9.06087430501181
8.20274703196921
9.97579750116171
9.53579621527166
9.50821224170143
9.38184232519028
9.57176307304408
9.48901095135493
9.40808035970268
8.35615019268127
9.10900884918152
9.03742354116589
9.4389226462269
9.9345774265097
8.76298050516066
10.0287133596077
9.64995108253147
8.95803473165806
10.0440645348501
9.79032111394421
9.06801643918297
8.71462093258109
9.57156644121721
9.40133702106753
9.24106844653586
8.79126559817938
8.22789480385522
9.81248161334647
8.72074435243125
9.81472575772624
8.92201838631915
8.89705901503002
8.48541913869909
9.2976517265027
9.77345139213623
9.31599162226435
9.35973142012355
9.91973047115433
9.99753632640287
8.85813608724299
9.35415340925479
9.37637100742969
8.47397716768215
9.42750115459731
9.4195848672949
10.1546671235929
9.36329986972166
8.67473526061316
8.52946886271718
8.92572664232013
10.0929120375293
9.76629630979697
10.0900232684978
10.5849797570287
9.61805885902234
9.25015910488394
9.12699480255425
8.64528325912103
10.3387760947926
9.87213899446038
9.55799073361122
9.67439261626145
9.59640212078716
10.0487076050187
10.1554782062453
8.82825446719983
9.74392896536929
9.64458996502576
9.7797683248117
9.64297666785093
9.78554754465479
9.53073023033416
9.63589538978878
9.80552183492708
10.3685105960916
9.65175744355084
9.80412889002641
10.0647535993837
8.99948984324429
9.47056522944971
8.74449217795429
9.19777735729496
9.54513663201313
10.2473513975752
9.56718659380858
9.62072001183036
9.22808253542233
9.77514279594733
9.56040858338347
10.255446960849
10.1581145487258
9.04913201835502
9.34092447783136
9.40209026982753
10.2093012291131
8.68818028084452
8.82617056442194
8.85719592857177
9.495708738413
9.15326895741238
9.16267517497783
