14.5617481528313
13.0723464983967
15.5592660742197
13.6964051661138
14.7275739020116
12.5800275624627
15.1488667406875
12.3547496943779
13.1982972751785
12.5800275624627
12.9863091003363
13.5793918226474
14.7070825124328
12.3141408524296
14.3755043718774
15.0686112046413
12.0943019783154
12.2236341600606
11.59597000122
14.206982289611
15.4500349671707
11.6776042661793
14.0775742269805
12.7335735613639
12.4326660660696
14.6824521405662
10.7309991248989
12.7362119392108
13.253400662106
13.2397012781655
12.7600257116543
15.4078843197253
15.4559695309022
14.688047377275
12.6027233601601
15.4268384606224
15.2090203496561
12.3090192101037
13.5577787999411
15.7926525828071
15.601453942111
11.518600655419
13.284497032832
14.5264749105931
12.3499766771647
12.3280702326952
15.2293255201933
13.8777095780272
11.4654871448
13.6293889711989
12.3859624373965
11.847214368761
11.9183159526462
11.7717020502064
11.810273457171
13.4096038922516
12.1600724672042
14.7045572573645
11.6289511000806
11.0324629821141
12.6034977213831
12.7743864023799
14.7582119135433
12.079461056087
11.5957733237967
11.5367838061874
11.4322242776851
13.0266569381916
11.9789827438418
14.4897956908478
11.9391382156188
15.6897711591035
12.2251593304452
15.4490333835538
11.6058100606409
12.4310180789687
14.5303628307117
15.5887887529494
14.4503457087497
15.0118460345517
12.2984368857107
15.2198911500308
13.0458669920348
11.361339993861
13.6996755384794
13.4944410248681
14.1306465893186
12.9016016261993
12.1353534023823
12.1207984037049
12.4140118770142
12.1479593307931
12.0357518102186
12.3461823727922
11.8249228398087
14.0698234922686
11.5072252588038
12.114532844001
12.7403418724383
13.0977131214148
13.1036914750206
7.03455959079606
5.28746302083229
9.7777090067858
8.94259594617569
8.16819838394275
4.90173726840104
8.18481653626954
4.54728818688896
5.21587496423757
4.90173726840104
4.70533855415641
8.4172172330522
9.23717198817951
6.8877838910234
9.40472978680965
8.63249246555512
4.86459398681957
6.65309858476238
5.78563303822658
8.71989849540374
9.37982466043275
5.37820039223162
6.91305483354758
6.15485966079005
6.30169795682171
9.35491688956016
4.46241978407807
6.6851933277665
6.79843882417609
6.90563457934515
6.25196171799347
10.0978660889185
9.82541410573711
9.10398680110517
6.64465212127283
9.46795208194389
7.89272548419626
3.89401284258255
6.19145996326525
9.68036867473273
9.51056403174715
5.8746464038894
5.6836132351858
8.23175686718123
5.28788064650334
6.68991254379873
8.50310723727927
6.98736232584005
5.70349231032623
6.49565873167749
4.99528333222928
6.36903523305747
5.83240368370116
5.64998064877041
5.00447542563137
8.22745809887311
6.01512275105762
8.27076391911038
5.78283943361559
4.84598345022867
6.12235125176612
6.60030880238074
7.92574241261633
3.60579492564997
5.10384100853081
6.26685241324684
5.32029901487718
6.46040224525757
6.04027851862233
8.18419468615295
6.2506940166233
9.30906718708303
6.11135377335509
9.43930557705144
5.80528539084919
4.60869578203535
7.89283719890329
9.95559076208436
7.08890409806551
7.45537973462135
6.8238141761977
8.1200125688289
6.57548341796965
3.55902185999344
7.55839666246901
7.33194254645811
6.97082435946
6.08942493069092
4.74468776934361
3.88102523760691
4.21684733030482
5.73985698860635
5.02648035005069
5.09651868176213
4.67464943763214
9.31412588417163
4.71921242513551
4.34218288896439
7.04901195480676
4.76472551633441
10.0870581142071
8.83493819693282
8.08065972259732
4.80443697320969
7.66198092205654
4.3954605493452
4.91444173642213
4.91618963241174
4.44175825741061
8.87607205855919
8.87169138442017
6.30383052517067
8.98427938533743
8.50388432500974
4.88244283760076
6.06041819576325
5.52205274148079
9.11702835970507
9.04629971671486
5.2809000970403
6.75185974954258
5.91449886104262
6.86252993539121
8.8642257634463
4.95361589765209
6.52399824376151
6.63724374017109
6.48518417787292
6.02082198701638
9.88482082754906
9.45993350197776
9.0897892735023
6.23146623425535
9.31612444440013
7.30004509519712
4.3848008964783
5.77827407624775
9.45859639021687
9.27942430077005
6.4764398980172
6.2856145651412
8.69061169268824
4.89947662341515
6.35638760008082
8.12412581091355
6.63041991716938
6.09189515148114
5.90297834267837
5.3603679861331
6.23988652743651
5.6331123631537
6.26578242505276
5.59766256456155
8.3794424631096
5.42244236205849
8.00728173207973
5.67661414732346
5.36861991455403
5.59961374726822
6.51606851809063
8.52753590674413
4.16703496389776
5.19193058395362
6.28499734169756
5.92209250900494
6.33125353963659
5.62233032410273
7.93900493668433
5.83024361515108
9.18914073216563
5.88021404237799
8.91656807255355
5.19168974384989
3.99510013503605
8.51787274826312
9.96451462176474
7.64538059028172
6.93305280120694
6.94395013000454
8.07057014402595
7.15498260721634
3.50957943519049
7.50895423766606
7.28250012165515
6.97635173236991
6.00518464640083
4.75914013335432
3.26742959060761
3.98570759932771
5.74538436151629
5.17846471428714
4.9992183865708
4.82663380186862
9.44286819317608
5.17765919096421
4.36032781741511
6.9410025611476
4.91678507863257
9.9794542993597
8.83493819693282
7.97265032893814
4.65237741091153
7.81404048435469
4.28745115568604
4.80643234276295
4.80818023875257
4.28969869511246
8.76856811589781
9.02375094671834
6.45589008746883
9.13633894763561
8.39587493135056
4.88244283760076
6.21247775806141
5.36999317918261
9.01003175442365
8.89424015441669
5.12884053474212
6.59980018724441
5.76243929874445
6.75543405240813
9.01628532574445
4.84621123269237
6.37193868146335
6.48518417787292
6.63724374017109
5.8687624247182
9.77681143388989
9.61199306427592
9.0897892735023
6.07940667195719
9.20811505074097
7.45210465749528
4.27780429119686
5.62621451394959
9.35058699655769
9.12736473847187
6.36903523305747
6.17861795985979
8.58310775002685
5.05153618571333
6.20432803778264
8.27618537321172
6.47836035487121
5.98489854619973
6.05503790497653
5.25327210315002
6.08782696513836
5.48105280085554
6.1586865420697
5.49025789960181
8.3794424631096
5.57450192435667
7.85522216978157
5.5245545850253
5.26162330927261
5.75167330956639
6.51606851809063
8.42013124178439
4.0595310212364
5.19193058395362
6.28499734169756
5.81468784404522
6.17919397733843
5.7743898864009
7.83099554302515
5.98230317744924
9.03708116986746
5.72815448007981
9.06862763485171
5.34374930614806
4.14715969733422
8.41046808330337
9.96451462176474
7.52892947291417
7.0851123635051
6.94395013000454
7.96256075036678
7.03853148984879
3.40157004153131
7.40094484400689
7.17449072799597
6.86834233871073
6.00518464640083
4.65113073969515
3.41948915290577
3.83364803702953
5.63737496785711
5.17846471428714
4.84715882427264
4.82663380186862
9.44286819317608
5.07056330798113
4.36032781741511
