10.6439750100063
9.66122516617001
11.6672804441747
10.438237560491
12.3236861824385
9.05070763096067
10.3883712992025
11.0777157874848
11.8794035532733
11.008954665837
10.6176548999401
11.1978640636494
11.4848621100598
12.7976225293021
11.3154574812554
9.57647095534274
9.86729770106086
11.8800499438726
12.5854994202035
11.5025175826746
10.2670890394077
11.0195245467689
11.106156766349
10.1973530410923
11.6757695143744
11.2482451580173
9.87334827526864
9.15806882181204
12.5011627951555
12.6459969316867
10.8306540174672
10.0771720821612
9.24811124666246
10.3743984047682
12.1576589386283
11.8948784299502
11.2799127038686
10.9787203782699
9.9882123709892
11.2076909161115
10.6748186058969
11.7293662474513
13.0599436775019
10.6184920398579
11.837300854663
11.3050982747656
11.502478714164
11.5494374836159
10.0071373647308
10.522258060321
10.8636010239742
10.3032809736594
10.5220731296517
10.9709622148255
11.8961666672615
11.6840435581628
11.6252086292299
11.6660897977771
11.1936968404771
11.6589613377825
11.4060598039578
11.4321187352871
12.2063360659506
11.8941291089514
11.5128610969572
10.6291109722565
10.1894995916173
10.5686234293654
11.5948422220351
11.2305695951027
10.7419165787799
10.3489455899068
11.2986986131065
12.371539274108
12.5498399224778
12.4469150412274
11.1887185011312
12.5836623832066
12.8882939858562
11.7804180705706
11.1169419112027
11.6831393140652
11.6619636917192
10.7160363840268
11.2898388965834
9.70253483956078
11.9535683379102
11.4062447346271
11.7823858767045
10.6360780541986
10.4643481107564
11.0555958812045
11.4137801439873
11.9679141711406
11.4632216202244
10.9535507299624
12.7485935221617
8.57929840674099
8.94447731549948
8.97517842364847
6.70867111796518
9.13271831072208
8.02131048564132
7.94429510759676
8.86352594997763
8.76305531454985
8.06919549952674
8.42425665835806
8.79005119746023
8.19840647818664
9.02708550178927
8.63245805108804
9.01339178520571
7.27150813704658
8.29159750170101
9.23920861088789
9.17764316275841
8.99388625494957
8.17180631115332
8.31740344184232
8.33154880277986
7.65306876908772
8.0352456153133
8.73235420640086
7.3946086565188
8.65753145740774
9.29180463985739
8.35135332605577
7.36696815948596
7.79805371641189
8.30026271285918
8.86965456650637
8.51204880474063
8.80567266359765
7.76572083556592
8.28594149270734
8.22523436182836
8.3029394301744
8.78591689833493
8.57487393813331
7.66307372231844
8.85192072766506
7.68701865330118
8.28418744343813
9.075197443345
7.6367011553487
6.71832948795387
8.60487521190478
7.25452430912314
7.50953309713911
7.92076258394886
7.8862772227636
8.09840033186222
7.27846439202582
8.25313143152015
7.34707651906292
8.4203349419894
8.12369982474313
8.37725449149252
9.25913337533842
8.58345215922496
8.3448434895095
7.73020143102872
9.01616964114407
7.36399752699356
8.60534771358913
7.93296979643486
8.04376615021718
7.32890980769531
8.98752455981467
9.32916809276882
9.04701026623978
8.6971843746002
8.58058332441222
9.11704498367018
8.82703721745858
8.29075514696754
7.69305224023441
8.64043543288736
8.65413719640887
7.60323956760267
8.65140284087902
7.47397287615655
8.36792511160961
7.20383188222476
8.61436826925686
8.45193777443203
7.93266617013869
7.94279906478042
8.87005598691984
8.04971862666997
7.43688919169466
8.23727866918426
