11.3831547473123
11.0362084193248
10.372743901646
10.3735301614366
10.4251404631921
11.5143393521701
10.5939372322825
10.7376463377292
10.2684266922337
11.4880651912789
11.0877689923949
10.9827175304494
10.8126250218007
12.0738231972551
9.87894368416214
10.3198988410529
11.7719350454792
11.8577688975214
10.738129626789
10.372743901646
10.6288792486521
11.1401095517279
11.0532638524296
10.1770224766979
10.711372176838
10.3225918786711
10.3247001112121
10.2223732295135
11.9722360377643
11.0509795164407
11.9152626859516
10.4499671242888
10.0245130861354
9.83359293134658
11.4862321346975
11.7745415949954
12.1191739500706
11.2763639608939
11.5596901049857
10.402371832902
10.2449002206445
11.4247365287803
11.5979555412552
10.4953178771044
11.5897864716255
10.8579757746163
10.3942167923779
11.6421830331716
10.9062811512876
10.6419810227164
11.0815591721403
11.5288898498947
11.9024098546547
12.1001042974236
11.2271285741136
11.5181615579187
11.2631320262332
11.000785107787
11.8269381565415
11.1357567806156
11.7757444047193
11.5897864716255
11.4791863259669
10.0363601650252
10.7157249479503
11.8436377722449
10.7027063152512
11.1881533421617
11.3606899456613
10.6503097537051
10.4176461554145
11.4700872815959
11.8851417406539
9.93134024570826
10.6933761705317
11.5897864716255
11.664765155697
11.1293812597519
10.7349533001109
11.6718109644276
11.9402618257074
10.2757828470749
10.6716089539724
10.0589422875506
10.6192123924262
11.0067274458665
10.3700508640277
10.6680991706745
11.0904060278
10.9483885462408
11.376431152109
10.8126250218007
13.442025656069
6.40240495303227
6.47193984172684
5.27750453295183
5.50838766617871
5.71396149753336
5.76794833110694
5.75333478212842
3.94886349896926
5.90836420630097
7.13697468080351
6.01526867647118
5.99514018528609
4.17307078909545
4.28464688179451
6.22895622949466
6.13047380009304
6.64421035618994
5.42451878575561
7.40060433558717
5.2945818040663
5.99492402007797
6.80238149315454
6.52866427368987
5.30029173563434
5.66131939401712
5.07608444550814
5.74665893902774
5.88552668414334
5.00543161031857
4.68912050825303
5.00543161031857
5.36351457350595
6.00474893936844
5.64372128098565
5.1431511773818
5.99064309894983
4.86988183030351
5.37148251261941
6.69661282496726
4.57304732921771
5.36930375585499
6.13265255685744
7.28581259676611
5.94874952201495
5.10391403972019
5.10173528295577
4.29229304432057
5.67183913111986
6.8326792441875
5.3139849574111
7.05717479023585
7.04418689631223
6.5585681903495
5.57335670171824
6.45563053230741
5.54427589555643
6.41672881584557
6.08812498066154
6.5585681903495
5.50389057984247
5.55674092100615
5.44734358507152
5.50389057984246
5.47215609437569
6.19369663796464
5.78922301150613
7.01678947452186
6.07181567124212
6.34053232219371
6.4488643831222
7.12236113182496
6.71788750536646
5.59066655882757
6.63560861271759
5.50838766617871
5.10391403972019
5.44882718432365
5.30247049239876
5.34668239890547
5.08808778186299
4.39974509190822
4.8599298797981
4.5797231723184
4.91647687456904
4.17307078909545
6.03214636115879
6.33189388753673
5.99176104544483
4.91865563133345
5.52019988926187
4.31969046611093
4.17307078909545
