33.7217976437129
30.177146308642
33.0433542570108
33.4084987313815
30.3634180536907
35.2377305168612
29.5271984757556
29.9724346656585
30.0543358871351
29.1455480478251
29.2311906903611
30.9037188763575
31.4505598499565
30.8923989628724
29.8620273919787
30.4653844173203
29.6694468219302
29.6573836911685
29.7192731620511
29.7727899580381
33.7121928638585
29.5866903957321
34.0098259531725
29.17661261877
33.4273835541606
31.5107422769025
28.2992291917659
31.7268280678147
29.8678244446728
28.4979971422514
29.6640453039351
29.3919499030863
29.7735356531307
29.6717671280166
29.1903426815334
30.682236996154
29.7467161868702
27.9116937909107
28.5179145025593
28.2820512477005
29.1505785268527
29.6885282507425
30.3684209000677
29.9948297429021
30.0551219877363
29.4664315787254
29.3055881680888
29.7771117653053
29.1977770638602
29.0116775015543
29.9200001853121
29.4460101211556
29.6109452383713
29.2442710310263
30.1079213923349
28.9175971571186
30.9348771454438
29.9984927622973
29.5717410486325
29.6033643324348
31.0011633488858
29.905616748464
32.6215112764709
32.1708111921707
31.7637752802364
30.117102724913
28.9445183577563
30.255487638593
30.0312945577871
29.8614732666637
29.5022750859302
29.2706327425005
28.8033217345724
28.5827756390782
29.2834197063963
30.0917163107699
37.5284256677651
23.3747607389287
21.8638949736875
23.9250968251778
23.2224196624541
22.044876924915
23.0414342332221
20.6831224521267
21.8424189969599
21.9613892162809
20.7415236481632
20.8346148562237
21.2752143143136
21.8837055591443
21.6769417799227
22.1405123944758
21.3199757281615
20.4751581178934
18.8945066433699
20.3194733077562
20.8575896870883
21.8033412889932
19.8311007675713
21.7389285396763
19.809831437101
21.8441048807032
20.7021889417039
20.8153547395395
20.4630854467399
21.6462662792417
22.3565307835344
22.0310519739363
20.6433507938401
20.4528066107981
19.3115429347138
19.2249091289611
21.3929834395142
19.343585057058
20.4356537361606
20.5219983042937
20.7722524817203
22.7758231160481
21.7875065248428
22.2521705343705
21.22417520592
22.0998294578959
21.9877427428658
21.8303427465199
21.6875202337501
20.5416522720914
19.493408393355
19.1554541862243
20.385563523602
20.701986567348
20.6331488154449
19.9781408207925
20.5407681958593
20.8866846497515
19.621466561879
18.8014154353094
20.6298825636706
20.3197323462271
18.7384178948805
22.4031405131496
22.55700598226
22.9554390137253
20.3406618570015
20.722076137544
20.2910457258095
20.4879967318229
20.042500848701
21.0556702511103
21.0866051875344
20.7301961371907
20.8213787777313
20.6347434801519
19.7866617736169
