15.3339476202472
16.6544674170174
15.2743891938267
16.6544674170174
16.319514305415
14.7018681727362
15.7208793785307
15.7208793785307
16.1591783359581
15.6428449578803
14.264097395615
15.7722465776746
14.7574802730991
15.0727038864269
15.9325825471315
15.7235295139162
15.7722465776746
15.8838654833731
13.9488495784099
16.3284836352994
12.8551043943862
14.0412686582527
16.2675356587338
14.0795193863672
14.8948624473286
15.0641677466699
15.2110568276715
15.0825915411764
15.6713388133111
14.7092569193937
14.2198248422581
13.7856004139474
16.2172912610227
14.6949809361772
15.0915287950549
16.3901921666154
14.713841252734
16.0552390550131
13.3127720482928
16.4517869138907
16.0569552915658
15.9145490792538
15.8142571418028
14.0594888728012
15.0299340477796
14.102863405528
16.3766886489046
13.6211899153738
15.103916856456
16.4517869138907
14.8139522990269
15.0698672472933
16.0034552857799
14.3119993175773
15.2573733134683
16.2188185949754
13.9976887751968
14.807390884505
15.4177092829251
14.9677268539619
15.3642747128395
15.8949030855562
16.319514305415
16.0552390550131
14.3789795818272
14.7681571085606
14.8662674362789
14.3709783552197
15.3568038375213
6.74590989063871
7.86412942832364
6.93763081710687
7.93430268248764
7.63934256536589
6.88648830643558
7.14965064060403
6.99865011066782
8.2818645642598
6.93463216059535
6.33206367286192
7.87812381429448
6.89082041488782
6.17475726631105
7.63797072242005
8.01729506160427
7.80795056013048
7.46338081243611
6.17306829651906
6.63842042132317
4.89467979330506
5.60790549447287
7.81579126541516
6.52292079997779
7.56524627038007
6.14083401458824
5.50130017928844
7.09885443648631
7.1892868036277
6.08151996542516
5.81105577291479
6.08055241003121
7.27052645501244
4.9217528041321
4.44705173974789
7.43821543805957
7.45878344074411
7.07958060310752
4.39939071224583
6.5842915220483
7.98248506760925
6.60222746837991
5.70412385555657
6.01617266163915
5.65624365738135
4.91202594189024
7.70184777092787
4.80313146221116
7.86252419070944
7.0977384725338
6.67004634737027
6.17475726631105
7.03447468809425
6.38046899613997
7.26677413626948
7.30856869690266
5.47254541767144
6.86303338630415
6.7128598871013
6.30911913713597
5.81383005607675
8.14694180276119
8.04171147238538
7.59302755359302
6.2186867699946
7.13961233316215
6.74590989063871
7.86412942832364
6.93763081710687
7.93430268248764
7.63934256536589
6.88648830643558
7.14965064060403
6.99865011066782
8.2818645642598
6.71769489124743
6.17374447485129
7.87812381429448
6.6738831455399
6.25556893717077
7.63797072242005
8.01729506160427
7.80795056013048
7.46338081243611
5.95613102717115
6.63842042132317
4.39939071224583
5.11261641341365
7.81579126541516
6.34293409686779
7.39102146314267
5.93807738294994
5.28935781720229
7.17966610734604
7.27009847448742
5.86458269607725
5.31576669185556
6.08055241003121
7.28335963960021
5.41704188519132
4.94234082080712
7.47904634184756
7.53959511160384
7.12748279561068
4.89467979330506
6.63219371455146
7.98248506760925
6.60222746837991
5.91606621764272
5.52088358057992
5.65624365738135
4.41673686083101
7.70184777092787
4.30784238115193
7.89759319862483
7.14564066503696
6.73495240900323
6.239663327944
7.0993807497272
6.07019444612349
7.44099894350687
7.30856869690266
5.96783449873067
7.03725819354155
6.9156165187396
6.51187576877427
6.01658668771505
8.18201081067657
8.04171147238538
7.64092974609618
6.3986734731046
6.82933778314567
7.04943135799638
8.18088721778031
7.05385712448174
8.24606556468254
7.96668589973847
7.16629552965434
7.45317210796171
7.41328925087178
8.60920789863238
7.11521147978401
6.15961228931458
8.20546714866705
7.07139973407648
6.24143675163406
7.76837766750454
7.81654084162975
8.20546714866705
7.29115841686249
6.41065302446504
6.97075866295751
5.56349465160123
6.22885071323338
8.13254905487183
6.62274132008655
7.73546538811019
6.05430369032481
5.48952119844788
7.17129581768194
7.28449811335161
6.29652983188139
6.26842007583142
6.95755837699949
7.06500530369354
6.13663667228973
5.6413475912305
7.51065681925519
7.5188576994541
7.18397764327928
5.77168576027333
6.68868856222006
7.73924636144161
6.59140694372717
6.52675627098838
6.68498751993532
6.44773539608796
5.36939024480687
7.69102724627513
5.47194632050733
7.52775569888332
6.7981070317216
6.34188308215717
5.84659400109794
6.71207331875375
5.62194866510351
8.10650714229622
7.11357637280074
6.81735771257301
7.70276639233089
7.3243752755354
6.92063452557007
6.42534544451084
8.21362128808421
8.17211841746986
7.29339611278083
6.99378307427259
6.38109200212568
