13.2655801281488
12.8367020195612
13.7007502477943
11.9457386017329
13.2991716846539
13.2164190630266
12.0780257461323
12.6651308445653
12.9300575070851
13.2986605596473
12.9436592031317
12.3594132197591
13.8513292033953
14.0570751575945
12.4359860838939
12.6787031048064
12.4067137995519
12.5145107123465
13.0466979047947
12.4857840667652
13.3019860764449
12.1144188231269
11.746195948048
12.0347852301921
13.0862333503487
12.9034162463391
12.7159090435484
13.1136084364543
12.326408328919
13.2530825222188
13.4174905974551
12.8975853281606
13.344254424005
13.5456725024702
13.772629200939
14.0848529746627
11.7172178875091
12.3176671710927
13.3875101779797
11.7591920112662
13.4052951603054
12.624597393175
13.0438934710633
11.4367726289609
14.1107191715396
12.3165312943933
13.3546267566081
12.4216138332068
12.9433888209341
13.3910621407096
13.2548136891833
11.4662729883935
12.0587382958276
13.8268319010064
13.8100632147716
12.1449601193974
13.3879902380225
14.1710991484854
14.0848529746627
12.4851233074105
13.474440136683
13.6460113116788
12.6756705959845
12.5256567588008
12.4684791444823
12.2969079694864
12.3360468197886
12.0372219125444
12.1462878372676
13.0884029989321
13.6144864949804
17.6473735023945
18.0187479699704
19.1561718415723
18.3200180724686
17.4339430603047
18.6466816378532
18.6820156140214
18.2729473935178
19.6655202539646
19.7664136960694
18.8768193590349
17.7144515351692
18.9496588002436
18.2517671149612
18.0144846862709
17.9675679612758
17.918653268873
18.2251984999065
17.7350874071934
19.2866295863833
18.8253776406128
18.2530566453778
18.7207015205116
18.7587958822249
18.6018624075407
18.5314165841923
18.1795731586306
19.8818742528613
18.7946690326096
19.4208729845552
18.0296233876365
17.9529993361915
18.5013771455149
19.6212171354467
18.7425845344459
18.5777330384659
17.9138984651858
17.4188043589392
18.0773815928106
18.5610891251632
18.9451030586748
18.9072508896762
18.8769860982165
18.2387179318834
19.0573194223831
18.5318791104499
18.3368954849244
19.1553832744998
17.6192112876999
19.146406273894
19.0267639198168
18.1151958027823
18.4605985157601
18.7856456715248
18.5993391558683
18.7860785339973
18.1968424737153
19.5310073653965
18.8405513907765
19.3682521579824
18.4296685829459
18.1849988221456
19.1923737459267
19.0438861223169
18.7172183578881
18.97738444943
18.7870141991441
17.6862893204747
18.4361325342723
19.5552064884326
