15.0370198418025
17.0344260860609
15.9442097069551
17.7719321253937
16.9456980430317
15.9813065866715
15.8118667590717
16.6589761534922
13.9170494833143
14.8800773068661
16.2728666242688
15.2979129749099
16.1955110703015
13.067982466937
15.0690236166453
15.6366787565916
16.665328885127
14.4746063979826
15.0030407678466
15.0485161940113
18.2500529296354
15.726969188722
15.3488382037949
16.4327868358718
15.8130376822206
16.2667158238648
15.0995137824459
15.2925792533137
14.4281462651192
14.7724971439444
13.4324454127173
14.0667685123739
12.477937594339
16.3964321314817
14.9926129062468
15.9084501480386
15.4343051193011
15.3348304562809
16.0200460163403
13.9797634875888
14.8855823942452
13.8721941030694
14.2249632964996
15.8076133088874
14.235082590084
16.7051948153391
13.3573185452387
15.1166179454114
14.1655166707791
16.3271918227772
14.3924748211826
14.7227035705641
14.6113548665401
14.2753493217433
14.7767515309527
14.4345738175624
14.7993789353207
13.1015205645949
14.1187626885819
14.4700989184622
14.5711864491507
13.2393817376821
15.1746380688855
16.6389477020091
14.3810820175944
14.9551835391483
16.9484264033264
17.2345731587933
16.2762652926701
14.1147586572883
14.10706285952
15.5200566157416
14.8307913421199
14.5701411973202
13.8393642325109
14.8107306049087
16.9490768788519
15.1790481504091
14.375785299846
13.8329471744279
13.4297505567028
14.1406191595099
15.4746378804798
15.8135726192202
15.5641444542672
14.2985268438647
16.6448340525361
13.7547171887897
15.879182657297
14.5241156886049
15.0862829555873
16.810357513159
16.5968419645097
16.4710621936217
16.5223578822705
16.6382246560778
15.6361216368807
16.4375267257494
8.89842058183775
12.7082965152511
10.7349804004138
10.8014904009301
12.2833011223311
11.3534601597363
9.74825580803908
9.94878704285055
10.1204866471357
9.76393356171478
11.3183168861117
10.5064259054574
7.95376040876255
10.9556911405812
11.5305401566342
12.006847622502
9.52586215616188
9.13114142500893
9.91596576611097
8.0120876950941
13.7908196785145
11.9003559469671
11.4315735958477
9.54717517202229
11.5791363314513
12.1876927493172
10.2293870098724
10.3883989233962
9.64851338471149
11.2668415812407
9.91290857288897
12.1348192234514
10.1967149720819
12.4980492317931
11.8949240204625
10.556133824407
11.0118130047552
10.8554931645486
10.1540014352336
9.84524102833039
12.3002836765109
11.6222777223946
11.1121068468677
10.925187339049
9.41941083249579
11.4703904368214
9.02843204198924
8.45482684698207
9.05707382804533
10.9334381578722
9.18873501001725
11.6441626261885
10.600959923005
10.7762216724062
10.4529183901519
10.0358802679909
9.90586889236676
11.3297850693391
8.42021815600136
9.75452813564069
10.5310120979684
9.59245817857054
9.69800232478418
11.6222238126815
10.2429527461176
9.72238370439651
11.1904390965276
12.9446578668166
12.2389848829404
10.4221565801357
9.60987707652222
8.26935598032131
11.0664133711626
9.56021738919231
10.3490339623283
9.43537320587865
13.0809583038359
8.79657439204058
8.77285071523197
10.9580577851209
10.9340185498562
11.0002704623202
8.53140241115273
8.98913631433649
8.75531412971577
8.06405658421084
12.3155604471111
12.3433889282919
11.3833188852094
10.6160195713133
11.5452150682813
8.88309367321754
12.3015998465982
10.4709469017305
10.4852194670651
11.7376294400485
10.8600259126354
9.79517739819692
9.68833231085148
9.71903494130986
9.73290852961535
11.5709742572133
10.1842770124535
7.59105619127228
11.174988738815
10.7719682174521
11.600150953849
9.81679257056239
9.23588230183803
9.71212596199479
8.30977067952596
13.3335298517951
11.4936592783142
11.2437488793466
8.9320305082703
10.9673099769751
11.8655438563133
10.2717346599495
9.81548863611826
9.94619636914335
10.9446926882368
9.84661367292355
11.4902752314533
10.059683594976
12.3608493585963
11.5297766455241
11.0245802898693
10.673478293739
10.512921674016
9.81566672421742
10.0637760540401
11.6557396845129
11.6219196889143
10.7183242491437
10.5001150495849
9.59622563579633
11.125545756377
9.35960728752243
8.85260667310079
9.38541336338175
11.5073133342218
9.51860136212422
11.5297766455241
10.6539330511594
10.2229461078244
10.6839349822504
10.2732703426406
9.74983440277287
11.2325456088965
8.20360839505824
9.99191821029046
10.4570655069949
9.03849248370017
9.91568739597243
11.2738890930084
10.5728190982245
9.6186407419672
10.1686784604248
12.2141660079402
11.2275112539478
9.93054154793221
9.58085787793247
8.69959632286846
11.1927591814936
9.54047258701686
10.8400863451152
9.17440032141162
12.1205014114532
8.47145357244501
8.65983335638837
11.1652831349206
11.3692289021135
10.9030310018776
8.92918223727145
9.2706180553639
9.03679587074317
8.37000071997343
11.3040868181185
12.1498613809672
10.9953576177387
10.5419752182463
11.2436448410603
8.26588335728761
12.1758108528826
10.2024947380452
10.2908568571173
11.7670508528997
10.8209744973678
9.11571858348893
9.23748771805882
9.48794942258558
8.88143408612321
10.9906716713289
9.49880021603645
7.30502194080795
10.3169066271738
10.8954242981196
11.4743619601334
8.89332493161173
8.43382248434364
9.28342854156082
7.37955047054395
13.2851840606663
11.3678702845986
10.7703259588975
8.36364686265869
10.7404915940694
11.1800670598962
9.34688753428079
9.38077323397521
9.01597616016134
10.2592158918197
9.15688049053942
11.4814753511875
9.28602957327018
11.9090803244926
11.2598081619479
10.3205359141838
10.1710960571209
9.82249027509224
9.12099854577722
9.1965025603758
11.6469398042471
10.9689338501308
10.4587629746039
10.0844703914147
9.07159863001621
10.6331635284158
8.14593256639768
7.57232737139048
8.72942861326261
10.7160441717733
8.97134102391836
11.0090467676739
9.96217540959766
10.0439270960115
9.81413387674451
9.777755427174
9.64774405154989
10.9608439472654
8.07240595352178
9.49640329482382
10.1831998954888
9.20405345217218
9.4624044145609
10.5892209232251
10.0255587600187
8.83988422880493
10.2060011374321
12.1957163863471
11.2545469238449
9.68986200374097
8.97109256311486
7.63057146691395
10.4276288577553
8.92143287578494
9.71024944892098
8.79658869247129
12.5703247600231
8.46892917725786
7.89035123964039
10.6428200790155
10.6692255349282
10.6313293402464
7.64890293556114
8.34039784638188
8.10657566176116
7.78050351195608
11.3311224880156
11.7544200209914
10.7943499779089
10.3459025744726
10.7719937275653
7.93142105327127
12.1268559022282
10.488651202156
11.4320301171222
12.2592394485768
11.3063453006159
9.57626565630223
8.74159468696128
9.7450145601061
9.6079506892104
11.3553943498645
10.0831221504382
8.62511201447286
10.7440175990227
11.048714000132
11.5891842861845
9.5978808286677
7.84766136566322
9.49360225803412
8.20861581751065
13.3316125038541
11.2381892878928
11.0846139360273
7.9852928843801
10.7990540036563
11.6499639489644
10.0561547526007
9.79235697356489
10.351679794145
10.8928900575934
10.2520970979252
10.8478672654478
10.021997507014
12.1452694512475
11.2334706921238
10.8090003825205
10.3771723403388
10.0861873137402
9.9295150567115
9.63280491424784
11.0162755151192
11.4371148512464
10.2713083245454
10.9055984745865
9.57309397324296
11.0228722242753
9.32192119956045
8.95619036873582
9.34772727541977
11.3057509045744
9.49528427453171
11.2334706921238
10.5289752107545
10.3265298034595
10.3876290288502
10.2214677119973
9.8243060080944
11.1948595209345
8.27808000037977
10.3974016352921
10.5606492026299
9.17598832622268
10.0192710916075
11.1583047139978
10.5210164675811
9.64462036076343
9.32880263649749
12.4364817472457
11.4531588277992
10.3360249729338
9.65532948325401
7.75285869897826
10.9771792741448
9.56645220581309
10.8024002571533
8.05951044218816
12.020709751163
8.74819935512487
8.7343049617099
11.2688668305556
10.9382577623213
11.3085144268792
8.71360232992262
9.05503814801506
8.82121596339434
9.24759185392816
11.210570788986
11.7231270206913
10.776445875844
10.3230634763516
10.8169104807845
7.72809282143155
12.5760092526397
10.9378045525675
11.8811834675337
12.6923739262537
11.7554986510274
9.21328324241316
9.16006875289705
9.95885168536277
9.7275826262756
11.3427326111566
10.3317714161004
8.76608822754427
10.7625559530982
11.3903165462885
12.038337636596
9.42893427273043
8.11561158136581
9.49763484693128
8.03966926157339
13.7621415213873
11.6873426383043
11.2854614707524
7.96492378948945
11.2299985463799
11.8986132146267
10.1585274751775
9.74518494285837
10.1827332382077
11.1415393232557
10.4421934303291
11.547187882925
10.1716102388913
12.553737918532
11.2613390820145
10.6133249168919
10.7956464062745
10.6280485869581
10.4713763299294
9.93450545688258
11.793378382036
11.9634563238893
10.5018285008195
11.3240725405223
8.88406293923849
11.4413462902111
8.90802237421936
8.54229154339473
9.27000463293756
10.988963549365
8.9343041412622
11.4343182268489
10.5175327700179
10.4863559649338
9.6763448549839
9.67192107866625
9.74355981596654
10.9490205011098
8.18069155911281
9.84785500196106
10.4182008592682
9.43399767252763
9.57283423170491
11.5767787799335
10.0383780568494
9.40370068025675
10.3040326538702
13.0845728361197
12.4283888451718
10.4160947999224
9.26490255162695
7.2145536699464
10.9484776189198
9.20112632161564
10.2640952281214
8.47147336050725
12.6242179135306
8.81123172407411
8.46828423377362
11.1265162896728
10.9053808083136
11.0914585577667
8.29970350458154
8.95553997392264
8.72171778930191
9.37769534939431
12.1858008063586
12.1254574011913
10.9776123090801
10.1696940502578
11.2353845467202
8.27279022773
12.4351043858501
9.73655118554748
11.5367574228523
11.8599670648091
11.001572341278
8.91170414181936
9.56683597107465
8.93699528997524
8.67741964445364
10.8224322124983
9.43165117118872
8.25728789862504
10.1439712725928
10.5346592409407
11.0954750534896
9.06281031257627
8.8304552226855
8.89237492685256
6.96053283436499
13.5504449610028
11.2852690837323
11.0748901831933
8.76354410313287
10.7283014675689
11.5173256557651
9.17864807545019
8.95824585896665
8.92980258669746
9.92374516266509
9.19419777487494
11.4422903278105
8.63512446472981
12.2463389203615
11.2206231385709
10.3059259187214
10.1319110337439
9.95944765063781
9.26885269543888
9.02356720579476
11.7832456416677
11.0525727358789
10.0362355995953
10.3084844128142
8.29720266367644
10.7983669903247
7.37153660005788
7.41449226738902
8.04208929277672
10.9028788649851
8.21131405794803
10.9698617442969
9.75816096792809
9.96234284050904
9.42308026203625
9.09041610668812
8.87334808521011
10.309938838725
7.29800998718199
9.41022972135993
10.0253647914873
8.5531483436318
9.30456931055944
10.9111344597683
9.33821943953277
8.15254490831904
10.675688020406
12.45900120519
11.5628704826709
9.68099724986
8.19669659677507
7.60805112859855
10.2593893989246
8.23409355529906
9.0229101284351
8.8034955629137
12.4729057532327
7.75629552874769
7.11595527330061
10.5354296661915
10.4962901803472
10.6196064891259
7.4619557412462
8.17350525159742
7.91962846744622
8.78826625692626
11.6022037536291
11.8888889529317
10.9422041275706
10.1161406386208
10.7656475962398
8.25554116613753
12.3641876149012
10.3908715000638
10.4792965490445
11.9572237228818
11.0093512593863
9.10537639233885
9.22714552690876
9.47760723143551
8.87109189497313
10.9803294801789
9.49649400121456
7.29467974965787
10.414741895946
10.8931180832978
11.662738722152
8.88298274046166
8.646849922445
9.27308635041075
7.36920827939388
13.4719576611746
11.5562470466172
10.7680197440756
8.35330467150862
10.9512809117644
11.1777608450743
9.33654534313072
9.37846701915331
9.00563396901128
10.2569096769978
9.14653829938936
11.6128581614467
9.27568738212012
11.8987381333425
11.2575019471261
10.3101937230337
10.1607538659709
9.81214808394217
9.11065635462715
9.18616036922572
11.7783226145063
11.10031666039
10.5901457848631
10.0741282002647
9.16943389878838
10.6228213372657
8.1355903752476
7.56198518024041
8.71908642211255
10.7057019806232
8.96099883276828
11.006740552852
9.9761500485774
10.0416208811896
9.91196914551668
9.83637407977031
9.70636270414619
10.9585377324435
8.17024122229394
9.55502194742012
10.2810351642609
9.20174723735029
9.45206222341083
10.5788787320751
10.0152165688686
8.82954203765485
10.3543866889904
12.3529071523513
11.4029324754032
9.68755578891909
9.06892783188702
7.72347173963003
10.5099111663107
9.0192681445571
9.80808471769314
8.89442396124345
12.7587644519503
8.45858698610778
7.88000904849032
10.6405138641936
10.7345123616356
10.6290231254245
7.63856074441108
8.33005565523182
8.0962334706111
7.77016132080601
11.4795080395739
11.7440778298413
10.7840077867589
10.3355603833226
10.7616515364152
