6.896940015254
6.76756723116516
7.60040007400527
8.27946826010142
6.89725402375475
9.72781325730492
6.03395990530516
7.60008606550453
7.80275557622033
7.58423207511328
7.23505753017217
7.23537153867291
7.91760309295403
7.07105017176885
7.0713641802696
6.80635580622069
7.94135074518326
5.75902670082814
9.69236073873127
7.83636166886568
8.78483627516278
7.98388889107977
6.85931538450048
8.54623644619484
6.16754431604169
8.52369809190048
7.34335731725412
7.92989400758894
8.45917734865044
7.80304981748948
8.45333867938432
8.21501459091528
8.13304528155622
8.78483627516278
8.13304528155622
6.91678794839667
8.52369809190048
