8.82148804024828
9.36640767159829
6.8083235255379
5.64864695531363
8.49056018445385
5.55242775430684
5.68048534532139
8.99200306320451
6.32591629868484
5.71975480548821
9.25159617259241
5.5785774784685
9.09983625253329
6.40969946329727
5.40005985271901
9.1883365687028
9.03203357914161
8.70026858251517
5.92418177417027
5.01008870577956
6.17447675238746
6.4357992851516
8.21066878601719
6.10044964562488
5.66568343933662
6.7115802305643
5.28467667917405
8.09192977758718
8.36707057507842
9.44341655284718
6.41417820610018
7.01246951638276
9.49266306400295
8.06542703782282
5.95113082805787
9.57298761859708
8.87951725212084
8.05754550515127
8.15253861688151
7.23469296629622
8.56693624052365
8.0487415962554
8.51977085599247
7.97612719661973
5.72444073681845
5.12794040270553
9.11547378669051
6.49480155600843
6.08316635968441
9.30097384985318
3.99234491497678
9.54268139777693
5.84351316669699
9.67326534551201
4.8091858877025
6.5988271065272
9.45218065142309
5.76561276385354
4.65537789452787
5.55534567122975
5.53330066247931
4.74971048362973
6.94198002748986
5.3038537882129
5.38411236902562
5.86829929527232
5.81622244674407
9.04027202880983
5.20055480234118
5.4797636818235
6.50026239720982
6.68932785288104
9.36021530673733
6.98853399750365
5.6301974636531
9.01915694055127
8.99090308976012
8.68950366958326
8.13339935132554
9.75686475715328
6.27021407847232
9.47969900818794
9.07367057121952
5.46178932920561
6.37994678293681
6.48867412213159
5.94747411245606
6.18666608765965
7.64021905880655
6.49159203905451
6.68065749472572
5.58149539539141
4.65537789452787
8.61922668758089
9.44132343123888
5.19188444418587
6.18666608765965
5.66577417396466
4.51609729871349
5.9249876793409
5.40388265979314
6.16496654986483
6.18374817073674
6.02812350381883
5.72444073681845
5.46422955933421
5.88965036045527
7.81940439811181
6.28346272770955
4.70242107255886
3.58434250557681
6.14690164030867
3.25413039006032
2.02549613282507
7.81940439811181
4.24236847006756
4.96646837661412
8.10582065363437
6.50782829946968
7.76967510457806
7.24262819299732
4.71078705336283
7.16988936660572
9.4661168084551
5.95666742993768
5.28078420945386
3.70229169396648
3.59499368700422
3.01373421283232
7.54917559384749
3.4622247264891
4.03318729625618
3.70641002351498
3.70960127517798
6.45022074273984
8.362632820739
5.81222319290867
2.42435091398496
6.5313524372091
5.13951942164502
8.043846712134
3.95924209844802
7.18841563040617
5.72077889581692
5.22381563454382
6.60912699114987
6.38006602992089
6.09002749858738
5.45561532823848
4.87435585406658
7.63017866563348
0.924450701682368
6.2936487828549
5.56388170278487
3.38359363678509
3.7947580158976
4.48560485665405
3.72531034141937
6.27347143472416
1.96338590601309
6.77048880668309
3.12103221979458
2.95162398602034
5.69221196055226
2.00272754781319
5.60214464340639
1.04348482501307
3.8555904104532
2.86735233044595
0.988238080007207
6.08465874682497
4.01482183918289
3.44684766470601
3.89192865853791
6.08177579549029
4.61505620635199
6.2936487828549
5.24522144674605
3.53288346019224
5.51888482743234
5.18517559581774
3.71418299255161
6.10014430160423
6.48751674178253
5.37540795576579
9.04886145915881
6.7759195730987
4.71233736220169
9.04652079490205
9.97097149658446
3.26145004069141
2.41873990147599
5.95470645662137
7.70485354383853
0.924450701682368
7.12972803455717
3.74406089157412
2.03172290502031
4.33026287684176
6.00083166578793
8.24840204122602
6.67345770791237
3.57612100202127
7.45237938680725
5.98310109524233
4.12046301220884
2.51029015759765
6.34714415417862
2.71345488534818
1.57914513537683
7.45237938680725
3.65998556781732
4.40941311948842
7.55808158987169
5.34209410822146
7.25174051439368
6.07689400174911
3.54505286211461
6.90580389047505
8.93925765458365
5.35842391610762
4.22262814415146
3.56198389776486
3.14864268955596
2.56738321538406
7.1347261347854
3.01587372904085
3.45122923590617
2.47914325087978
2.5008278128088
6.43859614133916
8.7292704967448
5.26448412914598
3.01556308782231
5.50513005188232
5.55465849006178
7.52591212194962
3.4934967698519
6.67048104022179
6.13591796423367
5.54964858070296
6.80936950501982
6.7467037059267
6.29027001245733
5.82225300424428
5.24099353007239
7.99681634163929
2.17397210720055
6.11615659348117
6.97746944267272
3.97480581062245
4.19033414805891
5.95710517971546
2.90961245989553
6.76167571402549
2.33882461495045
7.23929875483655
2.87372952355503
3.3270626949577
6.18041623985359
3.38903677177809
4.78644676188256
2.91141373096703
3.40224799742935
2.41400991742209
2.91738180812776
5.84592219260669
3.43607922473943
2.96758087827404
3.42731009074996
6.26106872421701
4.40381860692736
6.11615659348117
5.6206601556834
3.9083221691296
5.30687088266858
5.09413876049207
3.13222493220159
5.88813035684048
6.3851477287994
4.77716444193572
8.66246345846658
6.40889456179414
4.24960661233987
8.68659573984308
9.61104644152549
1.63534940790154
2.02192086768854
5.35844592541333
6.53911935259032
2.33015425679513
6.66896733580772
5.61198979752809
3.89965181097428
5.64526088448465
5.24637814910865
8.40547632660856
7.6604904988226
4.39514824877205
8.09233262972128
6.50070176466192
4.193066730434
3.52026879154759
6.99703812037875
2.38570538979202
1.55931001918763
7.2351853063003
3.37394346979927
4.09804337634582
7.8403202321257
5.55067968003136
7.6252301310215
6.68040154613878
3.75363843392451
6.52998108013711
8.92674986231877
5.69116700842901
5.22341225072469
2.0317229050203
3.12880757336679
2.54754809919487
7.35500132675719
2.99603861285166
3.52383295413134
3.13930622879786
3.17511147690021
6.35145764688853
9.17765423903579
5.5467227714
3.3685090270795
5.99359610113283
5.6020483794055
7.50447976599767
3.09813401223082
7.0439706568496
5.78838588099762
5.14088499957295
6.60211614779897
6.3379401247967
6.02690945488911
6.27063674653527
5.68937727236337
7.58805276050929
1.55780321858216
5.97470585556669
6.41032280923806
3.83274927201779
4.36775858040691
5.36482309012787
2.07041082616694
6.49701221875625
1.67923914710144
6.99402959071517
1.4504634308484
2.66747722710869
5.52083077200457
2.74884563507694
4.36877364307332
2.25182826311802
2.56725104321078
1.57901296320354
3.05372884153315
6.09939342727199
3.84913111058289
3.22105211293933
3.30117147792014
5.98807176126187
4.65728984159266
6.36962782814647
4.96107468783438
3.64365867386036
5.42879589229321
4.41818915383229
2.80990667784698
6.0100553664651
6.41794191426323
4.71498556167734
8.88273865043837
7.04884780470817
4.70837659940546
9.32654898275712
9.78877433359832
2.72696024241365
2.41477913867976
5.08628145635306
7.14262689697998
2.06549076152589
6.88924252777952
4.95240432967908
3.63498831570505
5.50381014657017
4.72289088580642
8.56185858798394
7.94523441532525
4.64861948343734
8.28936267493405
6.54820887858912
3.90641305483067
3.66182428532532
6.61731772455721
2.97758172016221
1.30159237366511
7.82713732409284
3.96581980016946
4.68991970671602
7.40743347931157
6.06586125692281
7.2970660960376
6.33843579960925
4.26882001081596
6.96697892544253
9.44680858706879
5.25828025561488
5.37416227187913
3.43581240534093
2.87108992784426
2.28983045367237
7.09414067003472
2.73832096732914
3.237179278528
2.79213772331963
2.84907745075601
5.98319451159184
8.87390176852415
5.11383601858587
2.03172290502031
6.53539985303759
4.67493057216308
8.03346305443475
3.69756369012927
6.71580662186571
5.71841539717619
5.27949715494
6.61731772455721
6.45393047322866
6.09821823199472
5.99170512238745
5.41044564821555
7.67922226257742
0.962961467913921
5.91292610515258
6.02610705362608
2.06651492613801
3.99530495842006
4.94783020749525
3.32651152735991
5.70313797577485
1.70170749769434
6.18076101658591
2.85935381147583
2.68994557770159
5.58410385244416
2.39535555677784
5.16017760085953
1.89833818481892
3.52180774356623
2.53356966355897
2.30531679065428
5.18046635343691
2.99556880444538
2.52847021964363
3.44902502129712
5.94616873258853
3.73836276775756
5.45070075431138
4.9835430384273
2.80897970103228
4.82049765310954
4.86411806654574
3.38040032566463
5.40175712728144
5.82238094977813
5.13924613228419
8.62187799371591
7.24587784992094
4.91288430472415
9.51630956418968
9.51630956418968
2.38413469634697
2.61928684399845
5.67815778672326
6.80066115045046
0.854853359805816
6.62838187105705
4.59891425137998
2.42435091398496
5.15032006827108
5.26828570896764
7.75119919530474
7.09251483026617
3.43798208171727
7.0174516718301
5.90452698635536
3.45588984741869
1.8417586817224
6.99678138152358
1.97952076205989
2.02729636986338
6.09300097014768
2.49664712461857
3.6474562451985
6.68971540246971
4.23839907300973
6.39295416517439
4.83226137856406
2.0078249458379
5.93931900747308
7.61824595452316
5.31286303305174
3.55409666827621
3.53696348319288
3.18662406654418
2.60536459237227
6.30632758068695
2.58364121151045
2.33877605368132
1.45046343084841
1.04348482501307
5.70050117306609
9.41190416135617
4.39611794174402
3.83562254833274
5.90403140760596
5.71752522071595
6.20490042188913
2.50883879750446
5.81169469100249
5.83655934404664
5.3078315436319
6.53455603068237
6.50488666885564
6.01545653811988
6.50488666885564
5.92362719468374
7.75499930456824
2.49362618407956
5.85625372821133
6.62233687113063
4.33263992029167
5.26531090040009
5.60197260817336
2.80327989483632
6.8687684933246
2.68358932156407
7.34639153413565
2.95570400902098
3.25285503082909
5.8252836683115
3.65270493543417
4.76309468867504
3.25617843758065
3.58193390579768
2.99192335286872
3.70641002351498
6.04824467817806
4.10391168388272
3.16990336384541
3.54365873930406
5.8483324946342
4.60614109249873
6.31847907905254
5.35073678657494
4.29633985584219
5.4797142880811
5.31454707426222
2.44689299527145
6.060973762253
6.55799113421192
4.26937820803864
7.79498199688193
5.973966846817
4.07808398187515
8.25166802486594
8.71389337570715
2.10407893124123
2.00238173733856
4.19510748221456
5.29448672940526
3.12834180100608
5.50929192414364
5.34206642841963
4.28766949768687
5.38535801921481
5.40553240619259
8.59288820311232
8.17628395589031
4.59747073434341
6.72247827372217
6.56883059333244
3.61274334000542
1.04348482501306
7.45970167029741
2.80477842740372
1.90203760026221
6.26025292288097
3.66055170560502
4.34797794143932
6.87685107038305
5.16874747157348
5.91506024383493
4.17309083091576
2.76276185803209
7.02062320174222
8.06480273486611
5.31600461975512
2.75582281156687
4.44334544801032
3.33907035263542
2.75781087846352
5.72520269909795
2.13085803562986
1.07827684613078
1.63759909876175
1.37953333088119
5.11937629147709
9.67160414293799
4.58325360965735
4.51759756352662
6.69613406554864
5.73875263561813
6.43869127605624
2.97152288286108
5.33380076966304
6.78223746063123
6.13007183408752
7.45970167029741
7.32712695931127
6.94060217773491
6.86490160847006
6.28364213429816
8.57723959502387
3.2947933592899
6.78660212677507
7.72236266372123
4.44625436125547
5.50360724579969
6.75022104097929
3.62322622167683
7.04699763928686
3.47397874040144
7.52196662504385
3.92219892507141
4.32975201860274
6.92796351595616
4.42500735280804
5.45689229517644
4.04656785641802
4.41452827173577
3.55875499353447
4.32108166044742
6.05414237505939
4.10980938076405
3.17580106072673
4.7475025133262
7.01141682883006
4.61203878938005
6.32437677593386
6.35938052400099
4.44878614193343
5.54606474130706
5.27964004129687
3.21919541264533
6.12732421547896
6.62434158743788
5.19697049642443
7.381765350682
5.67899344870906
4.04145241769743
7.956694626758
7.956694626758
2.14230176119978
2.01182391229918
5.20375121964062
4.63531618175697
3.00308303140491
5.69122483310827
6.35071016584567
4.44011578377811
6.31570641777854
5.56500040328456
8.59358314104495
8.72270234247515
4.60336843122474
7.52051402917284
4.9773774159159
2.06651492613803
2.80477842740372
7.41426276346741
1.04348482501307
1.10960013390451
7.09540802395927
2.03172290502031
2.75582281156687
7.07874455890619
4.33026287684177
6.61752776888652
5.46726072416056
3.39764493536727
5.47439478787483
8.77619482360477
5.06363732943133
4.51711641395753
3.83616882064047
2.67909768808366
2.09783821391176
6.33475908691317
1.94736493670671
2.42400299920991
1.91538765044667
1.97952076205989
5.51404677154945
9.59132244486062
4.78514709818049
3.96581980016946
6.51553740943867
5.3014775029573
7.33179389891325
2.90660765950684
6.03626829471463
6.34496232797041
5.95303161524138
7.41426276346741
7.1465303032013
6.83905607055754
6.68786138962392
6.10660191545202
8.40019937617772
2.55515193011411
6.79332949518034
7.20285609922839
3.92674779676262
4.97513873476944
6.19844327762213
3.64916493157747
6.48355446410208
2.68154127404374
6.980571836061
3.26222626051966
3.66977935405099
6.36452034077139
3.75114776201925
5.48283100507709
3.25413039006032
3.9024599439144
2.91422186390715
3.66110899589567
6.06086974346466
3.94312963532774
3.20173977062738
4.25231732608597
6.67412763977022
4.61876615778532
6.33110414433913
5.96337681477669
3.78881347738167
5.29369745098327
5.10259982245073
1.540502196972
5.87495692515517
6.30439898569923
4.94460320610064
7.87147985103956
6.51414854978737
4.12192827410171
8.79184972783631
8.73688125483454
2.04452347040782
1.82833081337602
3.74406089157412
5.8564306005365
2.21064556504722
5.87798372838071
5.95470645662137
3.78014311922635
6.34164512767918
5.5909391131852
8.5168578802314
8.38393263023972
4.61009579963001
7.43598919780806
6.21101807664481
3.7254161682405
2.59308338647106
7.64730778960841
1.94736493670671
1.77991982117451
6.51153849612564
2.80313821490801
3.65970292326051
7.41515570415177
5.04206130470387
6.90646046870542
5.62533045539421
2.27991202952501
6.20884532829489
8.13357686549567
5.72761520235072
4.28952509034813
3.56729199019642
3.21695257354771
2.63569309937581
6.63623166444111
1.50571017585427
2.57970282630923
2.51887106331799
2.58364121151045
5.53727681333346
9.8240952004757
5.12155824342607
4.05631959637165
6.46545417807701
5.84877140879914
6.7215497366201
1.54050219697199
6.32520099453352
5.96780553212984
5.76465602038786
7.1850824387672
6.92090641576493
6.60987574585735
6.92090641576493
6.33964694159303
8.17101905147752
2.30833782975277
6.57290836669267
6.90499456911392
4.55333696833057
5.18323307119822
5.8267177229831
3.51993453331767
7.02140934956611
2.42741025963132
7.51842672152504
2.98603251602452
3.28318353783261
5.97792452455301
3.49701674760681
5.54705270541782
2.9999993756479
3.80263095383659
2.94685767563529
3.73673853051851
6.85190690987218
4.56093543702379
4.01350478857521
3.96004601713147
6.3266472177944
5.32279573098007
7.03513371753387
5.57678099855831
4.32666836284572
5.95767532390266
5.73056682117151
2.40741753919799
6.53893479807456
6.93657837842715
4.68413037733761
7.66986347112147
6.39250437279495
3.21804816240807
8.66128098715683
9.12350633799803
2.76236259737097
0.462225350841166
4.51547620146182
6.08755580623542
2.8809652523172
6.45132093235578
5.568110640403
4.3179980046904
6.10201265769614
6.16299177452061
9.25293298706028
8.47443242644191
5.31412537282475
8.38540320815514
6.74568807855075
4.54885077234822
3.87605283346179
6.70516752437097
2.6741860534448
1.91509406110184
7.46095250647272
3.66242413345204
4.3865240399986
8.10582065363437
5.83916034368414
7.88670777637324
7.03618558805299
4.04211909757728
6.70766401576451
9.111999565722
5.95666742993768
5.57919629263889
3.24006634312528
3.48459161528098
2.90333214110909
7.65728370195559
3.35182265476587
3.87961699604554
3.49509027071208
3.53711100909267
6.49102547258651
8.91706999701155
5.81222319290867
2.53245902209306
6.2285750980698
5.13951942164502
7.69865403308796
3.38661467588359
7.30544830220134
5.25855354497571
4.87862295549779
6.24294217352976
6.03487335087486
5.72384268096727
6.03487335087486
5.45361387670296
7.26016514022362
0
5.68622519191391
5.41496886483009
3.02947639405198
4.14658129501557
4.33669201869927
3.21021268584447
6.2758349333649
1.39075848344866
6.77285230532382
2.65880686895338
2.3789965634559
5.2323501083518
1.54050219697199
5.1700274796832
1.04348482501307
3.43782729943801
2.44958921943076
1.91268878168962
5.87821614188064
3.76341457103845
3.24040505976168
3.27613300748606
5.72010520522893
4.43611255620131
6.14845054275511
4.67259402418161
3.42248138846901
5.51888482743234
5.30220826761291
3.09838734149977
6.10014430160423
6.48751674178253
4.91318260492458
9.14107328459016
7.34191838314203
5.06416064131967
9.59900512647723
10.0612304773184
3.1022677851809
2.77056318059397
5.37476212000585
7.4984109388942
0.924450701682368
7.19152490297792
3.74406089157412
2.49394825586152
4.33026287684176
5.81246519720074
8.34084087564037
7.24142766822095
3.57612100202127
8.17883198420243
6.39484821395805
4.31833852707396
3.39471186316597
6.62428651715103
2.50237130685889
1.78375255761475
7.25438128252002
3.49060938686613
4.17751302680384
7.50760335774621
5.30206511210736
7.56582876101267
6.49909035647621
3.50502386600052
6.39310030750837
8.79112055036144
5.35845013404952
5.10704984971979
3.10872483963819
3.35325011179391
2.77199063762201
7.42254674299683
3.22048115127879
3.64910475077129
2.92760724401446
2.98666940909846
6.52836354809615
8.97677791453795
5.21400589702051
2.95200764933819
5.80373146152446
5.0266158639815
7.37777501772741
3.2291469338758
6.98456928684077
5.1456499873122
4.87270529681368
6.16206116630983
6.06976042203742
5.64296167374733
6.06976042203742
5.48850094786552
7.31987305775002
1.22590516006969
5.4576695469052
6.0747148590096
3.44902502129712
4.24180559793637
4.99643801287878
2.67311745426768
6.29812453949972
1.48598278636946
6.79514191145864
2.52746536546628
2.4742208663767
5.25463971448662
2.54342746163009
4.63293224810641
2.05857190238603
3.20731505416374
2.2190769741565
2.92777585906259
5.63560093242268
2.5375094109687
2.07041082616696
2.06651492613802
5.27080074729555
4.2075569111926
5.9198948977464
4.76781832710241
3.51770569138981
4.77175469358939
5.14784256818149
2.8678750962255
5.35301416776129
5.85003153972021
4.31496530903642
8.95028406667802
7.13534715918933
4.9328191378326
9.41304833723827
9.87527368807948
2.35850773530272
2.63922167710689
5.16575110681109
6.96131570731742
1.93953777905536
6.95678794401916
4.75914796894709
3.50903533323449
4.98677383790867
5.27536996562396
8.22039333873978
7.6033479864909
4.19888655303728
7.21345129110692
5.63629473793515
3.78191533540502
2.14230176119978
6.5841611321644
2.4599437536783
1.57914513537683
7.21345129110692
3.2848979634461
4.12006766064384
7.3230266955151
4.97818521171621
6.99593972599654
5.71298510524386
3.18114396560936
6.55576758075067
8.68345686618651
4.9773774159159
3.85463974775359
3.90033734898346
3.14864268955596
2.56738321538406
6.8860245543616
2.76236259737097
3.10154448399991
2.10405564650856
2.10407893124123
6.27943528164733
8.97409887582485
5.0294292347894
3.37237277635422
5.98107512556843
5.40292626028938
7.27011133355247
3.22622780205197
6.41468025182464
5.98418573446128
5.794476959783
7.04638648300561
6.99153208500674
6.52728699044312
6.06708138332433
5.48582190915243
8.24164472071933
2.521008311009
6.36098497256121
6.97746944267272
4.33161549915435
4.50385328214576
5.95710517971546
3.15444083897558
6.76167571402549
2.68886092467483
7.23929875483655
3.22076572736346
3.67709900468208
6.18041623985359
3.73907308150247
5.0312751409626
3.26145004069141
3.75228430715373
2.76404622714647
3.25573525934637
6.09075057168674
3.85253232125837
3.21240925735408
3.84376318726891
6.15296061610891
4.64864698600741
6.36098497256121
5.91511143891187
4.25835847885397
5.20743753746784
5.33896713957211
2.86495596440167
5.78869701163974
6.28571438359867
4.396117941744
8.41376187804278
6.16996646609381
3.9602611534953
8.44766764414275
9.37211834582516
1.04348482501306
1.75747816193846
4.9833583210421
6.17521045608507
2.68019056651951
6.42026575538393
5.90644108075656
4.24968812069866
5.89008926356469
5.49120652818868
8.64249330459435
7.68036918149184
4.6399766278521
