10.5718168210895
10.6750520395948
10.4030663983276
10.9328212884116
10.7696655813266
10.7696655813266
10.3612488916796
10.5944145590182
10.2256942987921
10.322428917751
10.5944145590182
11.0912046626266
10.2256942987921
10.6332345329468
10.7963902400318
10.0892632504124
10.0002444243575
10.4030663983276
10.4685906009487
10.0002444243575
10.6829161287776
10.947037680862
10.3795717748939
10.9328212884116
11.1757175905681
10.322428917751
10.4976799400593
10.6750520395948
10.8147131232461
10.6829161287776
10.7696655813266
10.7405762422159
10.7405762422159
10.7405762422159
10.6829161287776
10.9549017700448
10.0892632504124
11.1757175905681
10.947037680862
10.4030663983276
11.0912046626266
10.4976799400593
10.6829161287776
10.3612488916796
10.1634001314426
11.0125618834831
10.4030663983276
10.1366754727373
9.68059862009058
9.68059862009058
9.68059862009058
9.68059862009058
4.5031367409512
4.41257000298609
3.66818538031374
3.9767314120972
4.16662924073209
3.98320135892497
3.80217870844941
4.51631266541393
3.98320135892497
3.88472675891909
4.40378376535229
4.45670531930622
3.0867587027093
3.93236054111176
3.7923951070418
3.74951686056376
3.5476191026786
3.25659884355382
3.77417640980643
3.8071476058952
4.30004110292445
4.07694087836001
4.10324668847342
4.32329345711387
4.23588046042892
3.61551461725825
4.0899444180635
3.89351299655289
4.39722686956592
3.88772715562977
3.82006719571542
4.1829319078527
3.84671858196751
4.23559375573835
4.22394048151497
3.40359844670877
3.3175926333779
4.26291130156589
3.25659884355382
4.12960272624566
4.12107619468016
3.3462872059259
4.04051259970784
3.34076136251748
4.34555286399947
3.77417640980643
4.07694087836001
4.34647252456941
4.05100428140715
4.33862012526993
4.30488990136102
3.84784210769345
3.3462872059259
4.16877998442544
2.94902799283417
4.06418020586988
3.90925148120883
3.95165130580823
3.95165130580824
4.12322693837349
3.8304159148469
2.92917482575756
3.66185036288429
3.18870332897416
3.73667765329541
4.00025605569141
4.41088093085371
4.2557346597286
4.22609122520829
3.775655849987
4.17017123536257
3.50295142230769
4.47067882891704
4.32363017430826
3.3462872059259
4.07909162205335
4.58628542018273
2.88454144027557
3.69117789131167
3.3625898730465
3.3625898730465
3.3824430401231
3.66312694992536
3.88772715562978
3.82109600009342
3.77878259264488
4.25978455890802
3.535980513847
3.81979116630715
4.0899444180635
3.70703421877511
3.71793738034818
4.152948907672
4.67040943407031
3.5161273467704
4.15386856824196
4.19991711936193
4.5975994306398
4.43308115489749
3.84784210769345
3.57161482216505
4.4277592897953
2.66964632254097
4.21309304382466
4.1682307865787
4.10056414376302
4.10056414376302
4.38220624374335
3.95976258540115
3.20855649605076
3.58627178212273
3.41403094521331
3.75438095145902
4.12960272624566
4.53907218439019
4.27343795789221
4.48507053057816
4.00098346622615
4.31908407331735
3.72827903854683
4.65250264854979
4.34133347247187
3.62566887621909
4.3380709274232
4.60398871834634
3.16392311056877
3.69117789131167
3.58791748928564
3.64197154333969
3.1030613698299
3.8884545661645
4.01707382618402
3.87598625167028
4.05816426293808
4.38913122946227
3.2565988435538
4.04511878254629
4.21929108861775
3.96601352414497
3.84612863388465
4.30186174562678
4.79860068760678
3.74145496300955
4.30278140619674
3.89846172451449
4.33862012526993
4.38157472402961
3.90244535959424
3.0867587027093
4.16877998442544
3.1545024419967
4.06418020586988
3.90925148120883
3.79910874891557
3.95165130580824
4.12322693837349
3.9071007375155
3.18870332897416
3.71701065884538
3.18870332897416
3.80954124742011
4.07694087836001
4.4875657535223
4.3285982538533
4.22609122520829
3.5161273467704
4.17017123536257
3.24342291909109
4.60127537114442
4.39649376843296
3.60581570914249
3.94849507982597
4.65914901430743
3.14406994349216
3.74578114321245
3.1030613698299
3.6221183762631
3.58791748928564
3.66312694992536
3.96441197829837
3.87625629605451
4.03831109586147
4.33646938157661
3.74145496300955
3.81979116630715
4.16662924073209
3.70703421877511
3.79462220301676
4.152948907672
4.7470942567389
3.2565988435538
4.15386856824196
