10.2059196136302
9.74127519530739
8.93154818543309
10.8250056674797
8.47333977540706
8.97235471580588
7.70441929590557
9.44357472868111
9.14524830458251
7.51103965298242
9.99684686802046
9.93881613617009
7.92153211710155
9.62533548755975
9.93881613617009
0.734592840054113
0.495289081059248
2.77962574520732
1.12821116547634
2.28819971532576
1.67516793287093
3.46807856713744
1.10189139498993
1.1798788518117
3.55603181157399
2.40561205640122
0
2.38445835810582
1.81985976642952
