8.91618716065715
8.73306503750848
9.63872566331403
9.6909289537718
8.84994337329406
9.62333796030024
8.76678120677538
9.29050894636183
8.24176123079983
6.26722777152331
8.54852364693522
7.84126945558084
9.18363638251276
6.8301991449996
7.80932369165659
7.28197271355017
8.00378869997176
7.66229744891624
8.87473873848828
8.16968446278852
9.09444652603429
7.87286252459187
9.44981992152996
8.68756405834319
8.80386990749348
9.16018486206882
8.38069163789979
9.78868396833433
10.1820432894744
8.54383958246689
8.4238715908553
8.4949677974017
9.4799933248857
8.33951576398611
9.90105763787109
5.81992586209239
8.44212147869043
6.07806397971898
7.00866055999936
9.57567921890046
6.62700434253838
9.14865847816831
8.71052215258025
8.77009673292656
8.93283248951568
10.3921075153635
9.33870635012762
9.09641226583889
9.32846608848138
6.54970719735197
8.49723110160289
7.71136757439723
10.3640281207004
8.74088680480996
9.05710093449189
8.07956444661171
7.60611663777655
8.93635504938026
8.76975633324454
8.31850840367592
8.4219429171788
11.4330473770268
9.23047980606704
10.9237560722043
7.70018643038556
7.43229216853295
8.87342664076965
8.49832212239745
8.67553202497125
8.3162639547869
10.5692902714221
10.5861346201682
9.2331660285123
8.91532091462582
8.20566613692525
7.94613954949162
8.25436658608382
8.96915757783979
8.92459813994718
11.1325680314763
10.1897578692844
8.98376327553234
8.39095926211483
10.8531485823666
9.8203331314938
8.74702722619271
9.69223938878216
17.1744814101888
17.1051255992503
16.8776964655053
19.8128771265729
19.0285466915823
18.216529132886
18.5237216564011
19.0350628401828
19.8165611204987
20.8369728254051
18.5078043550908
20.7117029738916
17.8117622641408
19.2277584457157
18.354337754783
19.7603581475185
16.7224273480536
19.3605211484267
17.8139493215409
17.5249270152517
16.6795074838804
18.1499223464591
19.1663791797331
17.903768839979
18.5381784436344
19.0676320932041
19.7413195420001
19.8179356662913
21.6622364784145
18.4611074558844
18.5054259013284
19.9712597797984
20.3423650086356
19.8279864466765
17.6271558068795
18.9195140867867
20.6327760217082
21.3589104686863
17.7003494013736
19.6554434200545
17.5017863557002
18.0877675575602
20.015063415985
16.7962652975867
18.7355689665358
19.8080987949302
18.7407006452882
18.865847294411
20.4738312081551
18.6774429099992
18.9696494362951
17.5341634583908
18.6357245395459
19.1100227581821
17.5558210554684
20.4704791697558
19.2919094821242
20.6122829225487
16.2750430527567
16.498028677826
18.8055625050618
20.2669916263529
18.8823810106756
19.2050309196891
21.4965984810736
18.7989626769691
21.6103270505765
18.2630082166265
18.0640753016178
19.9441961139269
18.7699878076838
19.1160957669772
17.4850311738623
20.2282300336501
21.1375409451485
19.8556831626475
20.5618869591229
20.1432799610242
20.1026308743272
20.2281611767182
19.7319169093942
19.9847209842023
21.1611946798634
21.2654693683119
19.3706630624897
17.6069338273479
20.6086258041518
19.7637522046591
18.4471306117945
19.3399263551571
20.3825207153719
19.1845877695935
18.705268947268
18.6303385943885
18.5368758026781
19.6658384023716
20.7718915575413
18.9965441694728
20.5577328171389
17.7683057881931
19.7307654757916
17.7112868538129
19.4403961305181
17.2111671624357
19.6224741617128
18.0903589228341
17.2934577222326
16.4480381908613
18.2562944388727
19.2869760052941
18.0103857779663
18.2987240361434
19.1135402582938
19.7736759177164
19.665609786654
21.2827876868179
18.5636500793321
19.0821038027589
20.5463345197187
20.5154291330329
19.2946045764048
17.4335044447296
18.3545503025981
20.8679630539817
21.2712245199716
17.6969006397672
19.9555055808238
17.435060810721
18.0210420125811
20.7390390478599
16.9549294737001
19.148052049027
20.0505187302661
19.1192155316321
19.1010343266845
20.7453554128004
18.4361341030311
19.2316024495812
17.7506915939777
18.4996431836282
19.3898811210818
17.4559776654528
20.318730368834
19.6016738380854
20.7085993517915
17.0071084396557
17.230094064725
18.4949296820347
20.4149340468529
18.6429266031846
19.13830537471
21.8912509088149
19.0813265040479
21.8815042344979
18.623725551291
18.4247926362824
19.8970036468981
18.6768315435774
19.3780487802633
18.0102072255961
20.7534060853839
20.876629580054
20.1320927639408
20.1408234915604
20.3227530937362
20.2821040070392
20.4076343094303
19.9121221837158
20.2611305854956
21.4844497274615
21.5418789696052
19.7313803971543
17.7613717438489
20.7940541378235
19.9491805383309
18.0096694021626
19.5357792027573
19.5902353041421
18.4908949052126
17.8231045686423
17.8434894659012
18.4437195385717
19.4231365562551
20.478115742417
18.1143797908471
20.3407658179593
17.4983375940938
18.8568212897835
17.762994453172
19.3669335832748
16.3568349964232
19.0308952349753
17.5761391911652
16.900033157989
16.0547014527919
17.7564977822155
18.8284764508327
17.2753851829204
18.0005266572647
18.5299803068343
19.2520269797002
19.4245111020476
21.6622364784145
18.0676828916407
18.269218932463
19.735052810933
19.948940444392
19.2255799977252
16.9469236163796
18.6880447937676
20.2618388657759
21.7073680366585
17.3791688833385
19.3175406911541
17.180605837665
17.6943429933166
20.3691673882899
16.4343714455551
19.1008595819982
19.437161638998
18.4029902452429
18.4724227301673
20.1359284792546
18.7833887308292
18.5762248720514
17.8832528304488
18.2647873836136
18.9454438177811
17.1848838995361
20.1365785680727
18.9540067532237
20.8038265371564
16.1580280898063
16.3810137148756
18.4755202762311
19.8735670621092
18.3447292243059
18.8671281907886
21.1637103524201
19.148052049027
21.948229779477
17.9223963116116
17.7183983840022
19.5507715496832
18.1872026523621
18.7226712027335
17.1471284449618
19.8903273047497
20.781749415413
19.7053011461514
20.2407064410878
19.8220994429891
19.7316937183949
19.857224020786
19.6373893547552
19.8503247961852
21.6866181211682
21.1150873518158
19.0249861448741
17.1260907732701
20.1153092099677
19.2704356104751
17.9094788254247
19.3399263551571
