13.3805811740114
13.4229737786886
13.7086610401933
13.5265732081384
11.1186411484912
13.6528286207111
14.3959123829232
12.8063420148279
12.7284932038979
13.2713947104601
13.5951196035008
12.4125703696395
12.3120123042031
12.2408371529618
13.5069011364882
15.6172363096403
12.6498171372854
9.66463956963572
12.5410714901872
12.2158543395796
11.7238434986545
12.1611712325887
14.6555264573481
11.4439165146256
11.8913534324088
10.915122326129
11.4889869423961
12.4421646565959
12.7300260437617
11.3219369787127
11.652717386249
12.3600556914369
11.506488309581
12.3170738228388
12.5271718735268
12.1362978972854
14.3316647830728
12.1617968961969
11.9147265181483
13.1260131006875
14.3037941864913
13.458499330597
11.9401850244183
11.44685895616
12.2618153826146
13.5578552920324
12.3491807153642
12.2808533504948
10.9173242451348
11.0750880769385
11.9299062895373
13.5758719050404
12.6364968267304
13.2406685444814
11.2668557748044
11.3716837200319
12.4367245677188
13.1351607736251
13.4532674032032
10.903221722354
10.3097421982301
11.8278082237014
8.8879920587698
14.2907860356427
12.6237332390889
12.9426610746138
14.1692882269643
13.3767332651941
12.0358395733966
13.2928710207901
12.8120768628335
12.742809308495
11.6510148889045
12.9174184243746
11.4821682273029
12.5720720879761
12.0040213027692
11.6997948752602
11.6194450243535
12.0245713147105
12.1182048739262
7.82689316947517
14.3817853743991
12.9007764008713
11.4282082780183
13.2892196417472
13.0304134481632
11.390801604125
13.4463048270467
12.895974074768
13.3256322246898
11.5432264188938
10.8742731900026
11.9512408580261
11.8582641927003
11.673805939773
12.3699143559258
11.9670932414183
11.2014657751993
11.8711870023938
10.1168035736813
8.92318633952789
10.2296117274734
9.21996950385109
8.40886912878922
9.32455407105807
9.93377738571673
9.62088384503896
8.51821962974988
8.63629159903394
8.05218704599061
8.64143308026043
5.46195267337787
9.11040767706592
12.0246275868147
10.0891035847979
8.93522687685581
7.4640315521267
6.65998384065508
7.85551219782216
9.72485359142027
7.01432112648808
11.3363899721143
5.68862954917157
7.79856031107494
8.95749428051087
7.84779001268453
8.26951892623894
7.22355221959154
6.35066061331736
7.15282727273089
10.1348732549092
7.96271365244329
7.80213112352544
8.0466313378231
7.80961048718657
9.47164429730036
8.35575171836494
8.7303326656087
8.22225524848865
9.48932050030579
8.75307783026123
7.19268339359664
7.6676235266828
7.63911811884279
8.08170154178413
9.84470060291143
6.91376983606158
10.2168661387747
5.43877235223003
7.09691924356861
9.09466452361849
9.58271041481505
12.3757633507516
10.8741364948334
7.70562952548751
8.48455647941567
9.30083361099081
11.1952414844168
9.02182434547692
5.87938657360134
8.80849386050822
7.66811871404201
11.3235331071438
7.76952452758395
9.52946243364582
9.39634959404034
9.55752855433441
10.0378996484542
8.18886514473174
9.36610457003219
8.48790354655041
6.92139588615322
11.6074961439796
5.12650285659083
10.744981302234
8.49368708620574
7.91528301019375
6.59219919173195
9.28354835382874
8.922878157008
13.0565137749702
10.0686067755034
11.4625774001767
10.7462018083727
10.5720029691698
10.6580514341657
10.4877010568722
11.1678865862973
10.6502797397148
10.2749968994905
8.01088266787359
9.95705260697487
9.18546533963639
7.96160427349741
7.97814517154293
8.07436567608547
9.11011639276576
7.64509445378123
7.8508796646555
8.39513311287516
8.53962201140446
8.85389079491993
7.27363360787459
7.55143119004534
6.96732663700199
7.24727770594816
6.24593199789436
8.24431206938931
10.0932758970368
8.80046097023232
7.54694762838954
7.59701939448004
6.89496258603253
6.62564306790228
7.7935019016423
6.5658652899521
10.1951198543353
5.50012987901428
7.6758019071376
7.65624284340073
7.21429445614639
8.06386639899261
6.63658263327649
5.61492271543068
7.49360090165952
8.75181840105164
7.41466487132311
6.64152575931561
7.50343305667206
6.72964610148199
7.46793841810767
7.44497432152509
8.06915720324066
7.15111401071945
7.72711617552607
8.24419885556788
5.31565181481587
6.11924540027105
6.70412438135429
7.07885786114291
8.84762645169576
6.36101843369647
9.39791140801537
6.18165752221867
6.48873746707372
8.6176364658573
8.70978504011527
11.1085947727631
9.98884344386821
6.97145647134474
7.60220363277296
8.20158517607902
10.3099484334516
8.88853168893525
5.15652915473669
8.56739291409362
7.17592312347932
9.45156690779564
6.21729739173807
9.67286381708959
8.04183457260793
8.28495954378824
9.17780003719952
7.52620596246807
7.33913531282384
6.61892149832602
5.56780166590708
10.6853840822064
4.79248359289373
8.81362961245603
7.07166725980355
6.54750623024339
5.02513865744242
7.90446773655371
8.46107774295079
12.5266111041374
8.61709106197188
10.5013649946206
9.21451517763109
9.54708919755118
9.1271603271047
9.2505690603093
9.76076880561926
10.0706668225718
8.89591628221547
7.02535114333967
9.51516463638077
8.35356799721562
6.97384069567262
10.2800952944695
8.87919413490562
10.2356233880427
9.44249667357628
8.313704421019
9.83288017470767
10.4568487009396
9.59876139543735
8.45494786555066
8.57301983483473
7.9889152817914
9.16450439548333
5.37195545648011
9.04713591286672
12.2471547565399
10.404293675014
9.14453087873663
7.8442814611716
6.24368411723296
7.79224043362295
9.94738076114547
7.16961927091478
11.2731182079151
5.27232982574945
8.16784068445884
9.46582038416048
7.7599050328665
8.72726893653146
7.16028045539233
6.87896372646362
7.18577731010994
10.6431993585588
8.50601690752812
7.73885935932622
7.97402688396886
8.01059456222742
9.64968122966186
8.29247995416573
8.57004007865631
8.53744533870476
9.38155849874289
9.22706055072205
7.37072032595813
7.90560278335806
7.85668782978271
8.11109269807584
10.323684912998
6.84966076437318
10.1535943745755
6.04061864761238
7.6052453472182
9.4098546138346
9.50454944135981
12.3126082268564
10.8108647306342
8.02081961570362
8.42128471521646
9.232836137315
11.1319697202176
9.05121550176861
6.16518550752574
9.40948288464872
7.89064588376721
11.546060276869
8.26578327070182
9.72549513784503
9.90467569768995
9.78005572405961
9.97462788425499
8.78985416887224
9.54414150239369
8.74852965170288
7.38523175243911
12.1158222476292
5.27017535707219
10.9675084719592
8.95752295249164
8.12199888614925
7.10052529538155
9.50972292123686
9.46930319608487
13.4974878202721
10.2911339452286
11.9725956986683
10.9687289780979
11.0803290728194
10.8805786038909
10.9960271605218
11.6798600876299
11.2512687638553
10.5011714668986
8.23091618141306
10.5580416311154
9.15523392507134
8.18413144322261
9.03978877168559
8.17953294892692
9.4483135971212
8.52263502392464
7.08502636075102
8.66528040862399
9.52569483593412
8.87396285374822
7.33791804179938
7.6157156239701
7.03161107092678
8.23335053047782
6.1567321870517
8.18696724516952
11.03020195761
9.79339312117675
7.7157819015017
6.96235204290648
6.85883634366391
6.66801155251505
8.73042796221554
7.11247448767836
10.423775173108
5.16250586824549
7.39201201655827
8.53466651915495
6.53654987081438
7.85334441357802
6.31278155701527
6.29981256165242
6.67233213991015
9.7120454935533
7.86803502512709
7.09350442824511
7.2237751181958
6.15952682162769
8.58162207585714
7.37656923357106
7.77953111763796
7.58213984979604
8.85802229502388
7.58149208941606
6.35216428465361
6.23873326691849
5.90780350469065
8.11647079689513
9.17480812794387
6.20435556214108
9.24269154000199
5.42345492391934
6.50704466605334
9.10287701094964
8.65252146348189
11.4471476214981
9.95565029927104
7.1297086752433
7.52141034000592
8.40257610669697
10.2143630465996
9.22424133142054
5.42480910583845
8.94597586833252
7.06019116058022
10.3291074779391
7.23462118009901
9.08535705606278
8.97352183268443
8.8561009164107
9.62227094445487
8.50943333376714
8.44900743082587
7.34481222071051
6.60696184135142
10.894045449772
5.11469723471191
9.75055567302924
8.14818781484822
7.15976409354276
6.08678225758506
8.98898925471929
7.90510860587877
12.8378557571142
8.74764277127643
10.7366876239443
10.0488673284462
10.4462663570922
9.96071695423927
10.0648732955163
10.8292089125925
10.9708479287502
9.98043780038106
6.63219101621679
9.34840204364849
8.28987434448574
6.58068056854974
9.60711466648897
8.85071207164231
9.95858526061328
8.83100782390776
8.08198343647223
9.21340603276962
10.0774262150241
9.54514197646361
8.51821962974988
8.63629159903394
8.05218704599061
8.78508190956777
6.3536715826973
8.61536904325149
11.6354592194516
9.74353937347118
8.15849371600159
7.65612343528761
7.27037188966595
7.33862423327323
9.33568522405719
7.52401003368041
10.8284688721901
5.57404141424753
7.98136352595027
9.1122436302729
7.52090432036755
8.5245235362934
6.66749279574154
6.94938153135578
7.29082474404751
10.2896226046713
8.57666172040741
7.47398198948572
7.65998036810376
7.27685182495325
9.12608008597361
7.80497605278002
8.34496778679242
7.93645631456424
9.39904966315922
8.71199107186865
6.84711918226989
7.38182459275839
7.02643349260138
8.02193626438179
9.65161289483545
6.67036558320407
9.66609047318977
5.55859693380692
6.83194251190808
9.03782889177435
9.11511677728951
12.0114848435698
10.3233608292485
7.02158720596881
7.93378081383075
8.88899369608478
10.6444658188319
8.96205906807457
6.31931175986454
8.74152952574927
7.66544842242187
10.9345714272005
7.83143348824044
9.66745990496244
9.57963877622754
9.43367802752864
10.2516688757164
8.41489880125379
9.011068800457
8.14233933522366
7.14658875947156
11.3455956880161
4.91428001429537
10.3558129348709
8.71972074272779
7.72708998834614
6.65410815238843
8.76987958762105
8.95466733126955
13.1322005549673
9.29576839542204
11.3335073282132
10.3570334410096
10.7829522578706
10.2930237362225
10.698650345573
11.2258156879385
10.8763133962368
9.76132813328283
7.20495639680254
9.8494544064318
8.80014600797782
7.15344594913549
