15.8805950016074
15.9253634478993
14.8254122820328
16.4450547909392
14.6523341492722
14.9586413976692
16.5262852873708
16.2855089325638
17.1712717236436
15.3713559351667
14.7079348484691
14.1901841034318
15.6360299705429
14.0465028943618
14.4679334871679
15.3377481710785
14.647958524027
15.274448739595
15.8066875268437
14.69662918063
15.235463232149
15.2536641148788
14.3197225367458
15.5625700541256
14.6926761107097
15.6817637659581
17.0870941389828
16.7656312801828
15.668306348886
16.7923497450297
14.6914060004725
13.5120045161905
14.4867631832805
15.4074309076797
13.3237842652361
16.4353532329417
15.2544374027163
15.9823063540014
15.6093222436528
16.3609748461161
17.49711686354
16.5557851759457
14.8166480891202
15.0709710612044
13.9603681415361
15.2214089032484
15.5258042956237
13.5077202736346
15.0722949588029
16.1112744011987
15.4402109394968
17.3996018781642
14.9684688911941
15.8023436518439
14.8441033013075
14.9005548987088
15.2620694883321
15.936504328262
14.3239031467087
15.2528895781309
14.1063459371236
14.5837870541974
13.544586784466
13.5958504886734
16.3573537817275
16.7455877406151
15.6092852231807
14.6662977786714
14.1689100234017
14.190000491762
11.5701126864121
11.3041139180403
11.8406261903477
11.2431923227636
11.5674586996557
11.9771103798356
12.5217717596896
11.2764394074659
12.3046757806057
11.8129516797733
11.9740545377292
13.4163297488145
11.7452538822682
11.2773926695304
11.0397453047741
10.7408803972231
11.6656369206258
11.4324907902878
12.1741959270356
13.4336125559671
12.1284932634414
11.9998018635951
11.7017439046123
11.65787196662
11.9283854705555
12.4277373918068
11.6319272010935
11.8540745959494
12.8245455882556
12.4854840794945
13.876364874485
12.7915517974256
13.2350959801343
12.9204812717586
12.7010073862883
10.5929527583305
11.1638727239041
10.4237013490008
10.7966854593494
12.0366397534213
11.9711727098332
11.8998857619502
12.1348709498952
12.6640773579156
12.452826072665
13.5268829409784
12.2325575347329
13.5745096237759
12.2176318255371
10.353833458747
10.7656854439362
12.0664077744728
11.0585349161406
13.2811089144128
13.1792107822172
13.172722389842
12.9933538308571
11.2505623498937
12.7875623579272
11.0984220389367
12.0333989158681
11.3724071898959
12.2146889038413
12.5122995625335
11.1386257627666
12.6965065989581
12.3360519494178
10.4915248747315
12.0545777769165
