4.46793560067928
3.52827484947491
4.28507321028299
5.31944950521023
4.05944683817476
4.28507321028299
3.71233198799612
2.95062562119574
3.71233198799612
4.28507321028299
3.75390122158314
4.46793560067928
3.71233198799612
4.46793560067928
4.28507321028299
4.28507321028299
3.71233198799612
5.16005064543022
3.71233198799612
4.68161716092126
4.05944683817476
4.05944683817476
4.05944683817476
4.46793560067928
4.91096074270573
4.05944683817476
4.46793560067928
5.31944950521024
1.61148525897862
2.87344622843229
2.94949576399127
0
1.83193520549456
3.72486072038718
7.0331538757877
8.07466489872543
7.81532101443591
2.98718678916609
3.99100678692901
1.48301108522183
7.16843023179681
2.25837604161772
3.17130393269797
3.72486072038718
7.81532101443591
1.66212409827406
7.2617642267467
5.55694497281822
1.96040937925135
2.60730016189045
2.05374337420124
2.25837604161772
0.348924120272777
2.60730016189045
1.70481925392851
