7.38362592580704
9.28017497188605
9.498892644415
8.49977361247768
8.64482835454424
8.11513405770354
8.79709473670614
8.67720388424515
7.77060358722331
9.1366670627251
8.79709473670614
7.30123875739099
9.53018085257857
8.924167936525
8.3325764342551
8.32733054933534
8.924167936525
9.38723439606071
7.30123875739099
8.00599333931482
9.27723945254439
9.80090089991719
8.47177021229284
7.67976938961636
9.20827512920286
9.20827512920286
8.70012754065077
8.54799275403539
8.94962208076201
8.70012754065077
7.38362592580704
8.52246125402356
8.77291046111567
9.64373236825877
7.96901903788237
8.94131240832712
7.87493282510318
8.73267797592551
9.06250601320205
8.10395883789656
7.96375064029805
7.88411136765881
7.81016372590162
7.64466157417912
9.45105002361545
8.00173415105601
9.2359255546359
8.32383788449661
8.53521951447125
9.10216919502041
8.76492249001166
8.32383788449661
8.80679213787408
7.70420611658329
8.31831278036647
9.10216919502041
8.9290329138468
8.31831278036647
8.82462754718139
8.42628444573377
7.01498933063406
8.58642358321213
7.34779397593118
7.67280260727444
8.31845304348161
9.73709660838427
9.53764264741255
7.87493282510318
8.19557503709004
8.30104350377294
9.71646876248446
9.71646876248446
7.6050073297416
8.66617777412357
8.62012225739711
8.66617777412357
8.62012225739711
9.07526000945564
9.48474680440491
9.7598568121732
8.30104350377294
7.51960159631393
8.75138640170069
6.93990868092639
8.82416573567099
8.22732834848133
9.06021375438404
8.36660851239715
6.88284042025487
7.47967780744452
8.4062785140769
8.56585642507203
8.79709473670614
7.84032082197729
8.30104350377294
8.79709473670614
8.56585642507203
8.59875282436488
8.75057223568717
8.67392664706845
7.90965490963565
8.28269536397691
8.68159837240875
8.68159837240875
8.62012225739711
8.14543402480645
7.88349611694132
8.82720074046963
7.86083981466249
8.3974523400356
7.35644212342934
7.9804633129967
8.47133586621644
8.36375632978214
8.43794557707593
8.30104350377294
8.34011658585251
8.45637145472282
8.51049101190136
7.88093167277852
8.24149896136877
8.08227470623421
7.57233943819075
8.17680028949057
4.8149840979933
3.23197124911166
5.12189877979501
6.72757008582781
3.30166642276073
3.86132740691861
4.73132446055302
3.44994784943951
3.80811239121669
2.3232184266998
5.9889733061583
5.62085491207066
3.87975584970507
3.71702611418025
3.81634108402474
2.65725224759296
2.4926832181265
4.61844964276512
6.15475885020529
2.74940812438366
7.49604949183317
5.67005702472792
4.37391200704641
4.51605351870078
4.53660677522492
3.4499906080809
4.43125302159809
2.39321702734053
6.01352366949942
3.89734908346347
5.34888803612792
6.30046876521713
4.0946097555722
5.71698949416501
1.06780787626925
3.43391805920903
5.31689333157914
5.14382220001769
6.23733266115271
4.00809005906872
5.90907509411061
7.04378499956476
6.30073863558483
6.81373268434437
5.82052789838989
6.02879309020323
6.49486699178058
6.91955496790022
6.80866873687494
7.28171563872874
5.73190386249161
7.45345890603485
5.25132036696368
3.76501238168026
7.86577312100093
7.68733187561484
6.84619374730658
6.88740203595769
4.17639877854601
4.85467505430568
4.28498423563948
5.06132441179833
8.61499034799914
6.67576946611244
7.15924280657146
4.37539595500244
5.1733823288606
3.84000806891178
6.84893265846166
4.40969500294844
5.90015471623404
5.64911906022753
3.29042543873934
6.32397260078399
4.35418403035217
7.38631035351434
5.77646030422992
5.86448343410789
2.52334946324372
5.75094967510078
3.44414315103015
5.42357793164369
7.38079667576481
5.95748186977832
2.56791627859967
2.56791627859967
6.36149687737195
5.38023600455754
5.33654441897918
4.80264048084456
6.57387852948843
2.83116742829137
6.43520720040184
6.38645878396514
4.3139608577959
4.73328033175711
5.30605703930514
0.533903938134621
5.88739726054984
6.47100763803936
3.66547245548786
2.66729775297034
4.83971014024547
5.9224556761011
3.9812580822545
5.19924553393442
2.91345020598525
3.87900205790355
5.48203818309462
5.3736140783801
5.51377968862825
4.77781092886179
7.46667471538096
3.35100191774715
5.67579800771323
5.45422944257494
5.68396370101183
1.56429437213205
6.00344513412553
3.15067297688263
1.03039043399743
3.36507136642599
5.20137720567471
5.1418940695786
6.70316007452077
5.26522839868765
5.22621055229785
3.20018095885916
3.03567139178937
3.92733504141303
7.06321900071282
6.3290479785737
6.88185894136916
5.83572347642105
7.85587000229788
7.56102384710848
7.08276418364146
5.70968040922691
6.8421888979527
6.78496775251636
6.74436025356468
5.177513149829
7.37609283608733
7.14921085334502
2.81003853093117
8.12518085972289
7.64560085185978
5.99648933748324
7.05737298345364
3.88333026032951
4.61975426793638
4.19554901254089
4.71094107162567
7.90565242219605
6.5153469335883
6.39925369718986
5.56968656370241
7.09439209553294
2.81709797961253
5.41666942009723
3.01790603963249
7.68713564148044
7.37233384867006
4.48117309074673
7.21083120798788
2.16257414079732
8.27863908425714
2.48785249160282
3.84167307289566
4.49466155087679
7.98962080636445
3.1799111829559
6.1721415633191
6.11332907908755
6.70604550145372
6.53731520065698
6.53731520065698
5.51931470394839
5.09648782087933
6.40606682602232
5.87216288788769
6.56262816754069
2.92520880806027
7.58990000958583
7.35144182127462
7.15671712148773
5.39033416766789
6.66982435479397
4.93396960157827
5.74388484360409
6.25731540662814
4.32252629139864
6.09792390787125
3.24786730261044
6.07903789986834
6.37647512979939
4.4402823854648
5.38778700218654
5.20950244504159
7.25501484098526
3.78177124074507
7.14733614119856
7.29056135428137
8.7959098079558
5.83521704703944
7.27838001562635
7.05046723195906
6.66285464395889
4.59940522573407
5.01059060762636
5.92949455959552
4.06550128759944
3.4591127461949
4.591228041954
6.74447607749173
6.4319620568102
5.93487028671242
6.16680374613022
6.07405807275276
5.25201648290415
6.61002005756728
6.55541345318852
4.75221402122792
5.65539315434857
3.50718713703263
6.08431697662471
7.16612904592389
5.29937738248356
5.02963042013212
5.41074641846473
4.86953206879629
5.83987451304038
6.21483919516513
5.94465035659935
7.44615914010682
5.39424354135105
6.20813552798906
6.33129071203548
6.60792453414001
5.14032765171981
5.91678767796414
6.29843738727773
5.24080318291797
6.81643116261073
6.4139709282094
6.65890735673969
5.48195975384424
6.41650127667977
7.62949258067619
5.30131310890481
6.70185485773547
5.77488641851613
7.63172519331399
7.38068953730748
2.92499423801157
5.48270265740267
5.09454658327855
6.53611926818531
6.3113955912543
6.37517172038626
4.50270568606415
7.97957456690643
5.53604539280281
4.48504424393309
7.01558276852665
5.01894818206772
6.45565340664752
6.58433777826586
6.76845729068299
5.41862386481291
2.64947829339586
2.16834598421172
3.64599991804377
4.11021249321733
5.32215595963275
6.84600600966177
4.72842343940895
5.10462236962835
5.87961363880262
2.65404125450323
5.14837534164002
5.92150807606652
4.0368144933591
3.87511019174202
4.87224996831729
5.91516353773578
5.76337769867234
5.55175103823024
4.69556982240309
4.20140754043419
6.34693669426787
5.40615390645191
5.08252210341615
5.62283126628037
7.63945811652145
2.79516496136469
6.28405605129116
6.58295835971701
5.55874440815249
2.33070351506282
4.23772347441074
4.04378510221071
1.88043434640372
4.64411643135196
4.73445287695268
5.84061968134413
7.14256892506313
3.44414315103015
5.30848406558148
3.93810076601359
3.23272207017933
4.07429150470612
5.97638004388305
5.17164301019422
6.44182810726837
5.74190355120268
6.43583079783583
7.40795902818468
5.66272497917939
5.46104098529154
6.60145824857905
6.46002207207356
6.81723555857138
4.03827008797999
7.13536218671368
7.14096770315322
1.38867710691937
7.34666864903642
7.35722205998193
5.7431283034472
6.36829756399319
1.96338099381232
2.66633121335435
2.28583758922061
2.78015321407506
7.96041068441464
6.07381257381605
6.64013833460695
6.02923378939903
6.91017485409652
2.37372119823611
5.02797732232498
2.21550418624903
7.36075605486404
7.10972039885753
2.72842427919278
5.79079200352582
2.15171045965212
6.85859987979507
3.66976901904998
3.86533678768904
4.66680470739579
7.49427200910584
1.06780787626925
5.20368678366859
5.73892327162321
5.73759072180322
4.9095501092801
4.92423971571342
5.11918964965602
3.81422011629309
4.87735797191219
4.34345403377756
6.26334666575042
3.61607702568499
6.64189847738626
6.07330667249952
4.23663693876593
4.11820283732293
5.52116047254933
1.68160024811441
5.77559015660697
6.35920053409649
3.05039496105368
2.45648498318863
4.97186310973311
5.81064857215823
5.08573309650589
5.11790221488151
4.01792522023664
2.91345020598525
5.6659729419986
5.50576704786773
6.50681897258753
5.17228205472923
7.36754586965073
3.20018095885916
5.89090144095741
6.36700766384735
5.45422944257494
1.72877289700536
5.82516057698058
3.44418375982046
1.19486895887074
4.14998096381961
5.10310202640783
5.35699750282279
6.90985135150519
4.97987575049363
5.46595665847176
4.08208517638885
2.29803312032501
3.99454081766597
7.05273098936341
6.6378342294005
7.06275555966983
5.62833664612461
7.87179236799832
7.49806185265316
7.0986865493419
5.81667461608237
6.91875274522463
6.96586437081703
7.02311730070677
5.33729310481948
7.45265668335926
7.37768719438182
2.97152828470876
8.28407073755377
7.66901088106644
6.0725619372809
7.21626286128452
3.90523375303597
4.55948155308357
4.07617321647029
4.72200597329871
8.18415524741226
7.36444923463893
6.76438735551799
5.33012308141608
7.16337239361527
2.66627702072454
5.43042943367639
3.81737547600678
7.75611593956276
7.47932805552552
4.08688258583992
7.20490445290459
1.42004461533357
8.26724220563495
3.33319672954614
3.26348306652314
4.16307137906438
8.20540961067776
3.0179060396325
6.11967315252651
6.33600662831939
6.65357709066114
6.47998415282405
6.47998415282405
5.6117564921469
4.99880452304364
6.26472176586901
5.73081782773438
6.2932620354594
4.40654985819923
3.0639202447647
5.60321408988317
7.0098434826077
4.3156556228212
3.94889447449761
4.44597181235901
3.44882107952987
3.91991949515956
3.30914744662276
6.45691383574964
5.53686356910371
3.99156295364794
3.55502097085685
4.70106256803987
2.52158028924248
3.28668253096189
4.69441366737665
6.07076750723834
1.60171181440387
7.42882876146925
5.5746472429716
5.41921131878574
4.70236849616608
3.44999060808089
4.49102710544028
5.44524222165856
2.36711678743211
6.49483897958757
4.91133828352394
4.94045379633385
6.45272233391778
4.16846455803145
6.0584391915056
2.21550418624904
3.5948289698519
4.37391200704641
5.89181442869661
6.39182613871713
4.10577335690442
5.6002888432838
7.41206374916284
6.25062515823609
6.6328360660437
5.57406363366974
5.84789647190256
6.89044573056464
6.79238251710742
7.176947486473
7.08379010548927
5.72489705916703
7.32628645524204
5.65500545009247
3.96480909030901
7.70688324317005
8.12857709745042
6.9944283525479
6.72851215812681
4.84183692783975
5.40441785041826
4.53886788461335
5.61106720791091
8.40683767085963
5.50905304416429
6.95614366012163
4.8567112650906
5.38480263592878
4.88530738065112
7.42324505860659
3.44414315103015
5.86880575600523
5.61418932842162
3.99945113998082
6.21185227752155
5.23067193091448
7.2796601537908
5.42199190662142
6.59169856974196
3.42285882389664
5.53516087078747
4.54861816528153
5.81489071529105
7.50564806667418
6.34879465342568
2.6252473264326
2.6252473264326
6.5784289379001
5.67621006934556
5.51482897612413
4.98092503798951
6.96519131313579
4.19459734587583
6.2884597501429
6.60550124355856
5.07301808541362
5.25529529250462
5.69620117529899
2.61874850204105
5.00626509951818
5.65627672726025
4.72139135436999
4.05810745142566
5.08227629006255
5.32117080325192
5.5091789414785
5.43251357803867
4.97527500334387
5.25529529250462
6.22305035491122
5.61618022819717
5.91514884759003
4.17298383958195
7.70065260811693
3.6901696765932
6.26792867817334
5.58978604051518
5.33590239154131
2.81361955298358
5.99029233467785
3.13928582280433
2.27971561484896
4.72850128401046
5.17744403698037
5.21004522104187
6.27569593207601
5.53724056938056
5.37489226370527
4.10846700541062
2.64144839024185
4.35056623307228
6.44343583741874
6.99915933689987
6.83200014849402
4.9837674959082
7.57570867770282
6.29092157321209
6.54991093698694
5.31816096798476
6.58068232584682
6.91345326033655
6.79840856047906
4.43570644730898
7.11458626398145
7.42058388138077
3.59711694887632
7.78430807760177
7.32309096112022
5.54306237854946
6.72197032487141
4.345224273363
4.47561427557219
2.83495316698521
4.78718359166847
8.16866206154452
7.44395739289268
6.46210594079892
6.07159730542393
6.68617373188278
3.57507698410369
5.19219958916295
3.37184491340906
6.71054110874026
5.95904339103041
4.88513264559952
6.45462616013996
2.50174189964336
7.43299724518319
3.45394316659541
4.38766109779171
5.24557285842204
6.78355285710617
3.51242499272504
5.23493695736425
4.83527080659741
6.30274483363351
4.99334053106111
5.52724446919573
4.35460952962494
4.00106940209882
6.27563850921752
5.74173457108289
5.56109275002061
5.70322698008923
5.45048152677065
5.4847620240714
7.42001414906959
4.2700260382281
3.52767238829792
5.54024283712439
3.1243208549031
3.79918483317521
3.28384882249105
6.8830117726921
6.16497038717064
2.05335495968892
4.7637546307774
4.47501191235268
3.69594675450814
3.76260740757578
5.09186580183664
6.69887432530526
5.05186842288637
7.18038225901006
6.19494562087955
4.8742474451061
3.33857017122404
3.84433830064725
3.87647963655063
4.98251509359742
4.16808580088637
5.78436226803965
4.44861115546279
6.23713091822385
6.11180765028739
2.80466623308941
5.64537833210948
4.50497524645851
4.66486910756547
4.90860745012761
5.59873471619908
6.66833695328723
5.17945558892595
7.56922432507456
7.77189333308856
5.98704591973855
7.2296030071999
5.69050219399799
6.38361222810084
6.3446663971565
5.03645616398205
7.80640423645871
7.83305441225395
6.39041386444187
5.57036010211667
5.98057869832808
5.81753764100208
7.99565981797472
8.53303151468809
5.74245698364387
6.99219497945969
6.3264135613606
6.67743645990969
5.01362727866235
7.00760428379424
9.04290574325486
8.02428384072672
7.3383454906692
4.73022518959686
4.3149242958533
4.34034350697147
6.81019578988511
6.12616954366944
5.32257107015103
5.0605334859674
5.81680125365543
7.19883749322078
5.37385386802307
8.26664536949004
6.51233512086851
6.6360830514648
3.0102990124508
5.23092546370598
6.15831087957283
5.15539620734408
7.35482425492944
5.68930014547871
3.79348532682265
3.78545131714069
4.96702140635655
5.99528758507485
6.28365432242248
5.74975038428786
6.35730719806514
4.08346663852022
6.09860538399418
7.40482825211122
4.66913522444906
6.05784673191401
4.94334862182338
3.12299393266008
6.1129196777223
6.7116132102531
4.99003885564476
3.8264359730524
3.34032883272264
6.19592453486027
5.91195604111025
5.9369729214094
4.84414816484099
4.91135394109394
6.05521175819074
3.87423277085726
6.47087899206898
5.23600424906153
7.06052896838507
3.37867084233638
5.10148438638809
6.54283849852447
6.33202572874275
3.40858479079455
5.65913544378572
4.90474673710092
2.87468085265992
4.61737057665485
4.37376378210431
4.56758044825346
7.34820747071609
5.7546776037878
3.49847848714442
3.49182151482828
4.1419877980082
2.75687375867504
5.73867245112249
5.71254827992234
7.56369632685375
5.56025448649685
7.73387232145974
6.81442854257353
6.96076650280331
4.05990383815381
6.29832207604361
7.12458797223695
5.85850898074416
5.66503346534573
6.83222601417824
8.06400989173981
2.49722007301247
7.30751059777664
7.18986300482776
4.95123472021577
6.28804137787702
4.51542708331382
5.0445948782746
4.27732883237558
5.34303789460998
6.78352556476036
7.24384556067885
5.16307207728204
6.65029141763668
7.27228033834407
2.84476690420176
3.67583898787175
3.98615178423434
6.68379754477089
6.37063641442309
4.39255413310495
7.09465463910997
3.21287604534709
8.16246251537922
4.04524693771332
4.73211986133213
5.43183935510821
8.17348286913409
3.81255106789096
5.6147526194983
6.90794579001516
6.11206830637509
6.55623461895507
6.55623461895507
4.88140480150236
3.17762565543079
6.22235804502487
5.68845410689024
5.6585062912016
4.92291463070954
6.88021712397655
6.98712892749263
4.36561023606558
5.36371229519491
4.45767603447835
3.35100191774715
5.43180598607685
5.03199317489216
4.29590441892566
4.07069871884969
5.18284265895878
5.0720079404743
5.22996633672565
5.11648587998791
4.69606239859102
4.47086075134991
6.47564578078077
5.71674659709341
5.41921131878574
5.79392200107162
7.23426326489974
1.60171181440387
4.45441798006487
5.72988252514992
4.67071074196286
3.01800080773872
5.18777794592361
4.72304838520465
2.48409686960409
5.45681856884416
4.14845649281373
4.45441798006487
6.83552027714577
4.37391200704641
4.4609061460084
2.74940812438365
3.97095751200435
3.79807106154992
6.0030355969757
7.20623809641428
6.82720341524214
5.62746182426731
6.93373739306186
6.8176298770011
7.11616695578684
5.59711511008625
5.96070227234393
7.30951562347963
7.29240376883624
5.89208893285247
6.49460621047855
6.60743049831691
3.76239830515549
7.80094415275367
7.3905973145788
3.48566704601989
7.26704021461904
4.20261924157354
4.95299630340682
3.30834401563244
5.0302300528697
7.2606746581255
7.03465976757166
7.00821018458706
6.2325920930181
5.95955962956608
1.06780787626925
4.03747317446882
4.37838573855741
6.75348770379204
6.50245204778554
4.11051755700113
7.742534669414
2.94843931173
8.27643860754863
3.84085975384124
4.57033146061492
4.81069364130168
7.68288825729859
3.32906889949931
4.65179336941247
6.71781658811777
5.18398059011127
5.79480786797984
6.32871180611447
3.54163770887735
4.12764512779316
5.67339794099514
5.67339794099514
6.42204950044719
5.46014369686304
6.55932754921282
7.1703768565923
6.74444908040131
5.75351206397758
5.51170559709634
4.11881708016312
5.31313170722986
5.16682962264252
5.21960812584296
5.41885623756855
5.79332810341051
4.80546121356877
5.98496257341157
5.16401602973455
5.48029929195675
5.75351206397758
6.91277882040333
6.32723204154513
5.94534559813725
6.39244454443503
7.74002814468855
2.77334563857661
5.35693041070888
5.4156320001162
5.26337843141555
4.35074641086072
5.26471857200594
4.97692428780501
3.81684247272609
5.99404763499767
4.2863318059456
4.39232537239648
6.34856807170326
5.88184657151466
5.09627811314636
3.24523814809625
3.70654327648699
4.86698993837563
5.69486551241434
7.50546939733558
7.96186321020711
5.39692924177075
7.05121973657312
5.568569441792
6.01215808583967
4.83239701750056
4.05511044636221
7.68467832201831
7.42902776642244
5.15538928761894
4.58901438449684
7.73064731648205
4.55676715548945
8.16960317003714
7.86801793981007
3.81992896281383
7.10179529376789
5.52147547695247
5.2863642790673
4.56733776638933
5.94757431099275
8.69992393396296
8.32445301756749
7.1674291729512
6.63647291845767
6.5402390949943
2.66958864085037
5.49741942278017
4.26721729479531
7.03283908682717
6.21606686656443
5.90471996731989
6.8811664605547
3.90205645735119
7.94897433682396
5.01719859254379
6.09608815602719
5.19908941403229
6.5581018284578
4.21474888400272
4.16739940267796
6.40414037710824
5.23520727894722
4.7619579425724
5.29586188070703
4.32507619582127
3.58543766868578
6.57782589593792
6.0439219578033
5.43018770339087
4.14645046319468
5.01416692353244
3.96902969685642
5.71662663005032
5.94685415508525
7.51920818854589
5.00705560023373
7.18487220921891
7.40204679037175
5.41295021695063
6.38492734281274
5.55914489279433
7.57455713477467
6.87484103986678
6.4033377047142
6.08990144572564
6.47700546329579
4.56320681569056
6.09304883092895
7.80762312131338
4.97220814490728
6.6716112332137
6.38975241117075
8.21216564188834
7.71455484965636
7.23323953956821
5.54197939120762
7.29349594448752
3.2926645902579
5.00807545307299
4.68035440132931
7.5510550503616
7.3953934216256
4.12878278167097
7.01303676943051
6.99368586750025
7.02316010608122
5.29869458856524
7.36547990782269
7.82739988262214
4.17475903112297
3.14679398027265
5.63635005590982
4.80207383385964
5.27544132595727
3.77085420884822
5.43009768768306
3.97178505343089
3.68142507531348
3.64957471144852
5.14628295387135
4.50568899156551
5.54331489669188
6.36771324206573
4.969442984259
4.02768515804048
6.15224627671849
3.90163510798974
4.13143199845239
4.70350745825268
6.27860534878876
4.66533593658701
5.44403526699405
4.35384832837684
3.47098612255137
3.4351257587218
6.47601566365489
6.13871675516424
5.22009359840455
6.50335555550468
6.73415939429667
5.68774146415422
5.14075613323041
2.84213772527656
5.44579274144252
3.85717397259533
6.70166606766551
4.70884972355701
6.20301820434296
5.79101931299734
6.09058075693412
5.87852191108049
5.72806085622572
6.62170550216393
7.41392493510654
7.63455783144644
5.74721368285061
6.75660401619145
6.79027479396454
6.26440486551187
6.27323885365375
3.76351996914083
3.941603082288
5.18526026306058
4.74779140435415
7.05339714056993
6.57617115556014
4.98058670244285
7.56883629978089
7.78601088093373
6.51949320243531
5.62944747976136
4.74343233700848
7.72601018426195
6.6845891353374
6.81776558016614
5.8717461995554
6.60357567092949
3.4351257587218
5.27733627514311
7.39036058311218
3.81679188333095
5.58738226504126
6.37016253059676
7.26912860890259
7.32410775601107
7.4872653033624
6.04989403695787
7.52331966308206
3.80462734237626
5.51599009882325
4.29742390727546
7.82736095230726
6.45235638863985
4.88439343179175
7.03545756085328
6.1358833461119
6.7114697351557
6.19414116960282
6.38275880038423
8.05722360121668
3.14528729052314
3.56950219742328
5.80001751097272
4.99892374630374
5.67021397678807
3.9455071355211
5.71045169599683
4.11684087569885
4.1913285789504
2.62675700003251
5.57011923697216
4.65074481383348
6.15931890777064
5.38499213462728
5.15578921004644
4.03338011766939
6.43260028503225
4.12456958503502
4.11589022424651
5.10849222939235
6.3101158556533
4.64979416238113
4.41456352639422
3.84188557625848
2.51408163157883
4.65135632492596
6.55154573060404
6.11912687459025
5.62507836954422
6.14695490097166
6.7953243123081
5.9284743769745
5.16317692465318
3.1982171822642
5.64102766071832
4.26602505853345
6.33629989781522
4.83722916385318
6.99094144715798
6.15294278495276
6.07099087636013
6.16084483972393
6.13744712260401
6.89694208939533
7.43247746727192
7.68744240775917
5.78700453141386
6.98722463059865
7.12864629549559
6.60277636704293
6.4515379267463
3.34776364469553
6.31513032882065
6.8797812863996
3.5477627232197
5.40433751175051
5.43974561482354
1.42004461533357
5.8052914561474
6.6604235889
4.33652963548126
3.4575665868984
5.08972213656638
6.16582276677656
4.65231526224789
5.68409478814262
3.58450738597864
4.54756121764473
5.97536068552908
5.623626074701
5.42199190662142
4.88798157040597
7.07982629676082
3.30695581570662
5.80948658323162
5.59225923900904
5.84927969560591
2.28179008721384
5.86379693129672
3.77747556804515
1.74788614907921
3.88166758283015
4.92971541828412
5.27558264509699
7.10767949015887
5.2425563660953
5.14839316665561
2.94843931173
2.54341754192994
3.8281435863226
7.00468119125039
6.30637164213963
7.13002735629513
6.06669448515112
7.65785612791443
7.29230038682392
6.884750309258
5.38229260702961
6.75846430103131
7.07843562639798
6.85453089510886
4.87153186553925
7.29236823916594
7.55373026898312
2.71084707584074
8.13473659951998
7.77928942737817
5.57752323211725
7.15636551447674
3.78413880523908
3.9022585528546
3.76371295164403
4.61174961653525
8.09164333535584
6.31001810024717
6.50942433873404
6.06300906613686
6.73236573556903
2.77305187757199
4.69917370501545
2.68561439778674
7.32510928151653
7.01030748870615
4.51445693253447
7.01281733360442
1.68160024811441
8.08062520987367
1.60171181440388
3.12961781035397
4.96325013039137
7.75116400124988
3.13586508091536
6.32089515944602
5.90932865054396
6.85479909758065
6.38345209136312
6.38345209136312
4.87220372066443
4.85886124244323
6.42032998657989
5.88642604844527
6.85600148574852
4.28062033485622
5.8823114766089
7.22986551108748
7.26590995557132
8.05083053032619
7.22517038591663
5.87328821148548
7.42495443380762
7.54730982869751
7.51692659219156
7.74770074571943
4.21366378675536
7.72220168777159
6.98526892257209
7.66432371072189
6.19479752379273
7.76045625988505
6.30778235857862
4.74756772488999
7.04484782809822
6.6288532990238
7.63454971012273
5.85319915816421
7.19925042774473
6.46302343122833
7.49543666290831
7.36068290423192
7.67718084827986
6.19037917190139
6.82677896609729
4.81452427299085
8.16709889713731
6.3934801356591
6.36289119002467
7.69479202288016
7.04207365897211
5.33386286790782
7.45356913070868
7.50915589910156
7.85745901269156
3.24177722155433
5.86059683266236
5.49996579081699
5.52568888614671
6.32776224812039
4.45788100987746
6.25156568721651
3.46335762150821
5.09413709072414
3.37544370899556
6.69750277224323
3.99726155964284
7.86507592494388
6.77920571682393
4.70669776317221
4.43715259415078
5.9632397302217
3.63888988690296
6.11637443927058
6.56277109779449
7.46650573721048
6.65027837740521
4.00206555193534
4.3791685686957
3.10215490283329
6.69596157295285
7.40965602545362
5.50719490629346
6.44344987702904
6.07094480622438
7.63609493530227
6.56828705903302
5.69291046228454
4.02167407607662
6.85537573912647
5.08144794266391
6.93876394890081
6.81481283627385
7.75610393543416
6.56696148912796
7.02663629015377
4.21395487303793
7.67443068919169
5.02703001413548
7.61284011345887
7.94313523787824
5.54023268753056
6.81127811250594
6.26779710747326
5.7419271790206
4.76841466521209
2.09819831026668
7.2906707611946
7.25587530838376
6.33028770846741
5.30970496829024
5.93324173890402
4.30672304112575
5.91395470380414
6.02008712998334
4.24189709202099
4.46801811177725
3.62913880422618
4.72189018138907
4.8614886319382
4.19390748208379
4.84185603713591
4.77580103015562
6.87342441973642
4.1630427423608
6.26800489206062
5.87853834645522
7.57822409702673
5.39088129927693
6.59394677032718
5.89579388481262
5.25133752086637
3.27683860776125
4.70247238672588
4.9004117031962
2.74293466962662
2.6321022484013
5.06869237827876
5.52613889405793
5.93300092268403
4.71153533936162
4.89595342898086
5.57603451526068
4.9925968183056
5.09140502964435
5.70325781560918
5.14907100156535
5.03115239208197
2.20648048941484
6.13086344955303
5.81204702131711
5.90872486466249
6.01959274279489
5.47461031602057
4.29032542744146
5.75699038552629
5.54931424540046
6.0085142541552
7.08544231295945
5.0292728230482
5.93651376857515
5.22193276247011
6.42867971323129
5.88857971852469
5.52629088662874
6.30420029327298
4.59443687561882
6.55191390487359
6.28274508237244
5.67742828587482
5.7023380813589
6.39008552582516
7.21244546575469
4.8569773611423
6.12145716214793
5.29723631590311
6.80133725182138
6.55030159581486
1.53547494814685
5.95100593416853
4.72396047157701
5.9144176829107
4.91205801682758
6.07229228828601
4.84626214114316
8.24097619385369
5.11208309991935
3.44046624672642
6.0935134268288
3.94000299020617
5.48618319184871
6.55399106811797
5.55553940592363
4.57414063906159
4.16383328769358
3.17966018089985
4.78886997582521
4.32758469380357
4.88813578121776
4.00963770804793
6.65493408333776
2.17904206566447
3.19009314609193
3.94384063998267
3.51453364518409
4.13511756102659
1.19486895887074
5.27758896153165
5.64551152084886
3.03982610770888
2.63210224840131
2.7974850433156
1.56429437213205
1.72877289700537
3.62718681940059
6.17941545898349
4.37089164116809
7.18158003487113
5.38016177815788
4.51480267298917
3.89303235358368
4.00386262993368
3.02195113732948
2.91345020598525
3.78142489265248
4.53369699176273
2.37954626785063
4.8614886319382
6.24379902883929
3.35912841544906
4.70979858038388
2.9514532157627
3.49953099021267
5.24760993837226
4.75579817461148
6.38867836410979
4.81486557426685
6.89044972987223
7.03125413597951
5.15897947819358
7.79814625025206
4.94933630411346
7.01867677964982
6.34354284226236
6.54487147358201
6.77054129950673
7.33347907406658
5.89001303688271
7.07877541171663
5.02032904832854
5.12094095322167
8.22614067265017
7.79049734205784
6.66192996108432
7.2108494381375
5.65118639094819
6.37348652418562
5.42816144829942
6.49942269314293
8.58814128384008
7.8210608498201
7.14335264362936
3.25510087357339
4.99299624591504
3.98089873485455
6.81497919852468
5.76436219537394
5.93291608348599
5.68188042747947
4.53610604974707
7.27384174861741
4.4761831390807
8.33617950134776
5.68270569624532
5.86303472502174
1.68486896046834
5.84155513523364
4.95279894445923
5.95508229082292
7.42445260658643
6.48898622895754
4.13511756102659
4.0873774585791
6.27892722067844
6.14563409434966
6.22915281447858
5.69524887634395
6.59270110706012
5.11315277198383
5.54639025696729
7.58204142311924
6.40046252728146
6.07790692015756
6.81388462627789
3.85918185081078
5.155799387889
5.3603267401004
5.54400298202293
5.01431642436718
5.75293270732281
6.74219069828879
6.38987514743695
5.91575023992073
5.86400521898427
6.07790692015756
7.20762454415386
6.25793957434146
5.02034471220303
6.10241371967488
8.11641648746799
4.04968792437588
7.29763381919316
6.61700192330649
6.3631182743326
4.25973296756678
4.45634989596935
4.90512903862843
3.76019622408703
5.63902270043649
5.01595465552824
6.27816459929354
7.07787860487051
4.76646106322914
5.68218689667783
4.76187641965545
3.24185648913864
4.72718870137517
5.3232954213096
5.90431900306703
6.44807749377006
5.67860116978396
6.38114736353869
6.77798572971135
5.31333948726944
5.68255162730253
6.9786292938237
6.17089260558127
6.95002269626332
3.55384693920345
7.4087762342321
7.04454752467586
2.67266018881484
6.99178893792674
7.38901286965095
5.79312271107323
5.92398106165749
3.61509739424367
3.45327287948636
2.77662876165407
4.1490013323783
8.54659168877446
6.40784925885399
7.04757967385746
7.05617149466657
7.58929115701795
4.13131858490807
5.6445694003581
2.49258138674343
7.83915359911867
7.05028472049678
3.88096850744849
5.15910394359237
3.49101746589342
6.1374750286356
4.59258953215931
5.71510553965955
5.67547624703216
6.53643031070037
2.51646057004889
4.33442042241344
4.96726654934156
5.40222829868269
4.49338121476015
5.04197475932809
5.83034461012263
2.73080633982263
5.37173283052765
4.83782889239302
5.90772000031127
5.24633093967103
6.74007461805104
7.23781586743615
5.33344359011026
6.18260454763122
5.26679170086799
4.38606933590714
4.78502373191855
5.20215532905179
5.11479667136197
4.6497457798607
5.41621533066867
3.92673584295461
5.5240443664691
5.08184109690345
5.5240443664691
5.29884271922799
6.78459256124191
5.95011926880329
6.09370432222902
5.15745157239689
6.97528754180605
2.81974152735524
5.36989877435127
5.18622830634711
4.89025424155911
3.97466158912196
4.4946181006671
4.81505133860696
3.44075765098733
5.78023487780566
4.30604146856046
4.30209089808202
6.12644281016757
4.76324976922493
4.47535544192232
2.78760019145186
4.38140927641645
3.81252035746383
5.14207920592366
7.36258967029356
7.14830298646132
5.0145849811215
6.84278743859493
5.70414027224085
6.58074985441129
5.05674633653159
5.51317999150435
6.69527336782241
7.36958532849706
5.21568575167783
6.04708392963898
6.99539299850697
4.20632537387993
6.96212526986285
6.86577461293345
3.4268751581727
6.87594171289808
4.7075029748321
5.07311293770606
2.90762513637074
5.39639201667208
7.9509301701394
7.36048517417904
6.77827798752843
6.48327903296162
6.1038985803149
2.28583758922061
4.57758527951821
4.51495727654729
5.27123220773861
5.02019655173209
4.00712467777552
7.20711756803846
3.87430126596074
7.20711756803846
3.92676967675332
5.07521519387347
5.36590867073195
7.13180850939915
4.4939340285721
3.96538739111179
5.46659575480579
4.49757461181059
4.59689306092936
5.66470093719862
1.93129497332084
3.40024743935299
5.82565146041362
4.75784358414437
6.33763636632774
6.09448063491534
7.27721578425974
7.95886341215994
7.64325702054474
8.7902344137542
7.96222294895093
7.58943879650783
8.27316726220542
7.67079171022162
8.25633047561957
8.47287339604145
5.23058245470074
8.18007323153641
8.47056279815427
7.55593540777207
8.11741391147448
8.7902344137542
7.65479214263151
5.76448639283537
7.90406490890243
7.00471321895925
8.46416882013342
7.98506624570306
8.26619048182746
8.51956846322696
8.56764266505896
7.47069758281725
7.48942801055819
6.20555076450486
6.93679364468263
6.62838457304996
7.0461998996449
8.0331048615479
6.3820157187221
8.171979070728
7.48658241387104
8.15517461489841
8.12278474264087
8.33411505374104
8.02333194869281
4.44913054839873
5.19344338925567
4.39978564866129
4.8532669315253
5.17711502134397
4.8532669315253
5.58246202043667
4.24852958120898
4.91116999247579
4.04535435192485
6.67764980536153
4.78243351934361
7.55399173208983
8.06785617574972
4.46434297024035
4.38150266172608
6.36161498722507
3.93043903210572
7.16851917590793
7.36233116270385
7.03802398083321
7.70242311404256
2.95733960815174
5.17912452654951
4.1753693211031
7.42495947402531
7.1306894472398
7.72302866151943
6.14410745838438
8.05542640332409
7.14269004737071
6.07488217110146
6.17578514200269
4.18263095926907
7.87502069399964
4.63290012792818
8.36085043030227
7.85537127840206
8.45661644863697
7.49599696292446
8.12738039988336
5.51070895667552
7.33115066212478
6.26483474135423
7.91277236089021
8.68873866477946
6.62908082954692
6.74939735671635
4.83476265045338
4.83476265045338
4.79435311291653
0.533903938134618
6.76467193331001
7.00213466562129
6.07451333721779
5.15734493321903
5.63970471343379
2.83116742829137
5.91104187074336
6.43158568387958
4.08953705694978
4.67565620914619
2.83650474845017
5.75479493825419
4.34536954127311
5.15805774277624
3.29719425980614
4.28813437747329
6.08530023343282
3.37040868658479
5.47435773446847
6.22739332125189
7.85498929247576
4.92291463070954
6.30040974485695
5.28656870472803
6.01761137514048
3.71388645419396
5.62172387497948
5.1565446567554
3.17998251605934
1.06780787626925
5.65651064088877
5.76650580672232
6.77862781900001
5.34888803612792
4.98725745527803
4.18038510524579
4.96908858234733
5.39614985251068
6.68149774156677
4.36810207271734
5.34287535026333
3.7707748615469
6.39721624976216
7.34746648518885
5.62411043110573
6.05042154990594
5.49932198003836
5.06927123365163
5.01147641053234
6.03713458650945
6.03322591817298
7.3812815165838
4.26620976964528
6.68622376187168
5.88938406442631
6.86774408069005
5.6473129567184
5.25540748718105
5.91337435120254
4.96753274031345
6.07878063928671
6.02503635490979
4.9823444694885
4.91072541576163
6.16790454587188
7.52416842393604
4.38901069257491
6.26453515821212
3.90158690588821
7.5483956749628
7.29736001895629
2.30908185624636
5.67184761688206
4.12230995673998
6.73965549315131
4.35520996780739
5.63718291960233
4.74376302778336
8.01326541655797
4.64411643135196
4.43640355293399
6.99153982180438
4.93594029641374
6.39932477332265
6.39932477332265
6.28122375961686
5.57718453895627
4.60816927551655
4.08229934706388
4.65148651712673
5.98245548748923
7.24760719164749
7.82257966881359
5.87316945122106
6.52821615920463
5.86188033786039
5.09151531975568
5.88029638212625
5.55132935189575
5.49043509859288
5.81753874628322
6.23306269869556
5.45147987314078
6.83952880162729
5.14693392695623
6.30562486349266
6.15337129479202
7.64484376561329
6.76696663683019
5.95597056264093
6.54404790618874
8.25388163968848
4.53635855194925
6.09198325654833
6.80672404300404
6.68805160965279
4.63580857710774
4.49793394437956
5.72711944994048
4.10190463897311
6.51635942562385
1.989993735417
6.09198325654833
6.62906287753022
5.77447633726049
5.66162386934059
4.62739655801526
4.39405305031574
4.20360784400672
5.86642958584157
7.76075828116246
7.1809523923305
5.03186723681695
5.89197944416792
6.30100684370479
6.17284690594647
4.63639319251173
5.92174032717689
7.25802144006587
7.71561209173486
5.57068477676985
6.45564426531152
7.03943874979007
4.85779040413231
8.02524330106039
7.72826970564523
2.93825622856789
7.49133936292576
5.60186582925543
5.63870893326697
3.82425332899546
6.35640266372996
8.24266508400218
7.43218249572848
7.72268360781596
7.07939607773016
5.86584382520012
4.00245461381463
4.8560646292118
5.22960166953153
6.70949873546935
6.43055973782199
5.16215517704211
7.15533869825192
4.82687633087608
7.66049641085074
5.38378428615722
6.18089737220989
5.47347070647409
8.11598610542859
5.20659765238502
5.41599828898308
6.37718122949293
5.9499022271177
5.49233100787111
6.02623494600574
4.869103869213
4.17139757361184
5.26535191540711
5.26535191540711
6.17717990566393
6.14759380343214
5.86671490313325
6.72326886554993
7.79956178967259
5.29077192553714
4.3978294377755
5.99541112444357
4.88427153614402
3.86000946011443
4.75686798740252
6.81139375195725
5.66021281353012
4.70017527672874
4.77713116361967
3.22807317848414
4.76188587521303
5.16151826425413
6.34081797690259
6.19411675166475
3.9951506206843
7.82796559511652
6.56304657039969
5.5057199100989
5.16501572456373
4.66663067730481
4.52258396334354
6.47540073810281
2.9166853546911
7.12856566559204
5.94149679996818
6.68149774156677
4.79463259207178
4.51865161142305
4.49742993525157
4.38500784485764
2.71952887978274
6.01352360832511
5.84788514808851
6.10729169129934
3.14679398027265
7.18872268123232
7.20045532647104
5.33392987605353
6.94750370908733
3.52964571143075
6.94750370908733
4.74096885590184
6.87697242156587
6.83299366087332
7.34953642554646
7.33281062225113
7.4108763597005
5.84644325638911
6.50180626829606
7.36043677040038
7.70044695681731
5.30098711963054
6.82653283226576
7.47759769439473
7.33598193314393
5.46123863017059
7.97491338127153
7.5544382421493
7.41690239893104
7.08469315121796
6.1893649274153
5.6076505489759
5.46913165884107
5.23459057990702
6.32719758976356
5.16528611621266
4.34851389594993
5.80615591560237
7.02120566848848
5.88443548323792
7.55510960662311
6.49968274042545
8.07654322422993
4.44911118642687
6.30318903918361
6.31670957841414
4.69658609876636
7.94777912032986
5.76439397503562
3.8322452868352
4.86346491184662
6.60594756648086
3.92906455778856
5.20590106783744
5.20590106783744
5.51603908864054
4.82423059568189
6.88267833886927
6.91294575290708
3.56552304057668
5.49315634685722
5.71234881271439
3.01989438789343
5.89138136510128
6.21957072120268
4.42534847058797
3.23713241367874
5.90556776066072
4.93722658103263
5.21313605769647
4.7051057469801
5.21313605769647
4.81411473031038
6.60531091115721
6.43947169879534
6.28872952651555
4.37556202706316
6.65665825255302
3.71268138620903
6.08208978112248
5.95310477247391
5.09063270438742
2.64679852319879
4.88480789013418
3.95374739829406
2.11289458506417
5.35813453381651
4.5921749540173
5.01428190485322
6.0730360803971
4.47292942156738
4.84448505402672
4.46067361488795
2.73978101579774
3.6317801124548
6.02569215008786
7.19413609454378
6.86340169375623
5.14901562094525
7.352995974519
6.42504511773025
7.11379409399721
5.53698779871254
6.98750808577052
6.44414831090863
7.66180820871697
5.07208447271483
7.52141202390515
7.12657942653528
3.5822914782422
7.52942366573133
7.23181195732832
5.24111108374559
7.43296707524949
3.90526728973386
3.94451273480385
2.68561439778674
4.73287810103002
8.33587113456962
7.215174906061
7.27802528022475
6.16976216182364
6.10345090787288
3.17877744807441
4.18255047883129
4.2895828800967
6.0327259210024
5.69919322649654
3.8671625034054
7.24186111834363
2.28583758922062
7.28884565294408
2.25369625331724
3.44840203523674
4.99801415924162
8.01605638622944
3.54159065141777
5.46423863368235
4.9464361738072
5.99814257181697
5.11106902236974
6.178876898639
3.56108945845483
4.03378025616736
5.8137239255119
4.86005444568069
6.94110123817885
4.26620976964528
4.66070294712862
7.39401224282307
4.39450922916378
5.80666831652542
5.02484047001787
2.81003853093117
5.45502632950713
6.227388384676
4.73886044025618
3.55180997776712
4.37269745921602
6.22181452560289
5.91937497510029
6.22878952945606
4.85156709883103
4.90211377013897
5.95689621738314
4.90660139735064
5.03261696657827
4.96137825377624
6.99450578910679
3.64993813014943
5.42928288250641
6.56192813113944
6.41351757693725
3.0327494619599
4.53307506493375
4.59179133537201
2.58248029330079
4.8001137077799
5.05761149103748
4.98584651255938
7.66164735075949
4.29891631981489
4.45371089679673
3.86075089993115
3.79929282545641
3.21951833592137
6.24756433227198
4.84316076681525
6.96090653296473
6.06298947529863
6.56499804584491
7.64402895649198
5.84023088355811
5.65069057160603
6.7571256824433
6.80246019567406
6.35446838175513
4.13154266896104
7.29102962057793
7.66004612884957
0.533903938134621
7.53799543716617
7.7301969373569
5.90351734741212
6.55962435212294
2.66019409706761
3.14193504973713
2.47093427910254
3.47696631733035
7.59913880958113
6.06915017310379
5.97868532210282
6.57724002256033
7.21719157154753
3.22849436702086
5.50358115870777
2.13339381483571
7.56185422263702
7.31081856663051
3.1899776344748
5.96829790790454
2.87233682961833
6.98776712780416
3.77062094242803
4.41113044992126
5.34384319862161
7.73080606984215
1.922581045054
5.53523240178308
5.84628160855044
6.0691363399177
5.12934824324248
5.12934824324248
5.27485708352026
4.08651209266129
5.20890359002668
4.67499965189206
6.63695465387519
4.59261992047727
6.09203229560185
6.81149928676136
5.76147239236775
5.38323663248525
5.88120015612751
3.2094023107418
3.56408486613016
4.20102814304772
4.84933269435062
4.51450805071712
5.24846254438916
5.7964952107664
5.927139871812
4.92471189448442
5.42634449315787
5.74345780810301
6.46805854289728
5.78236648252379
5.63690802604687
4.85468512708523
7.92169610392337
4.11560571027227
6.38418234763887
5.7747850213437
5.52090137236982
3.7107560093631
5.07873432177343
4.21138881540659
3.21121926588335
5.12652385861189
5.02849964865619
5.31637447136962
6.1149899940283
5.38302437707299
5.7700213298809
4.64838287849726
2.50515429199761
4.55750406842718
4.941789566705
6.571075300973
5.38930964690218
5.45950856575208
6.83208046463329
6.55650700760805
5.76974271190294
5.1445538555526
6.5992794945366
5.42929067381122
6.72120472858797
3.59875535615623
7.13318343267123
6.07580626810678
3.28932458245844
6.39332398113948
7.28764845084033
5.40875034331302
5.33098622840912
3.95352129679793
3.79635257805916
2.9993835862348
4.48742523493255
8.19640376836256
6.98056116312745
6.57595028088426
6.27759534862673
7.18066817437817
4.10757170059031
5.3919206976585
3.11113513234884
7.64281188719087
6.92728912060987
4.55765370865545
5.88732276314337
3.20494145671934
6.86569384818661
4.26990584564313
5.11229201009222
5.00421614648251
5.51025518010313
3.11226190225847
3.96593904450302
3.2819711317182
5.03374692077227
5.09693351123197
5.63083744936659
5.46659575480579
2.36961031852429
5.9251746436606
5.39127070552597
5.39954968693588
5.97519647355728
3.87168126503592
6.15380839000317
7.82892153041233
4.67935059300921
4.4269417997437
6.04381926625838
3.59316629819546
3.722885891872
3.64590991139483
7.32205847163267
6.25911962237804
3.4806859897002
5.27690712637183
4.80372595110866
4.21336985176008
4.12047936317178
5.81168110366514
6.79302356051267
3.33611397571595
7.99578230934005
6.38240826324283
5.62565950801815
4.94826699425304
4.79955066722683
4.62930011976384
5.60642436432255
2.52294475437948
6.64494991495717
5.07252042618793
6.5091004116919
5.94542167781859
4.41436305611842
6.33181666823569
2.77920602043481
4.42097736000204
5.74103803602554
5.8659589623208
6.90877522806412
4.25684081852092
6.31087976963013
7.58827113196804
6.10311692955781
5.52422015160823
5.91749472531997
4.73374875282887
6.66753301645164
5.96271452799596
7.35315486927821
7.78855991987538
5.81555396505867
6.49661846613059
5.92838292682256
4.43128133538131
7.86597011667091
8.45048050026937
6.79686439360745
6.88759903162767
5.10213915242976
5.45316205097886
4.03686517332117
5.85667598690429
9.10030808790163
7.07163412543676
7.64961407716362
5.41865880860169
3.93639554360464
5.09175556988353
7.43252061453897
4.83741963146695
5.61993681909678
5.36247748398573
4.33799751967683
6.1208525990315
5.78477862561991
7.18866047530075
6.88125956484666
6.99814654881904
3.51073433032765
5.54313363829865
4.78008858363402
5.4816129518669
7.46444677833188
6.01551689000153
1.88551925885585
1.88551925885585
6.2807290267431
5.48920332189858
5.23200682489549
4.69810288676086
6.80839189457733
4.80056661308433
6.91952512456901
7.06216600837039
5.16690735074818
5.64290667225062
6.45716086205243
3.9199792565659
5.42159078169968
6.24002674719049
4.57509879598137
5.03194858445798
5.65917320035424
6.16706311916193
6.61047932704182
4.16327353205321
5.5982644339509
5.34093774616337
6.93360023024592
6.19307713848887
6.90975418113141
6.18493983117041
7.85208718158601
4.44182876814535
6.83207544367088
7.1319944189957
6.39435614753134
3.44640537538262
4.36312995131491
4.90720723093782
2.91250143724799
5.33447055121896
2.58971155851114
6.29817150553625
5.69543085432295
5.74803601492144
5.85227693346703
5.06964299622069
2.50217085952886
5.13227414101202
6.04104989107575
7.03656443130595
6.82885503663801
5.56538840767573
7.05971010474662
6.27195727417412
6.2866042860902
3.67843950771881
6.12557637132011
6.36993353223908
7.44825292747246
5.06144765439284
6.65948030945474
7.34929653935748
4.18967948812819
7.73012805374511
7.85074753762637
5.00056650876485
6.72666321523008
4.85656602063744
4.32266723462885
4.47229389046551
5.67333824090018
8.69218562797044
7.56694659710298
7.17011293354848
6.31898241728695
6.68517613013125
3.90792483001072
4.47249183732135
4.80983435473233
7.20337852088054
6.92443952323317
4.71030126651953
6.55930071710883
3.11188403138146
7.62710859337809
4.11991805731722
4.5622458233992
4.39971014375647
7.61327220633041
4.18202012665699
5.68967402185193
5.90234306118489
6.22357795998656
6.32038846810902
6.32038846810902
5.65666288003791
3.76641848258381
5.18672462122285
4.65282068308822
6.10650744248039
2.83650474845017
6.38397372439223
8.15381047793884
7.19551018909732
6.44545233007329
5.35578499109256
4.30580620211085
6.41732439366929
6.83404589045757
5.91154839193866
4.87940213611382
0.533903938134621
6.94122166956375
5.83351702341553
6.16680374613022
5.31924568008318
5.98530258770544
6.81280638648011
1.06780787626924
6.07076750723834
6.42164411216294
8.08459685408674
4.64893872082416
5.75304698929463
6.13919513266501
6.2105581598773
5.62134207427392
6.45501358865235
6.3670330568081
5.0874381361393
3.37040868658479
6.43026843110429
4.68523911302539
7.44385707860126
6.15475885020529
3.90637844733017
5.05068968947115
5.54492566637413
4.67026076226646
6.51190255749408
3.97123466350272
6.76604439983361
3.69228382691454
7.14999510995891
7.19820492303838
6.08218723368966
5.65907028057852
5.81798255064934
6.24905692712257
4.21543978721012
6.96230938549892
6.35188648878397
8.73495301248413
4.37269745921602
5.71676603295558
5.97365511457565
7.03443356162126
4.70897280320164
6.18817592053929
6.59117784407353
5.6395265781618
6.72207985867392
4.3874614549087
6.63965522727799
3.27315051576054
7.61990653980421
8.45564703143143
4.64893872082416
6.05124107078129
4.74009699882965
7.86692483215757
7.05015261189483
3.90947520796616
5.62346110885066
4.71387680569269
6.69126898511991
5.53539331603625
6.96753511497623
6.49157528232953
8.18624186320145
4.87224996831729
3.52069013654636
7.73183241929993
4.54205959464735
6.18446789968029
6.83334394431349
6.75105143316136
4.50778244857426
4.6846532423205
4.15074930418587
2.42724742439579
5.62411043110573
4.1452435840485
6.05637390786052
6.99680915595301
7.84497665190476
7.84934608864764
6.78806212602863
6.90020622490456
6.93491502791933
7.31107271377013
8.0743057280483
6.08218723368966
7.27037349537806
8.08546480307981
7.2951140545543
7.30052520893867
7.97003364104848
6.01049914515738
6.61609117182429
6.6328360660437
6.37922484737797
6.922784619627
6.93373739306186
8.33192715656832
7.7903178783444
7.9314541769578
7.32962348243116
5.92910405810571
5.31481823552778
6.83230779555437
6.15801436924036
7.23170513340069
7.51515493630558
5.23715698773067
6.56269702833786
7.06459570283332
7.07296867524185
6.8368671559586
7.96983830301853
7.1338566894434
3.51431058198067
3.92784036119393
5.66632289907341
1.60171181440388
5.08627603583879
0.533903938134621
5.49265186524236
2.70000194800941
4.54163273303909
4.58837018077872
4.79837962138085
3.12144571113797
6.15448930257645
5.84023088355811
4.31042988193274
5.34984472988875
5.71864721330223
3.24262200566349
4.28003471081627
4.46861042486779
5.74910663647445
4.8139386489509
6.22428392920724
3.35128108315988
4.23861148247085
5.5224699697259
5.05485867423515
6.58773314119112
5.98090428060191
5.72103024140053
5.71170423208551
4.64389635581626
4.84038718947279
1.48943059543291
6.77094486994584
2.55723847170216
7.65785612791443
6.20649731198101
7.30545239420745
5.29474596092995
5.9019268597012
4.70101793750575
5.78604770520664
5.51779015776849
5.55014010978012
5.82747658727002
5.53471709498464
6.22048280460849
5.10755303834603
4.5736491002114
6.08653801968309
5.72875381055238
6.49521251986933
7.33779738976691
7.61488048928398
8.1102125814026
7.61355505185234
7.39293227873493
6.04951631896891
6.23735175324968
7.3884089570041
8.70977242863565
4.78200418685297
7.27702581346573
8.46485200627172
7.25352650854239
7.40251425354136
7.78510652597957
6.95366296704645
5.27931987372976
7.9744769871543
7.88181792735615
8.23340851918208
6.58770209870149
7.58763509368045
7.95817874240478
7.94494562993699
7.35028572996787
6.76721066574539
6.34433918682976
6.81638179183325
6.22606949742917
7.67643929527748
7.05373115554582
6.60634800478509
7.45667672084185
7.78376656391795
6.6320533388882
7.62552030338542
8.38436305822706
6.80811953675154
2.58840504939494
3.84749847721679
5.59637284943528
4.27421528196758
6.48345310276778
3.75509922047074
5.57092914265618
2.93438896356317
3.20566158294525
4.08729244031789
5.25259193679732
3.46025889201584
5.91620845615781
6.7782942332331
2.66659332911961
4.99483865540088
5.1903709294342
1.59878545285036
5.29378145754107
6.08185893562901
6.94239489451392
6.36158933381032
4.41945432121517
4.68255536094718
3.78215750385494
6.26998951349766
6.75859950538365
6.05551487800268
6.40813503857446
7.15403605150447
7.03358589825325
7.03358589825324
5.12426926431257
3.66663103079411
7.52273870149756
4.73443890706336
8.59830956669569
6.77464322399014
7.16626015845226
5.65609468686541
7.10968481131775
3.17769787701412
6.28973640737897
3.71160181514875
7.35026031743788
7.40012123914929
5.22695912405393
5.77502111648213
5.09623018249336
4.56232624435874
5.04495447347364
3.98823651935234
7.40290178533879
7.60665717679216
7.82231451929853
6.03833881230407
5.81339003351637
5.75856188053881
5.20872240126217
5.73346599797544
4.97053093603482
7.03252388682729
4.02312263510236
4.45690014539602
6.84907569467849
5.69451063235616
5.78126781840924
5.50443487416944
7.23642069372044
4.55702657323699
7.00658110670746
7.97086434308518
8.56798762983576
4.74525163358963
5.78747007534448
6.1859989009995
6.01574835353651
5.05256458609097
5.36075802649765
6.26480795958839
4.51866064795634
4.52214045748697
5.1205500017916
5.25356613720985
7.24631466424393
6.30242662110985
6.11464376462112
4.92353619073459
6.02080589226734
6.66122535441855
6.42856590276691
5.68343163527484
6.54533818931124
3.2370940697559
5.40783010128567
6.81301816902311
4.6703173494358
5.66844841208869
2.3146169101682
6.25118035735053
6.01066439865123
6.17630138458162
2.84852084830283
7.93967238891038
5.76888726871935
6.60652337608035
6.9270192254332
5.22997444040035
5.56754832566535
6.37862000345157
6.85993748602345
5.82189962181648
7.26345142194889
6.79234724364687
6.73069168439277
5.83003437896529
6.78988495652943
6.76097804366518
4.211347695455
6.740616265258
6.1594400860833
7.37232086212657
7.25438581234434
3.97946850704837
5.89647484306873
5.73706492920275
6.92769446808015
6.95473640328991
7.01960235410844
5.14153371975473
7.42446495970364
6.11769451697205
2.96578339713662
7.81179191424877
3.39593033754501
5.87743262692247
5.92729354863388
5.39139643164221
5.36744092841116
4.2046450164011
3.7744980759927
3.84669298529854
5.81250498935588
6.5995583196517
7.86559620325151
6.31524250673962
6.33979572900279
5.72196257442245
4.99295256038531
3.94290676374921
4.13168708463465
5.27198785273354
5.14984835223725
5.80933906795824
4.62953309191913
6.02200372266751
4.64264868370929
6.02200372266751
5.7260296578795
7.52280390497967
6.34324300609286
5.68412157952353
5.94065351530131
7.37162874838629
3.48984465242565
5.75199849063065
5.64139917990157
5.34542511511356
4.50202212119638
3.61656115259034
5.67585200685376
3.99701525417773
6.34640892749051
4.29004324932486
4.6841906143614
6.31298066137274
4.32033963846627
4.94916678764175
3.50033266377508
4.29861637881891
4.32852999223167
3.6012075743258
7.09817981777914
6.12377487660248
5.04272173094619
6.60123232130383
6.02808060775265
6.3391947371202
5.25406443793324
5.63154843399114
5.4654449504613
7.54244612077467
4.29888193902735
6.16545237212577
6.09052761875608
3.99416101660268
5.76769690806426
7.09146165823333
3.730606740178
5.70335387031004
4.73823644172579
4.79704482330838
3.47082768936794
5.49277327620032
8.27872923898627
7.11893005688794
7.15214190865449
7.12241261216808
6.8958487262114
2.99252896554886
5.16879020825937
4.34227209176939
6.38304160547703
6.14003995915247
3.77527374997209
6.96556245074736
4.70285757115661
6.96556245074736
4.7553259819492
6.05701411050283
5.1697976969149
6.19393983475906
4.2898036809768
2.74037848205771
4.26384735672208
3.27428242019234
4.67776869605979
5.72441151110652
3.31192175299089
1.989993735417
5.753262764134
4.8227769903101
6.39498664716024
