5.75711314460591
2.75183635306858
6.97772677210387
7.30613768162759
1.0803674310646
6.1244600031132
2.76545637926641
2.49956714085851
6.84108602169857
3.98008556478222
1.43415714532966
5.38152528958842
2.85099957951731
3.43053969709859
6.04675421586379
3.6964289355065
3.10562606733364
2.01133998730468
1.83230223225765
3.43053969709859
4.03659862357372
6.19833053227259
5.11881989641255
5.59381412456979
3.50377115426162
2.76327478849772
2.56106153982589
5.89229159200713
5.28781394506182
5.27238584194428
5.89229159200713
6.40147182720919
6.2101488118073
4.54829360968624
6.31046186350301
5.40531441542788
6.23854609533006
5.57347268201849
4.96131903576705
4.9110581210223
2.96138821752256
3.49203409606596
3.09388900913798
5.38152528958842
3.70802038525895
5.10404460142805
4.4347437105017
3.62865312612342
4.52246850152129
5.10200861910256
6.90581100393092
3.68280890930866
2.36512970156974
3.22832644842675
1.80912673863284
2.74009929487292
3.49484135442907
4.09457402243448
3.34263922124143
2.01133998730468
2.74009929487292
3.60708817839738
1.6597318638083
4.90126491805164
5.25150835153047
2.26227179017681
5.09402371472897
2.35369126614059
3.87194769044691
4.07345199005461
3.85365679973214
3.68499050007734
4.29580783634166
4.25398347742881
3.66973444177507
5.83223747429172
1.42271870990051
3.68499050007734
1.33129923393673
3.27657682967114
2.94097513420683
2.75401794383726
6.09841079240243
5.67670218732933
5.6246695932724
3.27657682967114
2.34560427343106
2.73829371257909
5.16030200257817
4.71469202183536
6.58280758546723
5.50243738513517
6.18248090777056
3.64835438828409
4.68849727548969
4.40628848253047
5.56012767531038
4.86646810689931
6.05651464354073
5.89512682428321
2.92268424349205
2.87625015197448
1.80732115633901
2.21573482674521
3.97584832680243
5.26828851692314
5.29395435719967
2.34560427343106
3.47162101275025
3.65144355106029
2.33843520783832
5.65183502922714
1.33129923393673
2.75401794383726
3.33366457335486
1.72398867308477
0.793016116844683
5.67670218732933
1.01430503949431
4.82833115993605
2.60244147824404
5.24143460611886
5.63801736924792
0.930972556240061
4.5414669299317
3.68499050007734
2.54064845651016
5.26725971428381
4.05177022875696
2.35369126614059
3.88166349866577
2.92268424349205
3.47162101275025
6.17240716235895
2.75401794383726
4.02516018814456
0
1.94527759573439
1.60967590027008
3.09418763190448
6.41007948072534
6.01687187539656
5.82278302229722
3.61674651773837
1.01430503949431
2.67403690330263
5.07107309818462
4.34540295339258
5.25150835153047
5.07107309818462
6.38059433679538
4.44137050512879
4.60275832438631
4.69896779057719
5.49587086603392
4.75329389848646
6.42580371198351
5.83087001500675
3.29197331193483
3.0743635809993
1.74306434706255
2.15147801746875
3.88166349866577
3.93698928298638
5.22969754792321
2.68577396149828
3.66973444177507
4.59415316549603
3.28114482227405
5.23769069155125
1.67146892200396
1.42271870990051
3.2694077640784
1.6597318638083
0.728759307568225
4.34540295339258
2.34560427343106
4.40010429524207
2.26227179017681
5.09174110852783
5.25150835153047
1.6597318638083
4.5414669299317
3.14670738298529
3.2694077640784
4.86646810689931
3.85365679973214
3.08245057370883
3.88166349866577
3.65144355106029
3.66973444177507
6.02271366476791
2.21573482674521
3.87546669055353
0.728759307568225
2.67403690330263
2.33843520783832
2.94449413431345
6.28888698287862
5.86717837780552
5.6246695932724
3.46705302014733
1.74306434706255
1.94527759573439
4.36728588573347
4.71469202183536
5.98026765909871
5.07107309818462
6.18248090777056
4.07971867523464
3.89548115864499
4.59676467300666
4.76711155846568
4.07345199005461
6.05651464354073
5.10211070743851
2.92268424349205
2.87625015197448
1.01430503949431
1.42271870990051
3.18283220995774
4.66574859055462
4.50093824035497
2.53608046390725
3.47162101275025
4.25398347742881
2.94097513420683
5.23769069155125
1.52177542441293
2.15147801746875
2.54064845651016
0.930972556240061
0
5.07416226096082
1.80732115633901
