1.80675481644793
1.80675481644793
3.8927108244031
1.80675481644793
3.8927108244031
1.80675481644793
3.8927108244031
3.11852386579983
3.8927108244031
3.11852386579983
1.80675481644793
3.11852386579983
3.11852386579983
3.11852386579983
3.11852386579983
3.11852386579983
3.11852386579983
3.8927108244031
1.80675481644793
1.80675481644793
3.8927108244031
1.80675481644793
3.8927108244031
3.8927108244031
1.80675481644793
3.8927108244031
1.80675481644793
3.8927108244031
1.80675481644793
3.11852386579983
3.11852386579983
3.11852386579983
1.80675481644793
1.80675481644793
3.11852386579983
3.11852386579983
3.11852386579983
3.11852386579983
3.11852386579983
3.11852386579983
3.11852386579983
3.8927108244031
3.8927108244031
3.8927108244031
3.8927108244031
1.80675481644793
3.8927108244031
3.8927108244031
3.8927108244031
3.8927108244031
3.8927108244031
3.8927108244031
1.80675481644793
3.8927108244031
3.8927108244031
3.8927108244031
3.8927108244031
3.8927108244031
3.8927108244031
3.8927108244031
3.11852386579983
1.80675481644793
1.80675481644793
1.80675481644793
3.11852386579983
1.80675481644793
1.80675481644793
3.11852386579983
3.11852386579983
3.8927108244031
3.11852386579983
3.11852386579983
3.11852386579983
1.80675481644793
1.80675481644793
1.80675481644793
1.80675481644793
1.80675481644793
1.80675481644793
1.80675481644793
3.8927108244031
3.8927108244031
1.80675481644793
1.80675481644793
3.8927108244031
3.8927108244031
1.80675481644793
3.8927108244031
1.80675481644793
3.8927108244031
1.80675481644793
1.80675481644793
1.80675481644793
3.8927108244031
5.8734113679633
5.8734113679633
5.8734113679633
5.8734113679633
5.8734113679633
5.8734113679633
5.8734113679633
5.8734113679633
5.8734113679633
5.8734113679633
5.8734113679633
5.8734113679633
5.8734113679633
5.8734113679633
5.8734113679633
5.8734113679633
5.8734113679633
5.8734113679633
5.8734113679633
5.8734113679633
5.8734113679633
5.8734113679633
5.8734113679633
5.8734113679633
5.8734113679633
5.8734113679633
5.8734113679633
5.8734113679633
5.8734113679633
5.8734113679633
5.8734113679633
5.8734113679633
5.8734113679633
5.8734113679633
5.8734113679633
5.8734113679633
24.8716647416932
27.3199237500303
27.1469061638282
24.0112149526305
27.5357092421042
24.4897541393588
27.5829861272603
27.4342729843007
16.8517093294919
16.9753483251007
25.8602527467282
16.0271494624416
24.5614070517589
17.0379953518991
17.1992752831071
16.4915470178324
16.5973736466939
24.7973024226095
25.0589891495437
25.0834162938605
16.7923424186984
24.5432705677319
24.7851782697667
24.3698208997125
28.0198585012755
25.0851683213363
16.5247397281064
18.2596735825784
14.8209518126171
25.2467708079797
24.983399593722
23.9282782133671
16.1255741010616
15.0087102106714
25.2582625208256
17.3779948412192
27.5931683396654
27.4563190036323
17.2956698059701
24.323496875079
27.1856122262213
27.3948213555734
24.5448260246201
24.089290733244
26.6488014249105
26.6008395947097
25.0676941720692
24.8633137619679
24.2511541344431
24.9705676367892
25.2262552654503
17.2614934585576
16.1300243854671
17.8590146566271
17.5384517039519
19.3658761235477
18.9870584214635
17.3368292161127
17.2416023267052
17.8550100710801
24.7467800247626
24.9917702072979
17.1850423855672
17.142045366371
24.3068234993767
24.0516781799797
17.1254865127561
17.0000519774377
25.1985007964042
17.8239669717942
18.0837049738687
25.1454852508712
17.1918910844692
25.5247025802522
25.1105611944506
17.4511262309946
17.1303047389734
17.028370950524
17.3256720719601
17.0171586044334
24.0816961192266
24.966063687327
16.6945152575867
18.3715765364605
24.1315813718981
23.8896903642331
16.1038224393426
24.4165776576087
17.9208245174479
23.9732073824073
23.9204412685781
23.7909658317
17.2831963022695
18.946042782034
24.9394149748019
27.3888811524913
27.0229922204144
24.3186939006798
27.4362981393027
24.8809750078933
27.6938294554505
27.447008710771
17.2820762289043
17.4608324262113
25.7281733428317
16.059474515306
24.9826471786696
17.6804424663297
17.275153533634
16.8795812464296
16.6445711480853
25.2372679949348
25.3328137253713
25.0381181016177
17.4228959635505
24.5576673440256
25.1708243124339
24.4183415530322
28.1132041593136
25.1098053889032
16.5856048774181
18.5724170435143
15.120062886717
25.8400724230652
25.4343440741993
24.1870973147
15.8814793790512
15.5473089844178
25.1864522609752
17.7935365789854
28.1807247561118
27.4099234463638
17.6297184449012
25.0562373603163
27.4768445118604
27.3484257983048
24.9279225888499
24.1147134312665
26.9733323449319
26.6894656026648
25.1339327928973
25.1577066973927
24.4072780267443
25.4080613990754
25.5453959402086
17.7693434928398
16.0129007037236
18.3583995976293
18.0890527327477
19.9257397563932
19.4840845420691
17.8235284820754
17.7386284473107
18.3761147523951
24.5609220749412
25.1442766488522
17.3599557384861
17.1820417499812
24.2738895831178
23.6310813303986
17.5852532769409
17.5450453856856
25.6447059017669
17.8998452223211
18.4709122869712
25.6066106636717
17.6922954930176
26.0961898615488
25.3039039135492
18.004571459947
17.4315084134373
17.3988294317456
18.0691877867423
17.1426022971366
24.9752770703962
25.7364354087811
16.9954030297021
18.6219946307943
25.1694284172084
25.0015466808232
16.5072654435563
24.9554291185344
18.203014404269
24.5004028715392
24.3581053844288
24.281103995211
17.7774397074778
19.4503851424088
24.6176606621218
27.2100246203737
27.0557497773785
24.2531648100449
27.4533161851438
24.2357500597874
27.4695715094047
27.3181202832118
16.7805185817893
17.337583439281
25.8258934489865
15.9594072977644
24.9236421659392
17.3146735421655
17.4067942439891
16.4212241367634
16.5202866515194
25.1032151171523
24.9518119194371
24.9943438138966
17.0139731364123
24.4518119745244
25.1148073928398
24.252790162933
27.7470539315028
24.9790588358456
16.7114912523552
17.9897856428337
15.2036186984298
25.4098059036982
24.6846806816665
23.8112474765876
16.0431810441012
15.3913770964841
25.1521530353349
17.3501872623031
27.8159443849805
27.3885768389551
17.2441457985238
24.6461260161242
27.3723637504702
27.3270791908961
24.4944971723873
24.0405223469234
26.8907512823248
26.3223666693391
24.948121977264
24.7402758160146
24.2008252822102
25.0811286848475
25.11090277913
17.3957709351462
16.0769287383471
17.9932921332156
17.2755060181419
19.3587795744982
19.121335898052
17.0123405878663
17.3758798032937
17.5394547197897
24.6406705392719
25.1755727396496
17.3787349200436
17.2363882571984
24.2007140138861
23.9839360153025
17.2198294035835
17.2222218306028
25.5370194820543
18.007769504146
18.3011139368753
25.4840039365213
17.5304097701193
25.6059211679772
24.8078249541961
17.4466911317588
17.3141072713252
17.1099916245561
17.4618782240366
17.2006863331496
24.5494262150811
25.1900348878554
16.9175095766294
18.3426236299432
24.6230278962828
24.3811368886179
16.4337319744814
24.6731784073062
17.4551491500207
23.6892149773301
23.4289947441933
23.5069734266227
17.4081361598929
18.828605595003
24.9220590713351
27.5364954295618
27.3951291768722
24.2423859937025
27.7839322551483
24.8636191044265
27.8312091403044
27.5835205289912
17.28974068014
17.2677137941516
25.8893467195252
16.4228481422746
24.7764415923255
17.33036082095
17.4916407521581
16.8872456976653
16.6586913246304
25.2382444451801
25.4475050068945
25.4611866971227
17.0847078877493
24.9210409709942
25.1718007626792
24.6621863687635
28.2411033907491
25.5261945614047
16.6970341785976
18.6883282283628
14.8595498995593
25.8230292912466
25.559658076989
24.4309421304312
16.2978685515528
15.2867959972601
25.6028414334767
17.8551866198872
27.8413913527095
27.7045420166764
17.691368485803
24.6158623441299
27.4338352392654
27.6430443686174
24.9868332371154
24.3043252738106
26.8970244379546
26.8174112742412
25.5097013845645
25.3053209744631
24.4661886750098
25.4125748492844
25.6682624779455
17.7641573756218
16.1690940012651
18.3385652556918
18.0188701696503
19.8216455604576
19.4642502001315
17.8140209947807
17.7187941053732
18.3576739881443
25.1701144744671
25.3625972205296
17.3593709182962
17.3163738991
24.8830819826437
23.9944549573671
17.7195854260597
17.6309606187358
25.4467238094483
18.1163324408452
18.4703274667812
25.3937082639153
17.4842565535201
25.895529593484
25.3886469810393
17.8912606840417
17.5704391920205
17.2006654010151
17.8710237560119
17.2815330757199
24.3660846708702
25.3947183331114
17.0962385701901
18.6844880162354
24.5602360176825
24.3923542812973
16.5064085406482
24.8937694362767
18.1674679510481
24.4503991610753
24.3227525662481
24.231100284747
17.7847965250489
19.6027049267076
24.6680549917638
27.4265962999052
27.3039727904225
24.4843358511168
27.7015391981879
24.6096150248551
27.7177945224488
27.4690891746749
17.2185499324373
17.6299489083319
25.8549874217835
16.3551059775973
25.1386767065058
17.6070390112164
17.6991597130401
16.8169228165963
16.5816043294559
25.5441571397229
25.3403277767879
25.3721142171589
17.3063386054632
24.8295823777867
25.5014298857523
24.545155631984
27.9680184089107
25.4200850759141
16.8837857028464
18.4184402886181
15.242216785372
25.9860643869652
25.2609391649335
24.3139113936518
16.2154754945924
15.6694628830728
25.4967319479861
17.8273790409711
28.0641673980246
27.6367998519991
17.6398444783567
24.9384914851751
27.6205867635142
27.5753022039402
24.9365043848825
24.25555688749
27.1389742953689
26.5389383488706
25.3901291897592
25.1822830285099
24.4158598227769
25.5231358973427
25.5529099916252
17.8984348522104
16.1159983541451
18.4728427322803
17.7550566172066
19.807993881252
19.59852767672
17.4895323665343
17.8530715819617
18.0421186368539
25.0640049889765
25.5463997528814
17.5530634527725
17.4107167899273
24.776972497153
23.9267127926898
17.8139283168871
17.853130471901
25.7852424950984
18.3001349731969
18.6877364297878
25.7322269495654
17.8227752391702
25.9767481812089
25.0859107407848
17.8868255848058
17.7542417243723
17.2822860750472
18.0072299080883
17.4653356080716
24.8338147667248
25.6186895336399
17.3192328892328
18.6555351097181
25.0516825420672
24.883800805682
16.8360432721514
25.1503701859741
17.6762150617035
24.1664067559981
23.8313060418633
23.9471078796698
17.9097363826722
19.4706231287812
24.4337200335328
27.2823603926176
27.1755975989817
24.444379076205
27.5742317513629
24.3752800666242
27.5735586151612
27.3248532673874
17.0743140251498
17.5758035983831
25.7677170201938
16.3024679600407
25.0686473052046
17.5580334709661
17.6770566791191
16.6726869093088
16.4780133111612
25.5148336245276
25.2367367584933
25.243739025718
17.2131665989617
24.7671211004666
25.4858746670888
24.4167804405431
27.7497294795187
25.3947421552034
16.8311476852898
18.2089423637194
15.2351743602051
25.8930551513969
25.2261670499073
24.1855362022109
16.177488369319
15.6624204579059
25.4713890272754
17.7348064376533
27.9540434867772
27.5673564964345
17.536253460062
24.8434742095463
27.5666992288601
27.5043756254591
24.8329133665878
24.1674267444436
27.0764462756877
26.3259909228698
25.2865381714645
25.0786920102152
24.3122688044822
25.4218550082798
25.4493189733305
17.8359068325292
16.0139789755242
18.4100399089636
17.7039396465721
19.6796186898111
19.5358060219986
17.4708462087467
17.7905435622806
18.0225646124326
25.0161946039396
25.5162507189621
17.5273021985098
17.3580787723707
24.7291621121161
23.8728252580357
17.7612902993305
17.8163765456969
25.7284152899495
18.2743737189342
18.6509444597279
25.6753997444165
17.7405820952909
25.849440734384
24.9823197224901
17.758450393365
17.7040908565207
17.1549786282223
17.8927337213521
17.4151847402201
24.7713534894047
25.5236722580111
17.2791040457006
18.5641078340016
24.9977950074131
24.8299132710279
16.7992513020915
25.0993882391571
17.9340510187325
24.1152897853636
24.0893356339325
23.8959909090354
17.8285890826562
19.3263872214936
25.1090031326808
27.6742953820819
27.4439906634365
24.208788654757
27.8327937417125
24.830021765481
27.8800706268685
27.6307681532957
17.2223619705393
17.3297199571523
25.9386027418283
16.4848543052753
24.9157786838105
17.3923669839507
17.5536469151588
16.949251860666
16.7980284161153
25.0636114567512
25.0654290754117
25.1291773642756
17.0906089824166
24.5890316381471
25.0319657247809
24.6680874634307
28.3686075106361
25.5750560479689
16.7486612976319
18.2517274498173
15.0611448531881
25.2465085134711
24.9831372992135
23.9364964288463
16.3494956705871
15.2326317801969
25.7089900524843
17.2786658421116
27.9475399717171
27.810690635684
17.7533746488037
24.6627105629508
27.539983858273
27.6919058551816
24.4087390600602
24.4436623652957
26.9458859245188
26.9552112267613
24.9316072075093
24.727226797408
24.6055257664948
24.8344806722292
25.0901683008904
17.2697116740369
16.2668842152561
17.8672328721064
17.5466699194312
19.3740943390269
19.1050735437881
17.5085515416136
17.413324652206
17.8632282865594
24.7403829498659
24.9999884227771
17.5749890039977
17.5319919848016
24.3065612048681
24.1750945439501
17.1818253777184
17.0544398409603
25.5528724284559
18.1482823890718
18.3877795613264
25.4998568829229
17.5462627165209
25.5329207957315
25.3344827639761
17.5691413533192
17.248319861298
17.2522925200495
17.8234130142402
17.3712554328495
24.0606152177031
24.9581175545658
16.7424588278738
18.3636304036994
24.1236352391369
23.8979085797124
16.1120406548219
24.5882999831095
17.7733748688574
24.1449297079081
23.9286594840574
23.9089809540245
17.7429387537969
19.1470642245376
24.838537125853
27.2731435961334
26.7743840266803
24.1951064819351
27.3717298431036
24.5661690028966
27.518958481275
27.4765115680822
16.9292738457643
17.176759778424
25.7873868522733
15.8650802459815
24.7965593660189
17.497792846784
17.2084250072789
16.7850400728353
16.7810777656054
24.8299510027109
24.7794358291489
24.480982738593
17.1759741927381
23.8077287539766
24.8555924031841
24.1529219079365
28.1751371649294
25.1523568026099
16.684735172312
17.8329536387064
14.9747797268153
25.4089220152536
24.9485597722247
23.3324243515236
15.8261711001707
15.2351035676435
25.2290036746819
17.1030514141639
28.0345310214548
27.1638766159766
17.5225095082213
24.8400457936261
27.4236009084976
27.0053707579628
24.1988736138853
23.8285632919322
26.6777101616504
26.616724692361
24.3156025317573
24.4380343767694
24.1858248784214
24.6134475664657
24.8095662281166
16.7822856204921
16.044397539292
17.3798068185615
17.2054844873738
19.0362673901539
18.6232301787158
17.080485638496
16.9368014832136
17.4331927758454
24.110429573258
24.6183393160728
17.5119766188868
17.2264616068045
24.0355424023305
23.6692425116736
17.0852625749861
17.0363385379332
25.4511137343753
17.7830073929374
18.1729257557679
25.3980981888422
17.4326632510063
25.3982703902551
25.052332820688
17.305273468524
16.8425130999907
17.2505710215708
17.8650297083755
17.0656690418189
24.6751278133089
24.9420158365929
16.6895609758291
18.0387100192319
24.4161385859948
24.1396282652472
15.8248332637703
24.1829012714401
17.7806605278941
23.8146471604032
23.6844822619548
23.6703864203945
17.671984730925
18.753716003194
24.8577063523909
27.6090484462192
27.2672120731395
24.1579876940851
27.6647784809049
24.5853382294344
27.7642013377979
27.7217544246051
17.1228385595884
17.263216509347
26.1213570539039
16.4742726455074
24.8848494500952
16.9932726276297
17.2075681043708
16.9786047866594
16.9810982047389
24.9856354418853
24.9486491553908
24.8415912778368
17.0008109916368
24.4169211535025
25.0112768423585
24.4503165068852
28.3107261119985
25.6071106283613
16.641725899717
17.9828711151771
14.7743044844251
25.391878883435
25.1831415633404
23.6164838731212
16.2809249259221
15.0346283252533
25.6837575004333
17.361505441987
27.8518503616177
27.6113638275524
17.7827275747971
24.4938160639474
27.3805916359026
27.4528579695386
24.4554514895074
24.2607331631418
26.6405913738004
26.7508080947778
24.8159987524924
24.7739392268552
24.4432706206772
24.8281775561434
24.9787795543584
16.986123555093
16.3833478200746
17.5689938608793
17.2825585872431
18.9631903908657
18.8124172210335
17.1008500202473
17.1259885255314
17.454702485198
24.5651833990094
24.7342821413359
17.4967409064137
17.4284601937395
24.4902962280819
24.2784349111995
17.2872611619211
17.1899202087996
25.5327070050393
17.7821504900293
18.1576900432948
25.4796914595063
17.5191199819294
25.2186606352031
25.2310779317025
17.2321964692357
16.8416561970826
17.0755630244107
17.6894636045662
17.0648121389108
24.3117541863403
24.768569451598
16.6652597271089
18.2848130120589
24.0527649590263
23.7762546382787
15.9786843497914
24.2855701650814
17.8478081731707
23.8706745410053
23.7258587502738
23.7264138009967
17.7339270265404
19.000104187318
24.6748621514337
26.9301314053812
26.838612762876
24.424269949163
27.3753609666676
24.4024940284773
27.0497654916322
27.0073185784394
16.660301939609
17.3843601667367
25.2452160197881
16.1442061779879
24.9716589746915
17.3326065870084
17.4856132474726
16.51606816668
16.5121058594502
25.0766429690195
24.6068555589686
24.4141871227867
16.9906302853995
24.078329713068
25.1050342510475
23.6910692220759
27.823750198616
25.3535332008493
16.6233493134267
17.4847637144866
15.1974407238821
25.3598070084392
24.6675109259939
22.8725711103808
15.9655093506857
15.4577645647102
25.4343361892683
16.8682271541539
27.8333805369714
27.2725263515376
17.2876852482114
24.7318094364439
27.3501381095367
27.1120880853155
23.9640493538754
23.9719820969875
26.8843023841089
26.2602273620391
24.3885945974423
24.1219615924547
23.9510006184115
24.694230239018
24.6373033384918
16.8507974409735
15.5072067859588
17.448318639043
17.1760053545493
18.8725924157347
18.6917419991972
16.9168106640767
17.0053133036951
17.2695178014261
24.2412428508581
24.8821695371505
17.6692399398818
17.357609559789
24.1663556799306
23.9398434707651
17.2164105279706
17.3380676725347
25.7059668586113
18.069896310581
18.3149469596259
25.6529513130783
17.62557470318
25.2091462023674
24.6958354903662
17.1415984941048
17.1050124040455
17.0637081087604
17.6595069484033
17.3278935422381
24.6371237075695
24.8314712002233
16.8233911713075
17.8175981075622
24.3781344802554
24.1016241595078
16.0699354605906
24.4010395667627
17.7511813950697
23.7766430546638
23.6464781562154
23.6323823146551
17.6228697241106
18.2845230135511
24.5548175222218
26.8559286581619
26.7960613491693
24.5214644934093
27.3328095529609
24.511202338428
27.0072140779255
26.9647671647327
16.7510673929607
17.3859512090368
25.195959997485
16.145797220288
24.8959190885074
17.3341976293086
17.4872042897728
16.5176592089802
16.4184737806873
25.3148731627492
24.9346791531799
24.8760941350005
16.9922213276996
24.5402367252819
25.2511793618032
23.692660264376
27.7108996919295
25.3109817871426
16.5753243815253
17.9922347731428
15.0773960946701
25.7909574162508
25.0986613338055
23.5123871819296
15.9174844187843
15.5150022876668
25.3917847755616
17.2993775619655
27.7908291232647
27.2299749378308
17.2892762905115
24.733400478744
27.30758669583
27.0695366716087
24.3967731609667
23.8962422108033
26.8417509704022
26.1860246148199
24.8213184045335
24.554685399546
23.8752607322273
25.1269540461093
25.0700271455831
17.4906135125223
15.4876646695518
18.0647465889567
17.7935759747323
19.4589588769731
19.1905127019918
17.3567476026553
17.4452502422737
17.909333872975
24.7487139095143
25.3901487048669
17.5172190594811
17.2055886793882
24.5975060877422
23.8161878452396
17.608800206348
17.7692180803463
25.6634154449046
18.0714873528811
18.4610920703816
25.6103998993716
17.6271657454802
25.7171253700838
24.7530732133227
17.6035055063186
17.5669194162593
17.015683176859
17.7707148954759
17.3017683904094
25.0770606461481
25.3389422588795
17.1637002106455
18.1323184392489
24.8856055389116
24.7414402310567
16.6093989127452
24.8409765053413
18.2870120386423
24.2165799932424
24.18594160837
24.094289326869
17.7283247006634
18.8708894747895
24.3322525852238
27.115817798271
26.7493013096083
24.5148255313002
27.4148855301961
24.2886374014301
27.265972053588
27.2235251403952
16.8957246497454
17.3712205315551
25.5176608042196
16.129260681134
24.8892801263982
17.3796602747303
17.4724736122911
16.6631843323985
16.6043354043023
25.3082342006401
24.6129783464453
24.8293340954396
16.9483270082079
24.5219815721205
25.2445403996941
23.9440779362563
27.9678940326098
25.2990370735326
16.6574003587606
18.2492291138231
15.0626654171884
25.8730333934861
25.3234509211356
23.7618054090922
15.9009478796303
15.500271610185
25.3798400619516
16.9776767552309
27.7638867085189
27.3120509150661
16.9675754837769
24.51664776733
27.3896626730653
27.151612648844
24.0750723542321
23.9783181880386
26.835112008293
26.4430189555002
24.7745583649726
24.8144989249599
23.5535599254927
25.2090300233446
24.7483263388485
17.5726894897576
15.8093654762864
18.146822566192
17.6352726446449
19.2363939399751
19.2725886792271
17.1341826656574
17.527326219509
17.686768935977
24.7304587563529
25.3835097427578
17.5024883819994
17.2876646566235
24.5792509345809
23.7979326920783
17.6908761835833
17.7544874028646
25.6519130225365
18.0567566753994
18.4463613928998
25.5988974770035
17.6124350679984
25.5718142891955
25.010067554003
17.3809405693206
17.5521887387776
16.8703720959707
17.6435055551001
17.2870377129276
24.9152053489
25.1221895474654
17.1489695331638
17.8106176325144
24.7237502416635
24.5795849338085
16.5946682352635
24.8343375432322
18.1287087085548
24.0547246959943
24.0240863111219
23.9324340296208
17.8104006778987
19.1296474504521
25.0124370091303
27.4308860879419
26.9647339970728
24.4277904857301
27.378039915961
24.7400688861738
27.6355712321089
27.5915104566565
17.0456107208094
17.3801446652162
25.8737852647418
16.1214806783067
25.0148645602488
17.5997547053347
17.194465772639
16.9415874094304
16.9376251022005
24.8935482080118
24.8354861698538
24.610600005894
17.2740890692886
24.1301492483019
24.8619024760415
24.2695346587704
28.2407082792007
25.1586668754673
16.5338987856705
17.9667294664746
15.2077358133285
25.2635516452897
24.8578232964238
23.588097399464
15.8297732873036
15.3898115565726
25.2926008799828
17.061836882889
28.1859587368507
27.4151574271027
17.6917246079019
24.9909711680549
27.4820784925993
27.2044840578447
24.1570251847704
24.0849637242574
26.853107033002
26.7297338540802
24.3630353888177
24.3868092933131
24.353811891205
24.6371639949959
24.774498536129
17.0820945642305
16.2140241284965
17.6942639870196
17.4249171221379
19.2919404380943
18.9321046587012
17.3252558018839
17.2403557671192
17.6888658237858
23.9884966263442
24.6858728340302
17.5755738241877
17.3976598356827
23.6973688053422
23.9256429439988
17.0474932285996
16.9685246079101
25.6499398825058
17.7690481582975
18.2365229610687
25.6118446444106
17.6509684452363
25.6377860467267
25.146406485704
17.5553638279918
16.9823007814821
17.3471233399979
18.0215770449706
17.1289914434842
24.8626108442534
25.1070314032111
16.49892936339
18.1448936324899
24.5400244116385
24.3380141807442
15.9702036337342
24.4571564383429
17.9901667080655
24.0021301913477
23.8682172851686
23.8631896474189
17.7355819362258
19.0093890511343
24.5067420678612
27.3249319943269
27.1173393756401
24.5534756612553
27.5159735280213
24.2343739449047
27.5153003918196
27.4693550132729
16.8378485170549
17.4951158373881
25.9133289421039
16.3644741230415
25.1008646867838
17.4773457099711
17.5963689181241
16.7346930723095
16.7710672652764
25.1711138376046
24.7394092029758
24.8162209299943
17.0643597046998
24.3396030047429
25.1769528306964
24.2679735462813
27.8772335994057
25.4436036417676
16.7794415935422
17.6032547866797
15.3228472868166
25.3165343736214
24.6496462721318
23.5865362869749
16.1257822775713
15.5049230300608
25.577537646283
17.0028047584951
27.959277467516
27.5725904771734
17.5982596230627
24.7782080172849
27.5719332095989
27.3604338849989
24.0620159625083
24.1376770374345
26.9562209637578
26.3662591742853
24.515640767385
24.3077946061356
24.2588026689428
24.6509576042002
24.678421569251
17.1486579039199
16.2151024002971
17.7461791019894
17.0398040359624
19.0458193715123
18.9840197736711
16.9725735285552
17.292270882089
17.3353156838233
24.4437691553426
25.0584135703987
17.7429202842114
17.5736968580723
24.1526413343406
24.167386871636
17.2235302509892
17.2398557679213
25.7336492706884
18.1435766549106
18.4257026302773
25.6806337251554
17.6992550475096
25.3880335776277
24.8248222946449
17.3092427614098
17.2548832245655
17.1032725364747
17.8451229795804
17.4015738865677
24.6586872632619
24.8942682524412
16.7826303793885
18.0870068356971
24.3683910018431
24.1663807709488
16.262464295905
24.6011155589656
17.6956258006116
23.6170171051721
23.5994475346723
23.4780765612433
17.7867313114042
18.8853911302191
25.0422903314325
27.4608179003945
26.8569508879583
24.4016743211506
27.4542967043816
24.8800456248861
27.601525342553
27.5046800563873
17.1638354706411
17.1950528006537
25.9066002923495
15.5969942939208
24.9364133597402
17.5160858690137
17.2267180295086
16.5238233747189
16.8250101273165
25.2119773679658
25.3318843423641
25.1474913965869
17.1480030211589
24.4742374119704
25.0882465530215
24.1249507363572
28.1630812459717
24.9500283198593
16.6407765749563
18.4166867488102
15.1785329323949
25.7331490679496
25.2727868249207
24.0527413008243
15.782212502815
15.1875427831549
25.2144854300421
17.6779979935006
28.169265393977
27.2986109884988
17.2434006175262
24.8539923223213
27.5583352810198
27.1595263788682
24.8036259766481
23.9739505057574
26.7658102430322
26.7565786860824
24.9203548945201
25.0427867395322
24.3712187782108
25.2181999292285
25.4143185908793
17.5395817096492
15.9724415469902
18.125486906086
17.952032441532
19.7819474776785
19.291079022664
17.7011978884562
17.5575137331738
18.1904888650025
24.6941626833617
25.3312063837622
17.439652951919
17.1541379398367
24.3597694550265
23.7590736902359
17.4141093767733
17.3786434480579
25.5919422095388
17.7943135235633
18.4628670380487
25.5389266640058
17.4106044337233
26.1114178700103
25.0047720361994
17.9846903656368
17.5219299971035
17.2066124242151
17.95822224443
17.0433354209003
25.0721072762271
25.5657556326608
17.1734541495479
18.6212389409809
25.0398783820627
24.8599452145479
16.545150213071
24.7726839613827
18.4105455637149
24.4044298503458
24.4047992112555
24.3374617446471
17.7158262356562
19.1165144973039
24.522568318765
27.295062046667
26.8096925399987
24.4687827885205
27.3299109345911
24.3603236122185
27.3205510583945
27.2237057722288
16.8305591151273
17.2499025137355
25.8994076736361
15.914564131507
24.9494579685549
17.1363705617199
17.3511555944715
16.1914148858388
16.532938138633
25.2966143344163
24.9622064294005
24.9692086966253
16.5800098496392
24.7756498580879
25.175633401027
23.8497886777826
27.9215385808209
25.1984216979399
16.4173357162131
18.178341125753
15.2374203155963
25.5238124144305
25.0693775265023
23.7775792422497
15.9599946589099
15.2464301663563
25.4678820612002
17.5223448766375
27.6024175500586
27.2787946454135
17.0877475006631
24.189942970469
27.3246508353543
27.1382268128664
24.647972859785
23.9571476641081
26.8103474656328
26.5099256569231
24.8818598760498
24.9012647224343
24.2155656613477
25.1387609550762
25.0446406779158
17.4460385302726
15.9814063197456
18.0316689230739
17.7164372601945
19.1088546358524
19.1973422082472
17.1814758757886
17.4639705537972
17.670766852335
24.8557874479878
25.432695350789
17.4334259620624
17.1232308929632
24.5213942196526
24.0604861363533
17.3832023298997
17.5265829492577
25.679876873658
17.9174288273416
18.4411146280414
25.6268613281249
17.4397422720317
25.431012113848
24.7581190070401
17.3115975238108
17.6206556872929
16.5284679431302
17.2810373796923
17.1420611110898
24.6643577878305
24.8993980016212
17.143510731161
18.4655858241179
24.6321288936661
24.4521957261512
16.6264787960259
24.8287672568473
18.1749503823774
24.1526772775395
24.1530466384491
24.0857091718408
17.5046562289838
18.8355402131454
24.7245384977904
27.332648835426
27.1859208570267
24.4389254552163
27.6554252895186
24.3308316527562
27.592195724457
27.4407444982641
16.9596342673872
17.522339203767
25.9799687941426
16.1468655098561
25.0937089942862
17.5167826465403
17.608903348364
16.5438483518158
16.6598393270343
25.3002830309274
25.0449555056061
24.8171429842301
17.162642090344
24.3318982773013
25.3025376876496
24.3829612425813
27.8696781465552
25.1811679402205
16.8907458502628
17.7513307453949
15.4307900064617
25.5154792902943
24.49971220767
23.7956205052569
16.2370865342919
15.5932113972234
25.3542621397098
17.4543023772204
27.9633429771077
27.5760350510467
17.3916694248543
24.7924544872413
27.5598219625618
27.5136751157897
24.5606591666387
24.231241302907
27.0683194922919
26.4449908843914
24.9991943246626
24.799662014664
24.3471537533273
25.1785304179489
25.1619751265286
17.4455576214347
16.2510862080082
17.9820659120954
16.965839537951
19.2700947343838
19.1165323809921
16.8002802202031
17.43010368549
17.3202865206622
24.4832495890201
25.1640979152774
17.5678186673472
17.4108211122188
24.3226566413953
24.1688116605289
17.363879104262
17.3806503408463
25.7383041205516
18.2098786085208
18.4888442316851
25.6852885750186
17.7004765984663
25.592166158187
24.9301743656128
17.39449048438
17.333844648673
17.3021750359781
17.6571037846997
17.4027954375244
24.613540099402
24.9752842464814
17.0812513601909
18.1302134713838
24.4494069958834
24.444185583014
16.4156461964522
24.7389483623665
17.6040954420582
23.44472379682
23.6037121931885
23.2034548468565
17.5812155624195
18.7323738902927
24.749343165229
26.8714680687713
26.791840785361
24.2701034581066
27.3285889891526
24.3556363201949
27.0029935141172
26.8534268910186
16.6754970506824
17.3731624033117
25.207392864411
15.8869812797852
24.9248869971765
17.3214088235834
17.4744154840476
16.2588432684773
16.3582141720294
25.174859487403
24.7602024210984
24.4230629125643
16.9902645227979
24.0872055028457
25.1561475971499
23.6907034594743
27.6265375417859
25.0068382864041
16.635042266962
17.5084705526914
15.3113627508994
25.2714151954482
24.5791191130029
23.1053621668676
15.977202304221
15.4737841416611
25.1849357389709
17.0693768738445
27.7752838666202
27.2139804958945
17.0304603500086
24.6983729869055
27.2920414391855
27.1509996249191
24.2042854379602
23.9871772080608
26.8994974951823
26.2024082712117
24.6288306815271
24.3621976765395
23.989912158015
24.9344663231028
24.8775394225766
17.1898540381339
15.5072067859588
17.7263623287947
17.4551917145703
19.1205746168111
18.8608287976914
17.0858974625709
17.1744001021892
17.6067716296637
24.2385568145645
25.0378488530289
17.4670312120246
17.155117528918
24.0779638669396
23.9004024575431
17.1081755209612
17.2417676474285
25.6484310707976
18.1088078501846
18.3396674312298
25.5954155252646
17.5750162265412
25.3653921845045
24.7118550673171
17.2449703668072
17.2083842767479
17.0754010622957
17.4144451947788
17.2773350655993
24.6134072790393
24.8788944669583
16.9660850953033
17.7719700624957
24.4255577469904
24.4203363341211
16.2664693959969
24.5701263652568
17.8050214064802
23.9457298531579
23.7961131846955
23.7044609031944
17.349228407649
18.1468987605788
24.7639795110124
27.4865405228468
27.3398125444475
24.4503980222769
27.8093169769394
24.4849981438126
27.7460874118778
27.497382064104
17.113525954808
17.6762308911878
25.9214360499127
16.4040904080588
25.247600681707
17.6706743339611
17.7627950357847
16.8010732500185
16.6600141518249
25.371153311038
25.0068602675108
24.9034955452633
17.3165337777648
24.4182508383345
25.4205111400414
24.5368529300021
28.0666103913195
25.5278628546656
16.9823861075094
17.8967107056842
15.4307900064617
25.6038711032853
24.5881040206609
23.6673836624212
16.3287267915386
15.6805250310545
25.6045097267376
17.40686952016
28.1172346645285
27.7299267384675
17.648894323057
24.9463461746621
27.7137136499826
27.6675668032104
24.5132263095783
24.3851329903277
27.2222111797127
26.5988825718122
24.9517614676022
24.7522291576035
24.5010454407481
25.1310975608885
25.1145422694682
17.2993042512986
16.1477529972263
17.8968254493681
16.8803242715881
19.2149157603318
19.1402488095223
16.8239966487333
17.4538201140202
17.175835919449
24.6217602953651
25.1036469502098
17.7703106982181
17.6133131430897
24.4110484543862
24.0943306467336
17.4721141112713
17.4869343464161
25.8921958079724
18.3637702959416
18.6068176840769
25.8391802624394
17.8543682858871
25.5317151931194
25.0174879994439
17.4182069129103
17.3575610772033
17.3938152932248
17.9021655383242
17.5566871249452
24.4444533009078
25.1206642067707
17.0812513601909
18.3320849022188
24.5947869561727
24.2945602068949
16.3618061850416
24.7626647908967
17.3945875665779
23.4684402253503
23.5498721817779
23.2271712753868
17.8548568788811
18.8699981432651
24.3833257038908
27.0657887130861
26.9273745859376
24.2132080351331
27.3260087383189
24.0014151015565
27.3253356021171
27.1738843759242
16.6362826745017
17.2834381293322
25.7386230473968
15.9067692802078
24.853612764638
17.2656680019152
17.3846912100682
16.2769882294759
16.4166956332247
25.0738916019571
24.8482209011424
24.8659686224558
16.9208011299107
24.3893506972044
25.0992521741763
24.1244149714922
27.528484590045
24.953715915135
16.6588532347986
17.780287717935
15.1965762732629
25.3167966681299
24.6499085666403
23.6828722851467
16.0051939188278
15.3843346713172
25.1268101146243
17.2576146589854
27.7058204737331
27.3191334833905
17.1405547802291
24.5511087404954
27.318476215816
27.256152612415
24.3909061540926
23.9523922038769
26.8282232626437
26.1094192433383
24.8445309589693
24.63668479772
24.0972342639156
24.9798477957845
25.0073117608353
17.333242915465
15.9749093597261
17.9307641135345
17.2243890475075
19.2304043830573
19.0586142433306
16.9936544300787
17.3133517836126
17.5199006953684
24.592860154235
25.1454237057303
17.3532569687946
17.1837502396418
24.1529036288492
23.9300484806483
17.1671913860269
17.1954518848622
25.4801922769054
17.9820082498833
18.2643219668154
25.4271767313724
17.4482166262399
25.4786137211523
24.7042339359014
17.3183159403179
17.2639564034736
16.9826841777312
17.3473820373003
17.150535465298
24.4869649377611
25.0950176122267
16.8773807330972
18.2511963542267
24.5691403616286
24.3272493539637
16.3969400044215
24.6221964604891
17.6874075851323
23.6380980066956
23.6870243362625
23.4558564559883
17.3269888598767
18.6843696877155
25.0950441939332
27.7967227504803
27.37319315619
24.504343214792
27.7473453421828
24.9327994873867
27.8467681990759
27.7499229129102
17.3574001844652
17.256968637169
26.2405704939801
16.2061866934467
25.014813441692
17.2043688768838
17.3411079136841
16.717388088543
17.0250305664499
25.3676618071402
25.5568783018637
25.5147793588341
16.9728398200576
25.0834298114964
25.2439309921959
24.4602953322441
28.2983839388478
25.4047821456107
16.4430593134322
18.5666042252809
15.0727279341663
25.5613979472019
25.5073686160363
24.3861575766485
16.2369663285664
15.0817377849263
25.6692392557936
17.9364520213238
27.9883214181751
27.7460982000746
17.5018546453493
24.4136173061349
27.3606180194957
27.607013590444
25.0602038522702
24.406120376967
26.8684791366736
26.8906620884992
25.4354020075383
25.378691589618
24.6286645204666
25.3393261302713
25.6472119946011
17.6510110108286
16.3113918277728
18.2219905113468
18.0282386747677
19.7798157457614
19.38766379652
17.7539930830543
17.6542921420701
18.2435615205682
25.1489165091131
25.3321828340074
17.2846295579545
17.3036624791114
24.8145232807779
24.3682660897618
17.563633916048
17.4023274395576
25.649272165319
17.9087034077388
18.3078436440843
25.6109075120691
17.4871711625218
26.0049028884532
25.1835171472139
17.9816822677079
17.636319881279
17.1013985247789
17.8517072628729
17.1577253050758
24.7087336492586
25.3923092476659
16.9947143270532
18.8709227338752
24.6765047550942
24.4965715875793
16.699001299092
24.7355651735327
18.4601224810602
24.4604572309479
24.4461756995744
24.3934891252492
17.6850878151321
19.3617573538268
24.5463253000505
27.3842846667163
26.8973487331423
24.2917741555443
27.4482269462954
24.273957177094
27.4082072515381
27.3641464760857
16.8800111408567
17.2526473847776
25.8407429431392
16.3115902740869
24.8391631810729
17.2452264121061
17.3539004655135
16.7759878294776
16.7784812475571
24.9441471754008
24.519418560478
24.5962302874965
16.3066414275271
24.2993071769743
24.9152513249855
24.0479829037835
28.1269601972573
25.4676089631272
16.5907142441706
17.844190380038
15.0803788342061
25.1800327352395
24.7889216009174
23.3665456444771
16.0728984286167
15.2624545774502
25.6056990839897
16.9499209095405
27.2185110950892
27.3971106571178
17.5801106176153
24.1034429044508
27.3742117904027
27.1849540649433
24.0217201347397
24.0803598685054
26.6945194580469
26.6123809527808
24.2956501248872
24.3402078720875
24.2185068411743
24.5144559658184
24.4584309267532
16.9599305545483
16.1969533948497
17.5574517526178
17.1806026612184
18.7312420203737
18.7952924242995
16.8591440928041
17.1035435327174
17.222754114706
24.403473327574
24.831446908195
17.5375271579227
17.3849695087007
24.112345506572
24.0948008726713
17.0348029016176
16.9973873153108
25.5640488660721
17.9381835286218
18.1832341776667
25.511033320539
17.4938619212209
24.9206030294364
24.9843918758069
16.9946654102712
17.0494900982768
16.6333967529984
17.3072923513218
17.196180760279
24.3678078112622
24.1383952443957
16.5772372530998
18.0341229867425
24.0452213786473
23.843211147753
16.0199958432945
24.3394140532547
17.7557787017387
23.7579107825877
23.6386487686917
23.6189702386589
17.6502296730223
18.7820250705635
24.7770230382436
27.4629786126648
27.3003602293265
24.4761243914675
27.6979266370918
24.45870964121
27.7141819613527
27.5608392933764
17.020995963946
17.5905374315721
25.9864926168467
16.2123612900555
25.1765961582303
17.5676275344566
17.6597482362803
16.6741781290546
16.7732406438105
25.2350566658825
25.0125041825766
25.0499948864364
17.2600404561058
24.5074630470642
25.3409059654315
24.498582678991
27.9709755010284
25.2236692877936
16.8652325811581
18.0454367153734
15.3655636414168
25.4190893091022
24.6939640870705
23.8194656920668
16.1969223729041
15.5628246183494
25.4051070276261
17.3962286331595
28.0688983772717
27.6415308312462
17.4970997908149
24.8990800084153
27.6253177427613
27.5716896428441
24.5037805777912
24.2934763392145
27.1353617342728
26.5753206616302
24.9574053826679
24.7495592214186
24.4537792745014
25.0904120902514
25.120186184534
17.4039891506255
16.238873681334
18.0015103486949
17.2837242336212
19.3669977899775
19.229461018252
17.1204657080662
17.4840049234937
17.547672935269
24.6963216118116
25.1837909551289
17.5350376595384
17.3926909966932
24.20999741929
24.1432983914242
17.2658707744399
17.2682632014592
25.7899734743455
18.2607234964371
18.5272125094671
25.7369579288124
17.7833637624104
25.6141393834564
24.9792724760613
17.5548162519587
17.4222323915252
17.263732953359
17.7023556061934
17.4536403254407
24.6575513352811
25.2456859603952
17.0162970778642
18.398274702483
24.6786789688225
24.3893551040971
16.4419501899607
24.7813035275061
17.4633673655
23.7973400975301
23.4372129596726
23.6150985468227
17.6342347324846
18.8368238104823
24.5426880800126
27.3187427053773
27.1719850378856
24.4361676165557
27.5706191902669
24.2243746829791
27.5699460540652
27.4166033860888
16.8767600566585
17.5363921216233
25.899222215257
16.159723272499
25.1065667569291
17.5186219942063
17.6376452023593
16.529942221767
16.6696496255158
25.2057331506873
24.9089131642819
24.9216196949955
17.1668684496043
24.4450017697441
25.3253507467681
24.3702074875501
27.7524061595706
25.198326367083
16.8125945636015
17.8359387904747
15.3585212162499
25.3260800735339
24.6591919720443
23.691090500626
16.1589352476307
15.5557821931825
25.3797641069154
17.3036560298417
27.9587744660242
27.5720874756816
17.3935087725202
24.8040627327866
27.5714302081071
27.500763064363
24.4001895594966
24.2053461961681
27.0728337145917
26.3623732356294
24.8538143643732
24.6459682031239
24.3501882562067
24.9891312011885
25.0165951662393
17.3414611309443
16.1368543027131
17.9389823290138
17.2326072629868
19.2386225985366
19.1667393635306
17.1017795502787
17.4214769038125
17.5281189108477
24.6485112267747
25.1536419212096
17.5095597082894
17.3400529791367
24.1621870342531
24.0894108567701
17.2132327568833
17.2414932557186
25.7331462691966
18.2349622421744
18.4904205394071
25.6801307236636
17.7011706185311
25.4868319366315
24.8756814577666
17.4264410605179
17.3720815236736
17.1364255065341
17.5878594194571
17.4034894575891
24.5950900579611
25.1506686847664
16.976168234332
18.3068474267664
24.6247914341684
24.335467569443
16.4051582199008
24.7303215806891
17.6956258006116
23.7462231268956
23.6952425517418
23.5639815761883
17.5530874324685
18.6925879031948
24.4183583306378
27.1620900889493
26.7880814138237
24.0658101859105
27.3082998084161
24.1000449336043
27.2989399322195
27.0502277457566
16.658295773605
17.3254600424075
25.669731607106
16.1448296491081
24.8789032502797
17.2229510290263
17.4267131231434
16.4148111494955
16.2974684798322
25.012804487545
24.52500954022
24.5377160709336
16.7167998389804
24.3441572323962
25.0976872401186
23.9863038634882
27.9192156902136
25.3545862058877
16.498049470761
17.8981622995548
15.1475891370341
25.1995853617345
24.7451504738063
23.3071868765641
16.0407084134578
15.3448501139666
25.4437327346498
17.101115159931
27.5256577601462
27.2020348555012
17.3290359568986
24.2586312451966
27.247891045442
27.1307104441826
24.2360237240466
23.9430268143173
26.8451702079423
26.4283238253354
24.4699107403113
24.4893155866959
24.185154554123
24.7268118193377
24.6326915421774
17.0269160381038
15.9500291012654
17.6244372361733
17.3080629030245
18.7013481453162
18.8521942706901
16.8244371329634
17.106931810972
17.2516443601662
24.5476666894268
24.9607132580673
17.4910875164515
17.181175750366
24.1971671669566
23.8423541212087
17.0543555281126
17.1742940586694
25.5975838636418
18.0611054892804
18.2794884601913
25.5445683181087
17.527313865637
24.9590300211264
24.8565389546505
16.8891666072974
17.1982247707796
16.6091816976782
17.1197490670517
17.2296327046951
24.1454453779985
24.6029289179891
16.802311481438
18.1309886513433
24.335659810034
24.0463359453086
16.1942261406849
24.5026580740397
17.5347678524507
23.8265680947319
23.6738950761819
23.6443265440245
17.4464359146876
18.6181120889994
24.990834205806
27.667023028829
27.351582030015
24.101370612182
27.7257342160079
24.6725208087725
27.8251570729009
27.576444886438
17.1851368429429
17.3435491044754
26.01089442745
16.4364522110478
24.9442587234168
17.2909493441902
17.4276883809905
16.9407843521997
16.789560907649
25.0838519602688
25.1196814126832
25.0832867331424
17.1093550057632
24.6519371858047
25.1659848312876
24.5968105179497
28.2963473024335
25.5609466535585
16.5237730679801
18.2864253990827
14.9828967556041
25.2371708945059
25.1831415633404
23.9147000989061
16.3176800831144
15.1801577325366
25.6459370659736
17.5169863433698
27.9115616282627
27.6693384101623
17.7449071403374
24.4823055808625
27.2838582295834
27.5994972217602
24.6482547165317
24.3919995271763
26.9033018789831
26.8105193614228
25.0234528717999
24.9667424538795
24.5982534132419
24.9273769945328
25.2352628588627
17.2318885186598
16.2800146092926
17.8147588244461
17.6207321842314
19.3740943390269
19.042515858963
17.3969543402291
17.2972533992449
17.8244390283994
24.8407957505521
24.8602007412858
17.3425744153574
17.3616073365142
24.4902962280819
24.1501340746172
17.2347871142609
17.0600225294329
25.5669791553028
18.0523800696776
18.155364972686
25.5286145020529
17.5747427561271
25.5329207957315
25.2819370948242
17.5592513511946
17.2138889647657
17.1821122793268
17.6932377553496
17.2452968986812
24.1898212394266
25.0958401640339
16.6535150773302
18.5190324126932
24.3800356714621
24.0907118067367
16.266748643751
24.409455990725
17.8366575778424
24.1343480481403
23.9670241373072
23.952106497433
17.6268675008358
19.1454745572819
25.0310271178149
27.5728777423214
27.3915166157762
24.0914806100574
27.7803196940522
24.7127137207814
27.8275965792083
27.5780165261117
17.0921867116487
17.2283023173918
25.9244960149814
16.3834366655148
24.81436104405
17.2909493441902
17.4522292753983
16.8478342209055
16.6966107763548
24.9291439713397
25.1196814126832
25.1390673664002
17.0384097383919
24.5989216402717
25.0112768423585
24.6156134157705
28.3395750878705
25.5225820003086
16.6784810569093
18.3153246551181
14.9828967556041
25.391878883435
25.1285076691774
23.9364964288463
16.2793154298645
15.1801577325366
25.6075724127238
17.4240362120756
27.8461223319566
27.7092729959235
17.6519570090432
24.5764508673701
27.4385662185125
27.6394318075214
24.5541094300241
24.3422447255351
26.8934118768585
26.8537935870008
25.0769775774732
24.8725971673719
24.5041081267342
24.9798510421931
25.2355386708543
17.2697116740369
16.1886361176721
17.8672328721064
17.5466699194312
19.3740943390269
19.0951835416635
17.4449543363127
17.3497274469051
17.8632282865594
24.8024310973023
24.9999884227771
17.4970129891319
17.4540159699357
24.4519315748321
24.0971185290842
17.3271957476823
17.1998102109242
25.4514547886954
18.0769209640854
18.3098035464605
25.3984392431624
17.4448450767603
25.5329207957315
25.2820087163159
17.5592513511946
17.2384298591734
17.1821122793268
17.6932377553496
17.2701125967245
23.9970180124022
25.0217147598667
16.7933027588215
18.4272276090002
24.1872324444378
23.8979085797124
16.1120406548219
24.5247027778086
17.7733748688574
24.0813325026073
23.9286594840574
23.8990909519
17.6649627389311
19.1470642245376
24.5176258763556
27.2026714524162
27.0642573252676
24.1930180409023
27.4628914776489
24.1239190313215
27.4622183414472
27.2135129936733
16.8296568843773
17.4203208686622
25.7791498871198
16.1469852303198
24.990495503968
17.4025507412452
17.5215739493981
16.5172041795879
16.3998615099245
25.2057331506873
24.9470084023772
24.6954794524709
17.0576838692408
24.2188615272196
25.2217561039413
24.2612977108222
27.7611623464446
25.2834018814894
16.7875323599445
17.5560913447739
15.3585212162499
25.5093376006457
24.8424494991561
23.6739569734978
16.1338730439737
15.5209426070116
25.3600487535614
17.3510888869022
27.8427032130631
27.4560162227205
17.3807707303411
24.6879914798254
27.455358955146
27.393035351745
24.447622416557
24.089274943207
26.9651060019737
26.2463019826683
24.9012472214337
24.6934010601844
24.2341170032456
25.0365640582489
25.0640280232997
17.3423441311164
16.0335210919311
17.8788524217772
17.1727521593857
19.1484312026247
19.0133188906739
17.0071928416378
17.3268901951717
17.527199142097
24.3702128389384
25.0687225163132
17.6324989121094
17.4632754859703
24.345444561365
23.9504266260958
17.4163334780135
17.4326589949457
25.6170750162355
18.1188909892133
18.3868258965804
25.5640594707024
17.5850993655699
25.4019125317352
24.8408418715958
17.2728269526209
17.2184674157766
17.1113633028771
17.6635523218877
17.287418204628
24.3077001222959
24.8708212390656
16.976168234332
18.0269999810656
24.3449439884675
24.3397225755982
16.3136278613474
24.6357348720483
17.4484275779884
23.6516364182548
23.6037121931885
23.4103674682913
17.6051606537116
18.7951997343072
24.3932961269808
27.0460188359881
26.6803537012057
23.9653545342529
27.2005720957981
23.9995892819466
27.1912122196015
26.944391474922
16.6111926013239
17.2093887894464
25.6460151785757
16.028758396147
24.7628319973186
17.1068797760652
17.3106418701823
16.2987398965344
16.1813972268711
25.012804487545
24.5631047783153
24.311575828409
16.6076152586169
24.1180169898717
24.9940925972919
23.8773940867603
27.8321768600181
25.2468584932697
16.472987267104
17.618314853854
15.1475891370341
25.247018218795
24.7925833308667
23.2900533494359
16.0156462098009
15.3100105277958
25.3276614816887
17.1485480169914
27.4095865071851
27.0859636025401
17.2129647039375
24.1425599922355
27.1318197924808
27.0229827315646
24.283456581107
23.8269555613562
26.7374424953243
26.3122525723743
24.5173435973718
24.5367484437563
24.0690833011619
24.7742446763982
24.6801243992378
17.027799038276
15.9500291012654
17.5643073289367
17.2490756660572
18.6111567494042
18.6987737978334
16.7298504243226
17.0123451023312
17.2507245914155
24.2693683015905
24.875793853171
17.4586421592154
17.1487303931299
24.2446000240171
23.8172919175518
17.101788385173
17.2217269157298
25.4815126106806
17.9450342363193
18.1758938173645
25.4284970651476
17.4112426126759
24.87411061623
24.8216993684797
16.7355524994004
17.0446106628826
16.5841194940212
17.0683536682496
17.113561451734
24.0508586693577
24.3230814722883
16.802311481438
17.8511412056425
24.0558123643332
24.0505909514638
16.1026957821316
24.4080713653989
17.4432374938973
23.731981386091
23.5823647176286
23.4907124361275
17.3428412718608
18.5279206930875
24.8314718296842
27.4140690365379
27.106971578067
23.8784110307594
27.4811237640599
24.4495612273498
27.5805466209529
27.3337258762734
16.9446594607861
17.0905951121842
25.8502952595897
16.1834982187566
24.6913047311256
17.0379953518991
17.1747343886994
16.6878303599086
16.5366069153579
24.9520104115386
25.0589891495437
25.0276356606027
16.8635624897052
24.596286113265
24.9398862586958
24.3510180018918
28.072425732908
25.3163362016105
16.3700317391773
18.230774326543
14.8209518126171
25.1911295236495
25.137100192484
23.9064818834268
16.1639387543115
15.0087102106714
25.3929830736825
17.4709449725134
27.6586076359716
27.4163844178712
17.4919531480462
24.2293515885713
27.0309042372922
27.3548867698122
24.6389713111278
24.1390455348851
26.6586914270351
26.5575653691317
25.014169466396
24.9574590484756
24.3452994209508
24.9180935891289
25.2259794534588
17.2236703031806
16.1180696663056
17.8065406089668
17.6125139687521
19.3658761235477
18.934390738763
17.2888292200292
17.1891282790449
17.8162208129201
24.7851446780124
24.8519825258065
17.1862716758625
17.2053045970194
24.4442548572255
23.9907716984955
17.1887457434045
17.0139811585765
25.3140251630116
17.7994260773865
17.9292664000942
25.2756605097618
17.321788763836
25.5247025802522
25.110489572959
17.4511262309946
17.1057638445657
17.028370950524
17.4527603731928
16.99234290639
24.0816961192266
25.0401890914942
16.5547275760954
18.4633813401535
24.3243845989224
24.0824935912575
16.2585304282718
24.3013308705251
17.8284393623631
24.0262229279403
23.9588059218279
23.843981377233
17.4007689282441
19.1372563418027
24.6150429927643
26.7345853294413
26.654958046031
24.0049056043459
27.1917062498226
24.2331323904299
26.8661107747872
26.6192900301077
16.4821228408068
17.2362796639816
24.9741542254739
15.8534317512371
24.7880042578465
17.1845260842534
17.3375327447176
16.2252937399292
16.0676145700692
25.0430179386728
24.6614149198636
24.5935520825492
16.8533817834679
24.2576946728305
25.0336436673849
23.5538207201443
27.5854498195255
25.0627587740985
16.5063631418161
17.7326669258525
15.1494178079124
25.3137656375828
24.6214695551375
23.1142774785165
15.8485231790751
15.3371762059667
25.1435617625175
16.9759026459277
27.6384011272902
27.0770977565645
16.9969108214606
24.5614902475755
27.1551586998555
27.014116885589
24.1475691754958
23.8502944687308
26.7626147558522
26.0655255318817
24.5721144190627
24.3054814140751
23.853029418685
24.8777500606384
24.8208231601122
17.1807528224825
15.2419286321898
17.778274020552
17.5059607360583
19.2025477972437
18.9061241503481
17.0723590510117
17.16086169063
17.5994731829352
24.4612041298611
25.114550042446
17.4985583908219
17.1869280107291
24.1203143090742
23.652180258061
17.1703691571142
17.2920263016783
25.5115483314676
17.9719251108546
18.2171635014648
25.4585327859345
17.4381334872112
25.4420933739216
24.5752471316226
17.2904593545042
17.2538732644449
16.9467219371498
17.3524515126569
17.1404523262693
24.4070656404557
25.1030908401194
16.8672975940685
17.9961664356568
24.6497541201515
24.4078631124866
16.3497815390709
24.5565879536977
17.7326656854845
23.9321914415988
23.8794253277696
23.7499498908914
17.3823923419538
18.4216751680358
24.551840431888
27.2474284618415
26.852808458418
24.3639201476551
27.5183926790059
24.2335270348545
27.3694792023978
27.2180211375158
16.8672574797482
17.4745029787911
25.5528100996758
15.9865159935923
25.0343192880285
17.4829427219662
17.575756059527
16.5204396448568
16.6601470486056
25.1682205252939
24.4004063762686
24.6024431155279
17.0555547836697
24.2950905922089
25.2531032778675
24.0510309080825
27.9705707126618
25.1026212854122
16.7421804478543
18.0453123390725
15.2966320734177
25.3060583156231
24.7564758432726
23.3719139211584
15.985727968724
15.4938930503502
25.2890622783221
16.7002432100495
27.8644127048356
27.4121277260909
16.8248307962352
24.5976915284526
27.4901886693819
27.3408033147723
23.8351517741652
24.1853244382573
27.0005862456911
26.5754738648532
24.5346377849057
24.574578344893
23.7842826042416
24.9691094432777
24.5084057587816
17.2710470151971
15.8289075926933
17.8685682132665
17.3558756214501
18.988201075725
19.0963252477834
16.9579192342137
17.3510627880653
17.3851264614165
24.4986000492395
25.1161292958162
17.484745891779
17.2696388633894
24.0122758567179
23.9072095080387
17.1428186411361
17.1796041128863
25.7529999013906
18.210148425664
18.4285313965749
25.6999843558576
17.6763568020206
25.3050005085126
25.0036889941682
17.1760195377062
17.3472677071632
16.9551521850643
17.3386312532052
17.3786756410787
24.546138690432
24.9419892012451
16.9513544178216
17.7301167014619
24.5435498954431
24.2542260307177
16.3432690770685
24.6580741117885
17.7382484349461
23.8784612645506
23.7257882460007
23.6962197138433
17.534899027711
18.4958481321532
24.6647959401662
26.9823691693826
26.4836095999295
23.9184360611137
27.0809554163528
24.2894985820752
27.2281840545242
27.1857371413314
16.5820079484679
16.8859853516732
25.6126809575662
15.5743058192307
24.5057849392681
17.2070184200332
16.9176505805281
16.4942656460845
16.4903033388546
24.6272391738701
24.7187435660094
24.5651193475446
16.8851997659873
23.8918653629282
24.6151150210273
23.8621474811857
27.9368367858389
24.8615823758591
16.4644157899194
17.9117700515781
14.8128347838284
25.3628806443972
24.9025184013684
23.4695765060083
15.6058517177781
15.011181998118
24.9382292479311
17.0570100433075
27.743756594704
26.8731021892258
17.2317350814705
24.5492713668753
27.1328264817468
26.714596331212
24.1895902084814
23.5377888651814
26.3869357348996
26.3259502656102
24.3063191263533
24.4287509713654
23.8950504516706
24.6041641610617
24.8002828227126
16.9194377749767
15.882452596305
17.5169589730462
17.3426366418584
19.1734195446386
18.6450027378825
17.0432307984066
16.8995466431242
17.5703449303301
24.1892459861297
24.7554914705574
17.341295069827
17.0557800577447
23.9895010314741
23.4955013259869
17.0392212041298
16.9902971670768
25.1603393076245
17.4922329661866
17.9324483736111
25.1073237620914
17.1418888242555
25.5354225447398
24.8284112511625
17.3270460276908
16.8642856591575
17.0302516391782
17.557974272629
16.7748946150681
24.6378729732195
25.0208322494646
16.5907734745943
18.061034961558
24.4949549988666
24.2767804197319
15.961985418255
24.1456464313507
17.9178126823788
23.7773923203138
23.8216344164394
23.6921589795613
17.4315073487682
18.8908681576786
24.6604833418687
26.8923109709216
26.7924487880732
24.3705591097642
27.3291969918648
24.3602969547829
27.0036015168294
26.9592631618532
16.5535134244694
17.346539732277
25.2311092929412
16.1063857435283
24.9338385402319
17.2947861525488
17.447792813013
16.4782477322204
16.4742854249905
25.0057726889088
24.6068555589686
24.553974804278
16.9447411142322
24.2181173945593
25.0906554414825
23.6449052472731
27.809371389051
25.3073692260465
16.556771259837
17.6192311998981
15.1974407238821
25.3598070084392
24.6675109259939
23.0179414803447
15.898931297096
15.40529051705
25.3965157548086
16.8682271541539
27.7955601025118
27.2347059170779
17.2498648137517
24.6939890019843
27.3123176750771
27.0659241105127
23.9640493538754
23.9341616625278
26.8381384093061
26.2224069275795
24.3885945974423
24.1219615924547
23.9131801839518
24.694230239018
24.6373033384918
16.9961678109374
15.5072067859588
17.5936890090069
17.3213757245133
19.0179627856986
18.8214460435237
16.9876809441873
17.0761835838057
17.4148881713901
24.3757103362695
25.0275399071145
17.6548611303168
17.3432307502239
24.1663556799306
23.9254646612001
17.2164105279706
17.3380676725347
25.6681464241516
18.0320758761213
18.3005681500608
25.6151308786186
17.5877542687204
25.3545165723313
24.6433614427059
17.2714961734715
17.2349100834122
16.9971300551707
17.5929288948136
17.2900731077784
24.7079939876801
24.9659386856348
16.8233911713075
17.8955741224281
24.5126019656669
24.2469945294717
16.2153058305545
24.4719098468733
17.8965517650336
23.8475133347744
23.7918485261793
23.7622799940219
17.6084909145456
18.4298933835151
24.9380803433053
27.3311181787433
26.8353397617833
23.9987017185406
27.4326855782066
24.6197669462718
27.579914216378
27.3312020299151
16.9915721291188
17.2816332679601
25.6769242258193
15.8272598115219
24.865858641465
17.6026663363201
17.313298496815
16.7472196383756
16.5895404685156
24.9281675210944
24.8946874531836
24.7159987708952
17.2847930105
24.0427447862788
25.0103003921132
24.2614659220628
28.1607583553644
25.1061928278071
16.7214903295043
18.136507922612
15.0887017538327
25.4089220152536
24.9485597722247
23.5823489351387
15.8629262573629
15.2859627307652
25.1911832402222
17.256768276794
28.0925056040647
27.2218511985865
17.4846890737616
24.9226805970489
27.4815754911075
27.1520100101844
24.3916768409097
23.9598296559666
26.8006329853417
26.6749768544947
24.5084057587816
24.6308376037938
24.3408076709861
24.80625079349
25.0023694551409
17.1204592174803
15.94106432851
17.7179804155498
17.5436580843621
19.3744409871422
18.9459310851069
17.344159145631
17.2004749903486
17.7713663728337
24.3860419248007
24.8592242910405
17.4975978093218
17.2120827972395
24.0355424023305
23.5409416750913
17.0852625749861
17.0363385379332
25.5096491995226
17.9379901855021
18.3103883666504
25.4566336539896
17.4981760273287
25.6394357772886
25.1031919838098
17.5622594491235
17.0994990805901
17.2873261787631
17.7984516547858
17.1311818181412
24.5531948663951
25.2692865490287
16.8322548998248
18.2729294198662
24.7434092984307
24.4540854337053
16.11289755773
24.446574778575
17.7703630337882
24.0783206675382
23.9256476489883
23.8960791168308
17.6576059213599
18.8990863731579
24.4522972144357
27.1900205454903
26.791852723315
24.4176309870539
27.4574369439029
24.1799290914793
27.3085234672948
27.266076554102
16.8049591963937
17.369629489255
25.5669168265227
16.1276696388339
24.9650200125824
17.3780692324301
17.4708825699909
16.6615932900984
16.6979674830652
25.0700040069103
24.285154752234
24.3674270832257
16.9467359659078
24.0600745599067
25.0983952889384
23.9424868939562
28.0807445392963
25.3415884872393
16.705425290662
17.7417580551669
15.1827100464003
25.4418829856745
24.892300513324
23.1219893375434
15.9489728115317
15.4430338872285
25.4223914756583
16.5465263474193
27.8064381222257
27.3546023287728
16.9659844414768
24.5150567250299
27.432214086772
27.1941640625508
23.6423485471408
24.0540580742228
26.8776634219998
26.5172217027195
24.3418345578813
24.3817751178687
23.6292998116769
24.7763062162533
24.3156025317573
16.9328734182088
15.8289075926933
17.5303946162782
17.0177020244619
18.6500274787367
18.7738179764325
16.6942457270787
17.0873892809303
17.0469528644282
24.2229876976968
24.8755305750414
17.6545092624001
17.4396855370243
24.1481005267693
23.9215883176037
17.2984865052059
17.323336995053
25.6944644362432
18.0551656330993
18.3002162821441
25.6414488907102
17.6108440256983
25.0638351214791
24.9528298310465
16.9190335571068
17.0902817265637
16.9183970278721
17.5322976080275
17.3131628647564
24.4752684103213
24.6147184888093
16.8086604938258
17.4958973008276
24.2162791830073
23.9397688622597
16.0552047831088
24.3944006046536
17.5928780649822
23.6147877574157
23.4846228589673
23.470527017407
17.7049457013459
18.5432809892137
