1.76465380747204
3.54474952924794
2.18844648778757
3.04834755992051
3.7888320240983
3.88952118606712
3.61320781915658
3.36503934378278
3.94926164540415
3.15859854935624
3.16097653184871
3.6591462623601
4.10155469270083
3.83555322451434
3.48620757176926
3.20979437393878
3.61320781915658
3.88994880865067
3.68615578781275
4.58650446844462
5.06282480891805
4.10155469270083
3.67048423776119
2.4810994454236
2.63735099150269
2.23511834118641
1.93564195856752
4.83362620552373
2.12408032404824
2.79142296955563
2.00615616657234
1.57235355736437
2.08503939526913
4.39161011059695
4.77498971665717
4.22326294997331
4.93888936341847
4.51294430816441
4.62223271763109
4.10988605286703
3.34548962542681
3.55059094573627
4.91342737221645
1.97977623737438
4.86573591334518
2.94377081704032
4.2041617838391
4.97265839798461
4.20884824206261
3.16629491238438
1.03860740182903
1.49083868913689
4.48393518967055
0
3.39600210434818
3.29023403379803
4.02205559489319
3.63060132114709
3.43301789882498
4.00779326856038
3.84598389860547
3.78479339425411
4.27501641421939
4.02971653460305
4.7816991945534
3.8620504144389
5.18783405855246
3.78701872367353
4.33900819576633
4.90207445321481
4.401009182655
4.69695862407588
4.36929104784993
3.48456439386786
4.7816991945534
5.06387526615455
4.54933650536671
5.05306658794785
5.24745052753793
4.401009182655
4.84586847986296
5.28108231356671
5.43338615081243
5.04038072437412
4.93481052404141
3.27350157834655
5.1224941551007
5.5855629508383
4.81311986265859
4.58348550482761
5.08025631829521
2.66362827981349
2.99958566394488
2.45004011155951
3.37606568091066
2.7661923823776
2.01360090145563
4.33086935723613
4.23115356122144
4.76014027627849
4.90732363131496
4.9776922157311
3.33342531568827
0.999336846096625
4.3603285845771
5.11493990391506
4.41828356554689
3.98224406970361
4.38008135812422
4.82277235691129
5.51302067907697
3.50623937814348
1.4420278448837
4.18326462094166
4.94210605755764
4.60653285352203
4.55961968463586
5.07565915665718
4.95714084161652
5.37155398181851
4.63296815787011
5.78225349821393
4.31758624036902
4.92886298303144
5.53738239692976
4.38016422706996
5.26816104988313
5.115301303999
4.13467264650605
5.37155398181851
5.42707774870409
5.16142743522745
4.55870838880087
4.86637558431373
4.38016422706996
5.21348958045012
5.60345848993931
5.62139013178269
5.3627569007467
5.48328235136644
3.99181761725835
5.12638722762306
5.72812374643836
5.13549603903117
4.60198141860553
5.59001596602211
2.91700353318377
3.19955609750822
2.67515028849071
4.05566954022432
2.9274506363428
2.83575215818197
4.35022159188182
4.88504681796544
4.92696566796466
4.76381148174963
5.57956886286308
3.44833226854206
1.62085862819073
4.15904607787181
4.61686128203639
3.92693594944029
2.8513849346581
4.99629089568384
5.43898189447091
5.69824354538128
4.22596202688309
2.06354962697781
3.76712442209748
4.39316888582717
4.18009042187798
4.09079317872441
4.711687040056
4.45504220179437
5.1158057178259
4.2987210402755
5.25168598151844
3.78701872367353
4.67311471903883
4.96592637618078
4.08965539637757
5.00534541491896
4.49261678789843
3.79225670156018
5.1158057178259
5.14642093151028
4.85772329620979
4.67786087870444
4.8722448182945
4.08965539637757
4.9284141452187
5.36362797892245
5.53082894721705
5.12292638972986
4.99866244700738
3.47350847731528
5.24794914270314
5.68300574724292
4.89566552801432
4.71158335303967
5.14410824126119
2.87602363622766
3.21198102035905
2.66243546797369
3.57607257987938
2.97858773879176
2.56344107065227
3.89419873139952
4.35447930126994
4.93066551902015
4.53211792207154
5.04154413869708
3.51853508360811
1.44661291272917
3.98512287533368
4.73973419467164
4.04307785630347
3.64301624027163
4.71418788139672
5.15687888018379
5.5973791647064
3.84034590141599
1.88930391151624
