7.99420386975476
7.8194498699296
7.50555454444407
7.1007797399888
6.59564606625965
6.62122458237029
8.20171755967191
7.99420386975476
7.47414771279144
7.15282423873024
7.05896431269806
7.65933429628813
8.00475189641846
8.3707370360145
8.29728532495052
8.6057116926775
8.04853352020691
7.58900331523019
8.20735865823447
8.46327713268422
7.45805978250893
8.02454587740259
8.14890615879513
8.2375704626023
7.9885093776188
8.40214691567875
7.61614248516865
7.31288234591813
7.65590334269542
8.31357212267346
7.60209949542209
8.68139840067692
7.93618375265863
7.42467403137387
7.50151106885582
8.7272096607334
6.94042289465446
7.99420386975476
6.78447891470877
8.24853352020691
8.15177604752971
7.65536862139989
9.70712559380317
7.10417941554503
8.02780187027217
6.93752238131394
7.94010715247994
7.08773383924488
7.18241900338337
8.20221936281168
7.71026561943553
8.20396790872473
7.83504991723358
8.40696165619875
8.45702486255192
7.18241900338337
9.30058538596894
7.84978348372817
8.06613703725127
7.4528662456706
8.47221933328237
7.87586929967697
9.0401513261231
7.39753486143541
7.8052005186608
7.40634949967765
7.6213087136451
7.41630544179782
8.02022123014323
8.18088236160271
8.91445985721186
8.56512380373974
7.89809814416829
6.8739926356564
7.36682865055343
7.4528662456706
8.19847031385375
8.10508078032845
8.15927766789267
8.46908705602092
7.91504116081179
7.54790260785787
7.39532521257629
7.39616020697185
7.67292717240956
7.75639395020287
7.47062369780158
8.6797724011156
6.96466155125239
8.6057116926775
8.48297315365252
7.96482931529422
9.0401513261231
8.04853352020691
8.20396790872473
7.1007797399888
8.69278890811098
7.98869088929973
8.44606180494731
8.78879152631758
8.88789155730399
7.73747403743418
8.17859301983193
7.94106403979667
7.8374453927206
8.1468499489119
7.58900331523019
7.40269036860915
8.66485787869168
7.54790260785787
8.44477886362942
8.71160432940697
7.8194498699296
8.21470364077156
7.75639395020287
5.84477953873521
6.49699407339305
6.91261705251095
8.97577968577784
7.9383200211507
7.61484084202265
8.60644986867726
8.18791424506366
9.09770608090506
7.47414771279144
7.62829660038343
5.76195635477089
7.91221388470701
9.88847776620972
6.97623113564634
7.64000405917415
7.51587183402406
7.63421841807715
8.85327020597443
5.76195635477089
5.20477818230031
7.36682865055343
8.37025825589467
8.13973005592176
8.24057766998206
7.18171357302576
8.38001271538761
8.06231066828752
6.37481854126735
6.28573785609348
6.17311133473735
4.05368779203251
3.5769568611166
5.33563942463062
5.02293745072712
3.1272825820813
5.17516570235729
5.83460057788477
5.36166703468061
4.38671182767346
5.74409456805687
5.31707720766751
5.29280666669811
3.96292652681559
2.06005854150497
0.728759307568225
1.45751861513646
6.26665345389075
6.4198458855735
5.61579512508183
4.68871272280946
5.79603511300436
4.43982981370417
6.18121885140393
5.09351645007759
4.3702127902893
4.64891705163593
4.50078411525231
4.9847039071204
3.76221721614085
3.58903004707846
4.40216751119948
4.58738557774318
5.25968459757424
5.07895335121204
3.15308631344816
5.67332415074608
5.80701378692854
5.74920537163369
2.94948349608103
2.61193843360137
4.37667611639707
4.33022696098741
4.96160117446609
2.64729621834163
4.80681629790445
3.55202342244953
4.51470097070733
3.71500075999599
4.38388088211212
2.72980041693621
3.54028636425388
2.91598032764961
2.97249946811117
2.41120037898898
4.16566559800478
4.12872652999797
2.97249946811117
4.09048483167361
3.61447040738004
2.86027073951022
3.38456320400349
2.42432700587992
5.81979189859024
4.77483902466062
4.74355639264495
3.8982441888838
4.46574753581925
4.67053876801997
3.67631810363705
2.50261586284717
3.26875719095754
3.98355420441545
5.04629999393274
2.55317404730135
4.7423371992667
2.78202327763498
3.57174102566465
2.86027073951022
3.10197963220267
2.86027073951022
4.30050033323289
4.62691395780702
4.19025551389827
5.34487712563521
4.64067002130012
4.10481483347811
5.39741874760833
4.42571000087008
4.88966295826693
4.11066888976073
5.04267440525875
4.50696948799832
3.95710322879262
4.75941581139274
3.84061683083328
4.62729271996565
4.04475989480408
4.5982378325677
4.56466406134292
3.39567172735567
4.02300011618492
2.78284963773016
3.94610243029286
3.8818456210164
3.15308631344816
5.08045076609924
5.17677028148831
4.35217253326109
4.34498556499097
4.83959720751011
3.12521449634486
4.84473808062317
4.9106466189977
1.52177542441292
4.52822888562023
4.14628229662862
2.66691241978743
4.84638980972125
2.55556922678337
2.87053060891362
2.61072790961235
3.21630997264668
5.16966640399627
1.45751861513646
4.77663267998768
4.52356541045813
5.19268358894251
4.30050033323289
2.54474599959542
4.80267379470637
3.03099876730987
4.69829054134659
2.94778601266029
5.28902978465674
4.36475714250935
4.40783867747796
4.62754136603258
4.9755455706098
4.14779269858611
4.69318977238093
4.07616045908052
4.71121339539796
4.49097652370909
4.34944689647313
3.23501759827554
4.00393622965664
4.14171408772296
5.06896791411086
2.55556922678337
4.60647615602515
0.728759307568225
3.42201937072265
3.3379911887164
4.97769956954149
4.08202548735215
3.89697035118948
3.45360427102523
3.54487261559461
2.99394236288678
3.06948647619799
4.35018620488033
4.69179817530904
4.13596401591768
5.37802624723815
4.52073720492177
4.65591361924506
3.28432853435161
1.45218846885893
1.82680991921513
3.92715431167682
3.74080212950499
4.62167633776095
5.48306574939977
4.26732399974404
2.94778601266029
4.82322605032686
5.43644602785305
3.38883757194811
3.47911386543893
5.54274197571143
3.28225435727795
3.08425199101389
3.93395848447003
4.36669275128343
3.08894600458757
2.43971798339306
2.8552977221384
2.09954829532584
4.4275496685045
4.33772401409264
4.63585225601237
6.35424245756161
5.86148022683958
5.86148022683958
2.55830012604416
3.87737255766593
5.37356912061897
5.27341920583128
2.02894342924073
4.08639832395892
4.83870944052918
5.67121066914698
5.37535636378425
1.94132248277188
5.58162360924166
4.08639832395892
5.17635049786291
5.3283645684171
4.93471961860573
5.24773676934248
2.6724313873945
1.87168881581024
4.93198798335947
5.35064290833336
3.4467418441007
5.70304860811306
5.23239490602072
5.53556541626501
5.48027713769129
5.34325444987082
4.29740344772919
6.15169624810149
4.48436601050552
6.16155389575581
6.3253991641442
5.58063831274101
5.65278292144436
5.12995077321414
6.5139595955355
5.55993527604802
5.34427548200754
5.94160588634005
4.87142733242167
5.1685024906528
5.70100870857462
5.60618036942106
3.6811669647892
5.13567222141918
5.90001457449596
5.17635049786291
3.03368152501599
3.57950829069354
4.37913643929422
4.5646142860587
3.51842205938775
4.46256726636326
3.68747216640666
5.38911225022511
5.85990897130308
4.93705361113607
6.18429096096737
5.57463795570111
2.98768021572803
5.04842117664482
4.93198798335947
5.3283645684171
4.14973762482484
5.60618036942106
4.93198798335947
6.36846194982611
5.69209447977184
3.23453377011657
5.17635049786291
6.15169624810149
4.39285480930685
2.66277111807692
5.42794607535898
3.51264054908756
5.58095752235079
4.99856451026437
4.6113478884197
5.39147189084809
4.33221185309932
5.08943531850641
4.57546950270905
4.02239807206626
5.09161690927509
3.5937851563805
4.47987818829855
2.05409033016192
4.4112450628825
3.15308631344816
3.8818456210164
5.60740361403142
5.63364835360195
4.89045565035314
4.62280136599494
4.83959720751011
2.39645518877661
5.11474555747309
5.44892973608975
2.06005854150497
3.99751927771526
4.68456541372067
3.39567172735567
4.11763050215301
3.28432853435161
3.23501759827554
2.93294933749242
3.21630997264668
4.74187843684579
0.728759307568225
5.31491579707973
5.06184852755018
5.39079701796734
4.30050033323289
3.27350530716366
5.24925430629824
3.03099876730987
5.42704984891483
2.21902670509205
5.71725664935072
4.9030402596014
4.94612179457001
3.89878205846434
5.40475754220407
3.41903339101787
4.89130320140575
3.34740115151228
4.71121339539796
3.76221721614085
4.34944689647313
2.87053060891362
4.71121339539796
4.8704733952912
4.43691183465551
2.55556922678337
5.03470302071912
0
3.9603024878147
3.93188517540266
5.46929459180753
4.08202548735215
4.49499869186266
3.94519929329128
2.95097862890835
2.99394236288678
3.79824578376623
5.00443086450741
5.23008129240109
4.843241181659
5.37802624723815
4.52073720492177
3.92715431167682
2.55556922678337
1.93482971927873
2.55556922678337
4.65591361924506
4.27908524659704
4.62167633776095
5.91085371655025
4.99608330731228
3.67654532022853
4.21304888540972
5.43644602785305
5.6348282176453
4.78244709960075
3.03867374402455
4.84404440236458
4.29417814315888
2.60032973414912
4.68357068009125
5.37245797934401
4.77628332822522
4.93531274693395
5.21714172012469
5.03100070614072
4.83354857208783
4.69168583438383
1.52177542441293
1.45751861513646
0.728759307568225
5.77505843162471
5.96296781345987
5.07751200798978
4.41253851424167
5.79603511300436
5.16858912127241
5.91121137455401
4.55523333298554
3.94610243029286
5.3144264175918
3.96250099816026
4.25594459955216
4.49097652370909
2.86027073951022
4.12872652999797
4.38927214871835
5.25968459757424
5.50674131836253
3.8818456210164
5.13504103365403
5.26873066983649
5.55109194260887
2.94948349608103
1.88317912603313
3.83839299930502
4.33022696098741
4.23284186689785
3.37605552590987
4.2685331808124
3.01374030535748
3.97641785361528
4.44376006756423
4.18576745308729
3.45855972450445
3.34217293522905
3.64473963521785
2.97249946811117
3.13995968655722
4.16566559800478
4.40216751119948
2.24374016054293
3.36172552410537
4.34322971494828
2.86027073951022
2.84628008691144
3.15308631344816
5.28150878149819
4.18094503797436
4.34201052157004
3.8982441888838
3.83656012666444
4.17894374575393
4.27021209032331
2.50261586284717
2.5399978833893
3.25479489684721
4.50801687684069
1.83613630469867
4.7423371992667
2.78202327763498
4.30050033323289
3.58903004707846
2.61769678934669
2.13151143194198
3.57174102566465
4.16907164275457
4.19025551389827
4.82835470712168
3.91191071373188
3.37605552590987
6.00759591252547
4.42571000087008
5.71302768339058
5.3530141508201
4.1357675950524
4.44194667671398
5.41587345491109
4.13893974479456
4.11733288940375
5.25898477074472
5.25898477074472
5.4361673410969
5.96357246487298
4.1879912224026
4.58797974395646
5.20368949295327
3.34217293522905
3.54028636425388
3.34217293522905
5.96357246487298
5.28429738486456
5.04747673261077
3.55962673754455
6.09583387423475
5.38503058481706
5.05213286613903
3.96988611259264
4.50271358190474
5.8644465928795
3.9763494387004
5.25662961284864
4.28217229871307
4.10222188986925
5.27536947964435
3.23502671284134
5.62581955870992
6.32299854513711
4.70082701092956
5.27299747304942
5.55638060682291
4.65431110292977
1.85784529283313
3.35679768253377
4.10045743755564
6.14624329871094
3.56159819668538
5.29815762801948
4.70974354037934
1.6597318638083
3.1552368813782
4.54083282508934
2.87592311767839
3.65491407362243
0.728759307568222
3.18509378206373
3.18482185292089
1.85784529283313
4.34271939606451
5.80774719479555
2.98670842389607
3.68107140142993
4.23106561746757
4.6405050069613
2.98670842389607
5.04099669899679
5.34975276383716
5.00874821367061
3.34645609691493
4.17446286772523
4.89247998900144
3.58969881981061
4.51697834543945
2.90294254054384
3.02471498717608
3.63775292274239
4.34271939606451
3.40726841951033
4.54012395059486
3.18482185292089
4.28217229871307
4.30033531889408
4.84605541971413
4.44239157793648
3.96988611259264
4.74914616594424
3.55146373942785
4.18715168301962
3.2411268050244
4.99951628252837
6.08580712833973
4.97959710114726
3.5579841563782
2.50276214130318
4.26569930137903
1.19588311245757
0.930972556240061
3.68519317826744
3.4036431714911
3.27849484598347
3.27849484598347
2.07927892216725
3.27849484598347
2.63929284387032
3.02106120973797
4.59113872957609
5.18769493317078
5.42326412842378
5.18769493317078
3.27849484598347
3.19065180162366
5.22700178985149
3.36945288060362
3.8312130125937
4.04030453486347
3.40431944783009
4.29100225125766
4.38434916549727
2.2720154935069
4.47551247152478
3.54827050325005
4.48911568028248
4.63321384373255
5.33073550185364
3.47899970071134
2.5241239010379
2.6426205008863
4.81356113709154
3.98819432624732
2.34435014000122
3.33531623956669
5.39539107292165
4.83090369442714
4.36752121088812
6.03804194300736
2.91732609521937
5.78304798777625
2.41181779639575
5.05929396120237
5.22313922959076
5.21914177923004
2.90132835879181
4.91814773729421
4.54439955721619
5.29181493218906
5.37573336648737
5.6734855424811
4.94104730967059
5.80694340043792
5.07584910950197
4.98102077034841
3.63051508761144
5.23753210909582
4.79775463994252
5.01167456611637
2.82569891169856
4.12483887439286
2.50142910234654
4.67362590054961
2.48338182033998
3.64356968603553
4.69123887625305
5.44825195705035
5.16427932884912
3.8323009150319
5.02102835020521
5.05054615962334
3.63051508761144
5.09763889692792
4.21102121072304
5.039418680071
4.51592228720786
4.83132727275737
4.01290778169821
5.17872972241297
5.83733081086949
4.08926691832976
4.29100225125766
5.3768431514378
4.44486335491046
3.4463440987527
4.93381602502202
5.32411565541942
3.98500215517583
4.84157094153733
5.16470183971095
4.85526594855258
4.85090982299737
4.57105136146614
5.07606340541725
5.241897619234
5.49173273652204
4.0241472810963
4.09148676809289
5.40453002962046
2.65858002604039
3.87570650288153
3.45159614288509
5.08711511782553
5.78843470710338
4.95768197722727
3.58886482208944
6.13302501370342
5.16497032455686
5.86989024657435
2.66550973301521
3.19615561155862
5.63478609654983
3.73359982189997
4.62668720746481
3.99680896695195
3.7995218980223
4.87064919193266
4.80766698259193
5.70673063886748
6.1534958787298
4.52745484549537
4.30070378882968
4.88172971941152
5.42978977409458
3.95568754341616
2.46448503884865
3.73359982189997
5.03016151884102
4.22966207952968
4.17352909393504
4.18958683192016
2.70482911151901
3.9636088531341
5.3847137872717
3.25265651148303
4.6232943304657
3.02471498717608
5.01247880163595
3.41968862322173
3.42504166487274
5.18660035824687
5.21845611854852
3.04900452737871
3.26887601947888
4.38683889958735
3.80715913657093
2.78663428907743
3.99680896695195
4.82479537401681
4.96454896109805
3.98651222189068
5.01834382990758
4.75200024777378
4.65947205059124
5.05979872828791
2.46038521920164
2.12431535078143
3.37488871962025
4.12581660777689
4.29824449415043
4.64920913788863
3.95033450176514
4.52745484549537
4.33780501511435
3.57809855148449
3.26887601947888
3.98917172840332
3.37287573854171
5.37884875900007
4.8539691291866
3.98108473569378
4.16589185538641
6.22714900646174
5.32216896658919
5.32689722454964
4.36337891432563
4.50307655484113
4.27910298586649
3.80703617642673
3.48782807014191
5.5566034929073
5.28042050669172
4.76645469089437
3.87877630816983
3.92991717689265
4.91537767419387
5.57212660683664
5.22281712252487
5.63441003062382
5.1037641520804
5.1037641520804
4.44388299269
5.41145546708467
6.69791998737289
5.06707367692144
2.29635742079816
4.72585731520558
5.82412530582421
3.79500773427496
5.73181596150321
3.97675918780065
5.73566882061147
4.71508265440037
3.26436185573155
4.92293501425346
5.83799200886188
5.76087171701605
3.20278628434275
3.27481237735753
5.2011700829598
5.08239486347357
4.84246152508829
5.15827608436118
3.1442335270417
3.86981304724178
5.12276639320491
6.21085739710473
2.61944500726149
5.8570405124349
3.89088414195085
4.37500484451216
6.25406958355796
5.70562529905942
3.77370918443343
5.18717454051136
4.90155090340856
5.45600229589357
3.44108177607904
4.60175214217818
4.74368504362079
6.29629408541931
4.16984108364728
3.98383279854758
2.11211932902738
4.73245882377727
3.92298933277612
5.6616537502859
4.0018617192103
5.30597031280167
2.36275250913302
4.47626363449981
4.560973675902
5.81704438115681
5.56641120105118
3.54901765591883
4.59857235481001
3.5230760043278
6.15847172783689
4.55868247144454
1.0803674310646
2.78216628931556
2.53560254816331
4.92293501425346
5.74262534979401
5.46121813134551
2.53560254816331
5.9990967714773
5.27275886700575
2.23691470578332
3.26436185573155
5.8570405124349
6.00213229020152
2.47112078517536
3.18434662939496
3.52075831881269
4.37640753128439
3.65606894140816
4.54149242580452
5.38315910277413
3.71888543755023
3.78831056020725
3.78831056020725
4.42601773089733
4.13208584348695
2.42480877545524
4.55362693073889
4.8149734543526
6.18930584411346
6.43158896798806
6.18930584411346
4.13208584348695
2.04067822054177
3.87662852660276
4.17910987460884
4.48887217184104
3.74847077084335
1.33129923393673
4.18012293574689
4.84473808062317
4.26968355573479
5.39271561759888
3.21564330153125
4.44249317404818
5.57688660645762
4.0018617192103
3.80148858334945
4.50265186480335
5.17657413626666
5.10710831892446
3.95729605127118
3.34159816777538
3.29633097188102
6.21461388544849
5.78990920603973
5.34440165216274
4.32664428359575
5.54463232601843
6.47104368866405
5.22587640649883
5.95224364714721
6.11608891553561
6.2281841848933
4.6793555396014
5.92719014295747
5.36441905225945
6.09204836443972
6.23976210378462
6.48586779897573
5.94149664529733
4.32664428359575
5.96071180273728
5.81645666448584
5.3618760461627
6.10467373129994
5.76259837371245
5.38520278848391
4.23422230847922
4.37262858170193
4.57511946716602
5.65508585590016
4.34139004168419
3.82684931326335
4.7596427584624
6.13624765793815
6.07609066830871
5.47536178597438
5.94913388384596
5.97435762080008
5.75034172409439
6.0416486747598
4.24437974502335
5.8392568447589
4.81202607175695
5.84230349299866
3.98200950672207
6.00247302862841
6.64971306736412
6.05035723302425
4.18012293574689
6.20867345036277
3.15382649409374
5.55998677654321
4.31186695649793
5.94648801146485
5.82822479923457
5.16496890874192
5.95314368978729
5.83357853974542
3.83795708404127
4.91583088731022
4.91583088731022
5.9349176982311
5.25960617058992
4.53045589446686
5.1130339748052
5.3480407359927
5.21783870114175
5.48020893944303
5.21783870114175
5.25960617058992
3.20923082023794
3.10393133523457
4.62073599232967
5.72713722859362
5.71985801833269
3.64285616949329
6.53489071999324
4.46204428224793
5.60847652895366
4.92864887776476
5.5990942849129
6.83953966756503
4.9706733634095
3.35679768253377
3.35009942653374
5.9514802264588
6.68547410360042
4.72441452054922
6.25163303755307
4.59995033895465
5.70484071525851
4.24297705825112
5.59769159814068
5.5411240458929
3.75347429474432
6.84619534588747
6.16879069232841
6.13066374049348
3.98060681994983
3.95397589786204
5.55738907343015
5.45150736753536
5.0434486894227
3.31964174055967
4.01863718409875
5.76806704736371
4.44109048727594
5.35927564440533
3.75347429474432
5.50569680906242
6.2566556512869
6.46071317413036
5.51113807127023
5.3075833800376
5.00250899010867
5.68305067013467
4.58438782878956
5.69076438464118
5.19101911606604
5.57937654168517
3.17230638295305
3.89837145652306
6.0244708520787
5.95576710823475
6.21333717259936
5.29501883512888
5.28534783055633
6.89021112465525
5.56995361833888
6.5272534814446
5.23304360171078
4.23885608290552
5.24876783296895
6.26488324314332
5.61977923025317
4.41445956518815
7.27661915338758
6.53489071999324
5.89787369981262
3.85782285011585
6.46477411053786
3.64322963729667
5.37114202055423
5.97819570354734
4.64065666885125
5.40435217688902
6.06403656191981
3.41320851767806
4.24719356810897
4.24719356810897
5.59634072505991
4.55625190123625
3.9885049376008
4.6687346553609
4.83824180758155
4.88803550621815
5.1037641520804
4.88803550621815
4.55625190123625
3.01352704424084
3.40047888047443
4.17147263606021
5.2141570613802
5.30094251802281
2.04085989221772
5.98341153899928
2.86004800497236
4.99496844527395
4.78253845268174
5.03093504117289
6.2534190158492
3.56175911198512
1.94527759573439
3.32214326250859
5.41032595210916
6.35498412313877
3.13005548182228
5.75318625086947
4.05115882605638
5.12185748579926
5.03841457819251
3.91520820300349
5.4299919007393
2.88023732503699
6.23359677787364
4.9527426822802
5.99629512202268
4.76840710134259
5.06308421380727
5.6256442585248
5.03558069875914
5.03748104292033
4.44761171001965
5.04668090126003
5.72722210991702
5.57669769528456
5.33895671892882
2.87215033232746
5.50212815475616
5.68618709001676
5.73716970201406
4.5569203011908
4.98273857109061
3.85881478939052
5.26509100131269
4.06695166182977
4.77271307871254
5.05254592953165
5.2064140447589
3.02619595787002
3.9666266416177
4.88031688985559
4.80443566896797
5.80346449648691
5.35563678167488
5.51580585273072
6.0370612693746
5.18893899282497
5.71513589875715
3.82816099362256
3.08752464363874
4.29051841955336
5.44512842190723
3.95397589786204
5.61977923025317
6.73932168487946
5.98341153899928
4.68273520543028
3.99769352628399
6.31914919718919
2.92179922381818
4.5117279243813
5.35944400277431
3.9958731496199
3.46952750919248
4.75663108353129
4.35284506331755
3.40718101197938
2.99178873247766
4.28352308660632
2.25687624677791
3.53654211444364
4.59766048379456
4.86541503625416
6.09905043679941
6.25047577099822
5.52171646342998
2.52733347778872
3.10083697886522
4.34072904624973
4.46378408271837
2.30054889263133
4.0612825910462
3.33795076967486
5.13452553859561
4.93641210957079
3.31536838828483
5.33318849430503
3.40223574053437
5.28595087279443
4.88807288854122
3.97637760995061
4.91322192233784
3.72572269846994
3.87003534627021
5.08783744376961
4.91169865411991
2.7245008181137
5.20108042771411
5.94374743279758
4.85140283284045
5.42077749797589
5.10038952528561
4.11083789994187
6.18940257520792
4.53701497504073
5.79232209859876
5.95616736698715
5.87683061438076
5.34650712209222
5.64554902950134
6.08979086490249
5.92157633704341
5.9581209903285
6.14994785453194
5.67063019264641
4.64754309650813
5.25084382458718
5.06482088655029
4.78293636728479
5.82303261784381
5.63006436893178
5.29403786550397
3.36825085861876
4.13157903977813
4.56718047812346
5.48461382850385
4.21080270090132
4.46080893903067
4.66847783548246
5.85460654448202
5.13758429510944
4.94206136566062
5.72540528018195
5.47576228876587
4.36944862694869
5.76000756130367
5.08783744376961
5.61683219610946
4.5684507076779
5.09427331027557
4.35907813620137
5.83177681927474
6.31379312292032
4.20307506661159
4.55719156522619
5.46064326763968
3.97644142137828
4.41640515770294
3.33590638030848
5.10717981993117
4.13565252856612
4.76715964985126
4.9410711360452
4.978528889979
3.54033076163324
3.33590638030848
3.94438068566139
5.16748632754793
4.63965592616819
4.53997161595153
3.42046170413675
4.72439746095973
3.52526643047331
4.85656566441005
4.318282547318
4.23515394939397
4.43541402163943
2.65646402386341
4.64015400677334
4.38332771602893
5.09621474329971
4.53477508476841
4.8845971585953
2.76947201157948
4.59082374421317
3.23607660709632
4.74181684035967
6.14275590802964
4.07111720958575
3.44973682656739
3.44757822052037
5.14795153116017
6.06799744848142
4.10077124551623
4.55906076688463
3.47429626517416
5.72917902474273
3.61933378321814
4.74041415358744
3.84855177522446
4.52681106736834
5.85465802981195
5.51433195788555
4.28839797223401
2.2880345492814
2.26140362719359
4.93374579839718
5.2783512509408
4.41980541438972
3.4171205345463
3.42444633279105
5.14442377233073
3.81744721224296
4.73563236937235
4.24435371464037
4.60614065523868
5.39537734395843
5.67319468902051
4.88749479623725
3.61501110936916
4.37886571507568
4.28451560106211
3.61293762714072
5.27286801132385
4.56737584103307
4.78670994259052
2.68392531331722
3.08425199101389
5.37001211763585
5.06475770862551
5.35095811644829
3.60244656446043
4.47531269146408
5.92639816155505
4.94631034330591
5.90361020641162
4.6094003266778
3.26740588125668
4.3492116791452
5.36532708931957
3.96948566885523
3.79081629015516
6.50029863057287
5.67761327544
5.00686430020338
4.6836521305216
5.50096114743765
3.88279401964392
1.8233887803662
3.99010140982115
3.68075412534207
3.36805215143856
4.29870895869967
4.08303375940266
3.57373568651663
3.06893663648603
2.75347459971322
3.53129406241682
1.12908598526489
3.90883483474233
2.0736157583006
5.43132738383738
4.1879912224026
4.91675052997084
4.03609311244742
4.31085049385558
5.24293066479012
3.34574451034928
3.67290432462263
0.930972556240064
3.35578133169532
3.79599840505234
3.59788497602751
2.56306423810811
4.7918401863221
1.6597318638083
2.46469917111559
4.33363909707443
4.44710563692473
3.43090669314438
2.32007432077002
3.42406805192348
2.26658574209077
3.57317152057663
3.83070771403341
3.56907170092961
4.71863710094602
4.07352960992053
4.7918401863221
5.21664763737812
4.2966774037113
4.22279245472065
4.50333578510863
5.23321395481256
5.39705922320095
3.92551867702797
4.57996567348069
3.59546350717254
5.3170772076675
3.98546653342688
4.62149659243345
4.1879912224026
4.45529766463079
4.31825340564689
4.62149659243345
4.53175252609925
3.4101548871698
4.53175252609925
4.97167463355271
2.46469917111559
3.06406683593803
3.68270708170599
4.27600374319282
4.2870411362915
3.38627594890844
4.31210559992213
3.38482607429329
4.61675573156299
4.28832310169142
4.17963899578403
5.15821014368622
4.75054062850379
4.18473539862344
4.40670310066256
2.26658574209077
3.60487978950619
4.07379049452098
4.53175252609925
2.995345049659
5.33929819688651
5.08059579835923
4.64521906594955
3.19345847868383
4.95155176228889
3.49231203426246
4.22083725535275
3.94438068566139
4.73573843613211
4.92866864541082
4.76715964985126
4.20812662487882
4.42061217847898
3.54033076163324
3.94438068566139
3.33590638030848
4.85842799442064
4.23515394939397
4.53997161595153
4.21347782098145
4.12185753459122
4.318282547318
4.25402573804154
3.52526643047331
4.63965592616819
4.43541402163943
3.30569204505792
4.64015400677334
3.88131570612671
4.4936748169312
4.53477508476841
5.67761327544
3.56248812842418
4.28176541108589
4.02909272394102
3.94880072351497
5.61335646616354
3.27810109274105
2.80050880537287
3.44757822052037
4.57560352746628
5.42068980008247
3.49823131914772
5.35207688372932
4.08277057052707
5.72917902474273
3.01679385684963
3.94739803674275
4.64156789206916
4.06805923665001
5.06164191296725
4.94260749092692
5.0814140890787
3.08105066612609
3.05441974403829
4.33120587202867
5.2783512509408
3.81726548802122
3.4171205345463
2.82190640642255
4.54188384596222
3.21490728587446
4.13309244300384
3.59512569344585
3.81312453839398
4.60236122711373
5.36413635589322
4.28495486986874
4.40802722621386
3.77632578870717
4.71160046848583
3.00446332178781
5.27286801132385
3.96483591466456
4.09533468767774
2.68392531331722
2.82188175271261
4.79828765067721
4.27174159178082
4.61801360528191
4.39546268130513
3.68229657461938
5.66402792325376
4.3437704169374
5.30107028004311
4.00686040030929
2.65893157590377
3.55619556230051
4.57231097247487
4.76250178569993
3.18827636378666
5.85107060937835
4.8845971585953
4.21384818335868
4.29098993467264
5.23859090913637
4.31898522045532
3.91215620106757
2.73434502432648
3.30150112040648
3.69434447563651
3.57722138573935
4.4451868644928
3.79565762054238
4.4257799972236
3.70182779810315
4.94956842753039
4.28411136811797
2.71962443224286
5.02825949484117
3.25479489684721
4.58609413078396
4.04781101369191
4.46170915307045
5.14636601838071
4.84673626733146
4.01285237514072
5.55115778488383
4.88665129448647
5.27724835694956
2.12577251093931
4.15971001440414
5.06100586043977
3.63182087777091
4.49422115300212
3.28340334390737
4.38556917433601
5.67456009068645
4.68758272742149
5.13076881198874
4.61342605759895
5.32792048982857
3.61814271404241
4.17462443110037
4.5747776461685
4.03807960043905
3.69837834494141
2.75685982941919
6.71221739059008
2.42683042592301
5.78369091785901
2.99470454844382
2.87592311767839
4.3232165521419
5.26462953210125
1.6597318638083
4.6497369870212
3.63775292274239
5.24635626816529
3.53706454888354
4.03807960043905
5.06651610307642
6.15854714981626
2.99878143179149
3.08406667027219
3.01195555392307
5.26402197949529
2.2057653149468
5.60697079087592
3.84788945203463
4.41630157059519
2.6116288762264
4.81467305079393
3.03955830335659
4.61182731848399
5.01215399618066
3.40377401351785
3.37488871962025
1.52177542441292
3.99819083513501
3.6987621602973
3.27432579222435
3.53706454888354
3.28340334390737
4.92385229142806
4.96743041631722
4.72573886240323
2.82652527179373
4.34094051592784
5.71639986389929
2.87361753667764
2.09776596422549
5.32443282324873
4.86405923770458
4.05757422605645
1.54350534243051
3.26835201700421
3.79454247285235
2.07390206448208
2.72705066625199
3.22528629132847
3.10272947708946
0.876240433829651
1.66925655067435
2.47422874217875
1.94812296112702
3.17340900881997
2.26849492162878
4.46205451132982
4.57231099964653
5.65931144844139
5.20243337632775
1.54350534243051
2.60303150718193
3.87972112650242
3.99887628918094
3.47248050634423
3.94236462035778
3.90778135456274
4.04475989480408
3.72850333247555
2.20151113030447
3.74623187542302
3.53734054606166
5.08943531850641
4.66072464786874
4.62148031730065
4.12137774391014
3.35514347565046
3.4592616529507
4.77317875617787
3.70378987702466
1.79188580505929
4.66439518535886
5.51834401555623
4.98650763836774
3.65864287175216
5.7399325672299
4.01930897816974
6.07337413878152
2.81109353832105
4.46002676589669
4.62387203428507
5.53176862714632
4.3345581550412
4.98988648873612
5.4342739001881
5.32936196707
5.53149200037132
5.83460057788477
5.21895570228594
5.39976287916267
5.06934940183056
5.03813321124762
3.47040511635447
5.40429025957835
4.22410041526765
5.05986629577385
1.96293164042155
3.01146113252009
3.07007843865781
4.86612838541131
2.68059160632173
3.16237938736645
3.56270606506311
5.73857810805562
5.31944426344235
4.27800676062424
4.41531575462618
4.82439650630594
3.93276254228527
5.21523543804278
4.77317875617787
5.11760271998238
3.60927291696411
4.94741218746472
4.31630068406423
4.74201117548321
5.99844584627316
4.2851308956015
4.62729271996565
5.61123154024076
4.27165206653969
3.68128820771421
3.84256620288766
4.18522921734629
3.54675187894985
3.70268450346421
4.10946300614412
4.41209537728605
2.61859315296887
3.44525051868077
3.90760794461156
4.10301118116087
4.32327727571635
3.13993935617769
2.88638234607414
3.15953577657355
3.55962673754455
4.8014019420777
4.35264285438925
3.99586529569117
4.64954826903026
4.08412036403762
0.930972556240061
5.13079217144079
4.08502168273493
4.840074953999
3.49371538073003
3.29560195170521
4.4958996584767
1.8785132268002
3.59687191488946
4.7748812654202
2.62457281289064
4.93193343931017
3.92496682412765
4.62678199704555
5.01460944065667
4.57676783639538
2.66157638880826
3.79047989727715
4.08414396731438
4.60328851305287
3.60210953493553
1.8785132268002
5.85836716655585
4.56289129172334
4.68590422744502
3.29934515598445
3.36151330851973
3.08792843542092
4.23533135694883
3.89989696587499
4.17195845895197
4.40107526438103
3.5054470211466
4.49829336456425
4.8014019420777
3.87555328565938
5.41503173493169
4.16906589772463
2.82268624191547
4.30532004641107
3.36096935900752
3.14226690883286
4.7748812654202
3.73354555188244
2.74082536110608
3.90499336871441
3.04221343948792
3.58354478696809
3.84921141519015
4.24953809288682
4.70260815394622
3.8358924069826
3.98396708124312
2.90403212301209
4.1864329529222
4.56769028471236
4.30017993553942
4.57676783639538
3.16285592998269
4.18717691310736
2.82268624191547
4.08861806854991
3.15649156448345
4.72762606652713
5.13004686833499
4.28673149757473
4.14762111035298
5.08826256838861
4.5119083311881
5.03876809178487
5.18885345002226
3.80111694102382
4.95557413214463
5.1334894957859
4.61030906092239
4.7156476176002
4.64833732770962
5.24564567645164
5.3559008098413
5.69880372258523
4.49053635036326
4.0800555099479
5.33898028127971
1.60973814483161
2.82120879943994
2.40275426167631
5.24192186527947
5.80429000374104
4.92657062228733
3.93845807191122
6.0530439731688
5.4084789093434
5.7813161360032
3.19615561155862
2.54474599959542
5.49952389115267
3.66777151680762
4.80048333519494
4.52745484549537
3.04894740527741
4.16395841510693
4.74211723425118
5.61815652829632
6.2141190092018
3.87604523353217
4.21212967825852
4.7705606333517
5.35789572626949
3.42504166487274
1.52177542441292
3.69722394053291
4.90939778542123
4.22966207952968
4.13274640104989
4.12736412204029
2.1741832329756
3.90371492702615
5.38471378727169
3.78330239002644
4.4139447364058
3.5553608657195
4.84776417251351
3.95033450176514
3.95568754341616
5.12105060990612
4.16395841510693
3.57965040592213
3.7995218980223
3.85619302104394
3.58723052236946
2.25598841053402
3.87604523353217
4.75398109924893
4.82011998993414
3.45586634334727
4.85362920078514
4.85683667261433
4.655896830142
5.05622350783867
2.46038521920164
1.58603223368938
3.90553459816366
4.17752255219018
3.98962517037052
4.11856325934522
3.41968862322173
3.99680896695195
3.58723052236946
3.3876223610083
3.04894740527741
3.4585258498599
2.80144716711314
5.37884875900006
4.8539691291866
3.98108473569378
3.16667531680735
6.22714900646174
5.31859374613995
4.64530044376349
2.6451097843017
2.3029847294815
3.4821079870728
3.08193522545813
2.62885703830818
4.46106349201451
4.31630068406423
3.72850333247555
3.57337633164218
4.33088118929584
3.19755829833085
4.30165806650629
4.13927754171808
4.36475714250935
4.30050033323289
3.57174102566465
4.83589323324696
4.89008274189233
5.6023128066966
4.14687213596615
4.64148377848529
3.18947130562131
3.77580908498771
1.52177542441292
4.18188731142946
4.33011545659541
4.48805882481401
2.18166169700573
1.45751861513646
3.41295478015472
4.6709968576875
4.47085315772331
3.88092511752297
4.14480490307075
4.11763050215301
2.80916255361154
4.3254519814333
3.15331941474128
3.15308631344816
2.45930931128085
3.84060537675645
6.15436230133679
2.10243546360651
5.18338307675175
3.56835315669581
3.21734312272462
5.02544896803669
4.95198682284164
2.71288613369304
4.43353606429358
3.96988611259264
4.67478136936307
3.4162026074295
3.8818456210164
4.71021280493472
5.64039648553943
2.68744329986126
2.55556922678337
1.93482971927873
4.67999720481501
2.81754156201872
4.65591361924506
3.92834794797137
3.92027575712854
1.84356137470935
4.42380201553755
2.96463001084824
4.72150438026403
4.8127727248334
3.60411952780392
3.18806861884909
2.12577251093931
5.03772577394502
3.02665934502879
2.24388805240602
2.71650442778087
0.728759307568225
4.14171408772296
4.43691183465551
3.95123789724677
0
4.77906922599256
5.24787969835621
2.87053060891362
0.728759307568225
4.45462376918351
5.22218615507708
3.57583647916245
5.50801591475292
4.79440493096738
4.59413305786851
4.95557413214463
4.43422911432992
4.13158285483147
4.7156476176002
5.24564567645164
4.64833732770962
5.04684247671401
5.24192186527947
4.49053635036326
4.77931589140387
4.77263245748748
2.40275426167631
2.33849745239985
1.60973814483161
5.69880372258523
5.80429000374104
5.57579864348185
3.93845807191122
5.52239809462538
4.80593898297489
5.7813161360032
3.98917172840332
3.33776211644012
5.15574860787297
4.46078763365232
4.00746721835024
3.92491491912686
2.25593128843271
3.51473039391242
4.74211723425118
5.01561660192782
5.61827104814258
3.27350530716366
5.00514579510322
5.14191836694412
5.35789572626949
2.90294254054384
0.728759307568222
4.4902400573776
4.45064595470291
3.43664596268498
3.53020647468138
4.92038023888499
2.9671993498203
4.69673104387085
4.90628185975842
3.78330239002644
3.94266464751069
3.5553608657195
4.36505282547342
3.50367203168012
3.43358841908725
4.66062519503596
3.51473039391242
2.78663428907743
3.0065057811776
3.54713468791665
2.98469059600095
3.04900452737871
3.27350530716366
5.15469647860581
4.29485490205496
3.45586634334727
4.39320378591498
4.19863765259899
4.655896830142
4.74716517471138
1.85784529283313
0.793016116844683
3.21415934325088
4.97053866903488
3.19660905352583
3.85619302104394
2.9730261531367
3.39426904058345
2.98469059600095
2.7627645107542
2.25593128843271
2.66550973301521
3.59446328395784
4.85674963467116
4.20474110799209
3.18806861884909
2.37365919996265
6.00416643364538
5.05622350783867
3.40393790123876
4.60964016383823
5.97925519210728
4.69056729307269
3.50095484621729
5.37714871120908
5.11036126678949
4.02451471501361
3.62053797183083
4.48071680585222
3.62053797183083
4.5048201663503
5.1439247933082
5.07057914920231
6.78391511792525
6.41810046751156
6.37185138203294
4.02451471501361
2.75135843732463
4.48832488079234
5.43206213462504
3.13543849774553
4.49718292780167
3.68176785584261
5.86563930520009
5.66752587617526
3.03245931216887
5.90481920941355
4.47832127428692
5.4616625620173
5.7442298080923
3.81813284521109
5.35275712971818
2.63394220887162
4.7430870441535
5.26354913299248
5.64281242072438
2.57498018879022
5.6467995937869
5.65852570053345
5.92748836659301
5.95313317484969
3.22323015739122
4.27846259645521
6.35702727172126
4.4691489704037
6.47162893180483
6.63547420019321
6.03827135220166
6.08503394528798
5.92775350074201
6.54751015269243
6.08559543834427
5.7158635417182
6.33765966547196
5.38540846038227
4.16593977182695
6.24650942026162
5.99065731435715
5.20433823206288
5.46001143581373
6.44618877572713
5.4616625620173
4.62065984740522
4.78026970570327
5.41418871928335
5.1179870512613
4.80375510524098
5.20623578186932
5.00847465528214
5.49158536245194
6.21635749695767
5.8751834580675
6.37035404755935
6.28691655951564
4.73607540419124
5.51775011269337
5.26354913299248
5.79254388533232
5.17135311851826
5.96481048584434
5.25546214028294
6.56289058587922
6.05129985735653
5.66482189938899
5.4616625620173
6.35702727172126
2.42230350584916
4.63112786954223
3.90078337644538
0
3.29234982303741
2.33515639697539
2.10243546360651
3.42194152843217
4.26639197711683
3.5917250433181
3.07775922752074
1.45218846885893
3.53072225530549
2.82174379873604
3.09232342573712
2.93440798425726
5.34753125974109
4.05368779203251
4.78244709960075
4.04468807110285
4.26221032925908
5.29826400585064
4.19110737598808
3.98757480933103
1.88940466954951
3.33028212833649
3.31765277291603
4.20401580400035
2.3465317307699
4.52778530724775
2.19658924407211
2.29401684470634
4.36075061745704
4.66954537967331
3.95771318972626
3.0875912342559
2.14177130134538
3.25681478472347
3.0148448479057
3.92787678325998
3.29881747610693
4.66599993352746
4.58820450923302
4.4790434602184
5.59686787042728
4.21689936936481
4.5130435497984
4.17127112197714
5.13055617720152
5.29440144558991
3.76958440230414
3.70994295239573
3.50537068532971
5.3530141508201
3.81467510495045
4.65493529712972
4.2239281655552
4.21165617027641
4.59076093481097
4.65493529712972
4.6664275373292
2.48142297377631
4.59671508027279
4.86901685594167
3.51264054908756
3.37009321443371
3.86606529942017
3.61050895904121
3.92524538087925
2.04067822054177
4.37076748459206
3.33285887123591
4.80743492822732
4.92966713636454
3.30961627469906
5.10088363624089
4.58000700462136
3.78653114781367
4.36824775753374
2.02568295200825
3.66190008173994
4.28299554074797
4.59671508027279
2.6451097843017
5.32829746550506
5.11653274151183
4.5510097394092
2.92320425386115
5.14223095895321
3.1949489342275
3.53505681324261
2.44879553507608
4.73618106691467
4.72479301054604
3.80037742971777
3.30063258312471
5.11842853839391
4.20293573233385
2.98304700883196
3.31512970418965
4.35039760500547
3.31512970418965
3.99007254956967
4.03198704374525
5.12827599131148
5.48712791127148
6.54796991419741
6.08158084493045
2.98304700883196
2.23244961697686
3.18258390229232
4.87792288060241
3.7240597751497
4.62705237448752
2.86129044954409
4.53069000577722
4.3325765767524
2.94882820614813
4.71766037356463
4.16066330522056
5.59153200870315
5.45602426275122
4.12865965305582
4.65458567724293
3.29445753410088
4.80914943572379
5.39341857967833
4.30786312130152
1.50021953689996
5.1664918755556
6.16059411734325
5.60983039752664
4.71766037356463
4.98581993259247
3.9419429738741
6.48689671840711
3.19633314194456
5.25819902283678
5.42204429122517
6.03025810517818
5.4259426245025
5.91974025371853
5.95838086867141
6.12673043366707
6.35089435719678
6.35870754636807
5.83214467615335
4.60486755164009
5.90998979768051
5.65413769177604
5.07401903121612
6.120526761043
5.11742343499671
5.59153200870315
3.41998764647922
4.44540901433681
4.59371131298484
5.63443572408878
4.62643997740423
4.43114068191272
4.83146735960938
6.15210068768121
5.88792486708609
5.54817483263971
5.26317625224506
6.03438034539291
5.07401903121612
6.15278092817196
5.39341857967833
5.92241333201817
4.86594485087708
5.65413769177604
4.92702951041137
5.22794128645635
6.52255281475647
5.30309632380879
5.12514293943619
6.02050764914015
3.70468858391757
4.9595604994138
4.88966295826693
2.92320425386115
2.54734724398494
3.76020245663225
3.36002969501758
2.94511360063672
4.76674041188667
4.60298822366022
3.97286584697899
3.85147080120162
4.63655810916801
3.39567172735567
4.58834560610227
4.44495446159025
4.55523333298554
4.49097652370909
3.76221721614085
5.08045076609924
5.1070578244319
5.91692777658896
4.34498556499097
4.83959720751011
3.39567172735567
3.98200950672207
1.52177542441292
4.72017042852151
4.60820992615486
4.80267379470637
2.39645518877661
1.45751861513646
3.95123789724677
5.20927997477955
4.74894762728276
4.15901958708242
4.4228993726302
4.65591361924506
3.0153629753459
4.61213952102928
3.3514328437661
3.8818456210164
3.06948647619799
4.14628229662862
6.36370014532772
1.37367615603827
5.37385926722794
3.84644762625526
3.94610243029286
5.35316878022587
5.15010025186647
2.71288613369304
4.7994808673009
3.96988611259264
5.00250118155224
3.4162026074295
3.8818456210164
4.95198682284164
5.83087267601562
2.68744329986126
2.55556922678337
2.66358902684697
5.00748930986382
3.48045941670596
4.99608330731228
4.21503548756735
4.2259526770007
2.57232068227759
4.72669542046436
3.29234982303741
5.03611935015638
5.12738769472576
2.99394236288678
2.66550973301521
2.12577251093931
5.23583920296984
3.41316836274624
2.97264735997426
3.4162026074295
1.45751861513646
4.67999720481501
4.77708152272274
4.27873000229559
0.728759307568225
5.23955289331867
5.56016588447664
2.14177130134538
0
4.6450999596597
5.42029958410191
3.8539309487219
4.68987076322565
4.19218591391393
4.78125556517783
3.56103379832622
2.26930338925546
3.71128152397074
5.09195077182206
4.61763248401399
4.05971577251398
3.69899023772161
4.05971577251398
4.47417719693226
5.01221390909138
5.03035346905824
5.73406665637945
5.66980984710299
4.94105053953475
4.61763248401399
4.82646689417288
6.05986372027901
4.32463431844075
4.36044309406537
4.47417719693226
5.32180544154272
4.58715256040901
5.28758026212486
3.20982031466569
4.459800068642
3.74541788936402
4.52289575113255
3.76681119140576
5.51066293869295
5.30489421102547
2.95110616606944
3.96136047602289
5.2233234528484
3.49799150681972
3.4042261000163
2.30464871227836
5.44088095866829
4.46930009213095
4.99405154239789
6.58941076364573
2.42046028752602
3.21298981923754
3.06231950610016
5.50513776794475
4.23092440026093
3.05011135600142
4.72505850531183
5.14486414614074
5.79158229373523
4.8325057679051
5.45743610696789
5.66980984710299
3.77887066356966
6.13656433486825
4.76945949228481
4.51360738638034
3.90129910297181
4.69368392799882
5.36436218010468
5.42143688187322
3.88557487171364
4.65626626845927
3.76334266357642
4.39554325936554
3.71621812602652
5.1704622238099
5.26173056837928
5.2739406205868
4.7473945616904
4.21716833676783
3.12608973024343
4.89385003999722
3.90129910297181
5.25932267794307
4.32478232210773
4.495570498974
5.04734968127426
3.96492462043058
3.59602301453949
3.07913319948917
3.43790828341623
3.93399480314743
3.79413644356431
2.4842305116693
5.7509582492552
3.78684057116948
4.86494950281605
2.89849079841027
3.43839486854941
3.73548900118136
3.33531623956669
3.83616122520118
4.77147938016107
4.57827476820933
3.9481523915281
3.82675734575074
4.61184465371713
3.37095827190479
4.56363215065139
4.44969342986465
5.41313550321348
5.34887869393702
4.62011938636878
5.05573731064835
5.08234436898102
5.73079925858149
4.08414396731438
4.81488375205923
3.37095827190479
3.95729605127118
3.21347640437072
4.77663267998768
4.58349647070398
4.12156884117773
2.37174173332573
3.14921959509427
3.51272371319177
5.26574222624571
4.72423417183188
4.13430613163153
4.39818591717931
4.71237587071122
2.12431535078143
4.5874260655784
0.930972556240064
5.11181649697077
4.22072274829505
4.59768373498805
6.35808717828611
3.79413644356431
2.97249946811118
4.26839664088941
5.17607330624723
3.94418496365594
2.72963996434043
4.40458711365084
4.82439275447975
5.47111090207424
4.49427454044084
5.1369647153069
5.383070410498
3.45839927190867
5.90524074950864
4.44498573270006
4.24727020674117
4.15717657777994
4.45319357687246
5.03988842051993
4.99047034027067
4.19032203211646
4.2306916452751
4.06590823321056
4.05731203190127
3.26763636758653
4.84999083214891
4.94125917671829
5.03345026946043
4.50690421056403
3.81747349089711
2.81537891544381
4.5237533057065
4.46623491090723
4.93885128628208
2.95110616606944
4.24148302076001
4.77146855568112
3.72443426930422
2.2223468585012
2.83055585565328
3.15116884681125
4.56223158887142
2.42046028752603
2.24374016054294
5.39558612865103
4.27587996335605
3.47143772049373
3.35903462447015
2.98649088295137
1.48084524015567
3.0218410452309
2.07390206448208
3.08800135563841
3.16237938736645
3.16237938736645
2.60993122542058
3.81741182151669
3.38482607429329
3.61065142104638
4.54691731878416
4.02538332317341
4.51697834543945
4.02538332317341
3.81741182151669
3.351177420906
4.60195343772786
3.41352691182735
4.69434489571989
4.43433780805935
3.95546889781392
3.45360427102523
4.72150438026403
3.56321228358275
3.3681652668984
3.71628598151281
3.94519929329128
4.430217324938
5.67705748238715
3.10561260071876
3.93378623475758
3.93501722525248
5.21309940253007
3.59745881609993
3.64494132822311
3.3729276435425
4.39244429846052
4.32158604162865
2.46386743674369
6.56324851508018
3.21317217235482
5.79499518239652
1.54099580507521
3.90084927619448
4.51614594596011
4.40527616784486
2.89225166794161
3.52322434136745
3.67631810363705
4.74031955910517
3.79501360930944
4.67053876801997
4.12718169828542
6.2580453568734
3.3034185870434
3.9331722242672
2.59863854897907
5.19990681676349
3.02532411748395
5.52771437242242
3.43432834428819
3.98878198920388
1.46955256371416
3.85976028916444
3.02697314819261
2.67907939472503
3.80816537998994
5.16052184966798
4.79115903553916
3.39487731005849
3.91368114557882
3.27811563716477
3.45637964805611
3.51691913974999
3.66710482373183
4.92181234720404
4.83217194426773
4.70831179449745
3.17550980146579
4.98878519023812
5.2858354377856
3.73324835833478
3.45360427102523
5.30340016013047
5.353781876169
1.98682708434194
3.76262239245628
5.06333633792353
6.56093389440625
5.08314408013811
4.70337519244167
5.80164416874047
5.32085991506641
4.34848225607872
3.94450551289594
4.87329359291763
3.17035104956599
4.81210764466935
5.60359343731397
5.2575307756948
7.38102744629297
6.81178046563308
6.81178046563308
3.50243374492368
3.23469081392599
5.14798071242761
5.72036023266791
3.18752480335604
4.80447040612072
4.13208584348695
6.33601543022756
6.13790200120274
3.93549266321119
6.41542241897152
4.80228881535204
5.76676844956767
6.09764977288269
4.40228903380881
5.83172632478218
4.08205273065122
3.94365844601549
5.56865502054285
6.11318854575185
3.92043104433989
6.33812238871677
6.19691172142194
6.25145590765812
6.59569902323896
3.88736738652356
5.40090190214497
6.75070726984278
5.81899198453429
6.8830672605811
7.04691252896949
6.21254539567574
6.53118922421666
6.10202754421609
7.06362746838557
6.30940901997032
6.29601736239215
6.51193370894604
5.86846228023205
4.60040246283363
6.48649355286834
6.17760894084964
5.37861227553695
6.1793626500251
6.8576271045034
5.85534256013883
4.58051541105591
5.07478482304309
5.77085196052409
5.70020575189276
5.40814711079219
5.3805098253434
5.18274869875621
6.21093657666331
6.61812448778872
6.04945750154158
6.78179237633563
6.71141201704703
4.62495484713362
6.09790393336732
5.56865502054285
6.09764977288269
5.6450141571744
6.38433731247867
5.56865502054285
7.03326671090669
6.55887041883516
4.72116619625341
5.76676844956767
6.75070726984278
3.2162657113937
4.67191137788788
5.27315345312718
4.23205767466795
4.99637835047058
4.68195031835515
4.49839485430713
4.44544125009155
3.0077352947327
4.84817166840092
4.36377487533613
4.28162364065848
5.08092355347552
4.27925738450559
4.24660054191747
2.63550816302569
5.08923424959991
4.52208509769817
4.52208509769817
5.48970796444866
5.51793927643903
5.51688920504581
2.32496909772248
4.3090583664932
4.20649827920943
5.44019032116565
5.1829836238517
4.87730670397954
4.61924818008636
3.37850528849709
4.31766736526924
4.66014606946234
3.00159297999073
5.0089672610889
4.51804868043972
3.71139344569436
4.85305221208706
4.35446914959017
4.39269597011814
5.12329879928374
4.72353437271575
3.69162119883645
4.3229049853153
2.97749488196547
5.15521550425936
4.93630586361095
4.55048810596587
4.79203690014414
4.94485965323024
4.64880764320811
4.09991523546968
4.76678031863333
4.04594070737593
5.12638410397352
3.30105687267151
3.72639348815017
4.72605742627686
2.9502584695921
5.23292751862653
4.4551527957184
2.87261118848192
4.32636960360051
2.49679392996012
4.68332033197039
4.58825202163725
4.9293485393164
2.60740861703603
4.72669628129718
2.11691862342064
4.01603075812247
4.62878432102922
4.22845764333256
3.80898030117354
4.58253468587519
4.36645364093666
4.70245516183818
4.31799518539664
4.25412963267536
3.49261061610309
4.35446914959017
3.00159297999073
4.66149894719796
3.22555323752836
4.35446914959017
4.88761114579333
3.86345063747973
5.20347509490125
4.66014606946234
4.55048810596587
5.27046534784671
3.84838843717896
4.00959959466077
3.89719649863719
3.49736458538333
2.29401684470634
3.5857472537771
2.65448822397046
3.79941947100697
3.70054126153348
3.70054126153348
3.32353093155782
4.39547227065371
3.60826831619462
4.34578311001557
5.18862297709631
4.53248671204623
4.93403258312114
4.53248671204623
4.39547227065371
3.57255478284982
5.83025738972292
3.72481948717657
4.85722335895602
4.67633042088949
4.49363077198096
2.57232068227759
4.97769956954149
4.02547774200094
4.62592164261874
4.24001656348598
3.06391570454364
4.69946450083515
5.9332526716646
4.36104276670457
4.32633923611935
4.5581225598269
5.46929459180753
4.06590823321056
4.1072067866413
3.87264875638497
4.23106561746757
3.78794903870496
4.1360438040233
6.8449984225325
1.54099580507521
5.92705159225781
3.21317217235482
3.73947059520153
5.21967742963695
5.48388662224889
1.854324720955
5.15383145239345
3.34645609691493
5.51356349983842
3.77905010573153
4.23106561746757
5.28577319322407
6.40182333170025
3.28745508346549
3.19262674431193
1.85784529283313
5.53122921116841
3.28745508346549
5.73975182281834
3.71010275317936
4.70020010457243
0.728759307568225
5.11751666488478
3.80810372061758
4.06879840927668
5.18616282957603
3.54713468791665
3.45586634334727
2.6116288762264
4.99229159998285
4.18343785865163
2.71558639191018
3.77905010573153
3.06391570454364
5.19105952310119
5.25132895029447
5.03963418890237
2.57232068227759
5.16499933898095
5.90938588092781
2.17607751553734
1.84356137470935
5.43545656999176
5.58635556948695
3.79069043656947
3.10393133523457
4.29687225280508
5.54034690448796
3.46038315600168
4.34580664039804
5.57433451364
3.04278800002814
3.55689436301932
3.55689436301932
4.23033194549085
4.04227615118052
3.47278660612378
3.24716312553702
4.744742869856
6.17088219301527
6.49934206618592
6.17088219301527
4.04227615118052
1.87168881581024
3.44184706714825
4.20294664285707
4.68101182564572
4.5722404559797
2.4952386071403
5.41595635677555
4.77450749612657
4.59019501789938
5.12912092531649
4.45147672255991
5.83753108982119
5.53642006304241
3.66926089641241
3.68801515844741
4.80386266410581
4.98088835086018
5.03687773442785
5.19312947229984
3.45233277660165
4.76588353559519
6.05100722310378
5.71967862154313
5.23711218595315
4.06593750862296
5.72726098266979
6.60890451148107
5.41468902184264
5.78863698480249
5.95248225319089
5.75786112098188
3.77560481393042
5.45686707904605
5.12767190541233
6.0171435394276
6.13055087143484
6.2491206521286
5.55974769195705
4.06593750862296
5.75964937416439
5.66482103501083
5.551555664251
6.21308213039168
5.56153594513956
5.31497220398731
4.53543310778168
3.90186650844312
4.43010691753473
5.39149116361777
3.78484251493502
3.15075187574125
4.23628718843673
6.27410848075517
6.07775413163721
4.63468332234542
5.49549088268059
5.98456783834308
5.87276892084267
5.93243744241001
5.63941766079637
5.93498766083223
4.47209584257443
5.81451453260186
5.21784292775073
5.93224244413181
6.41296592051699
6.25228655253774
5.41595635677555
6.21033691369126
1.75878857832072
5.81698696731841
5.46463844311401
3.91634456163558
3.63119057001846
4.974628047034
4.81161957072153
3.18151629098315
4.98396692849403
5.15558010998672
4.69515469511656
4.06814508884875
5.15751212104736
4.21614218284417
4.76913390167147
3.79624662641957
2.91494560580016
1.58364637186342
2.31240567943166
5.61793753591752
5.96817990742606
5.44307845899662
3.61808224791093
5.44524066039496
3.62690727322534
5.85915925642084
4.7764044962576
4.57829106723278
4.33540057388044
4.37195116508624
4.35140438824133
3.59148196637145
3.8030411978578
4.62275391647695
4.35938774679542
4.89316470255195
4.87947664985139
3.39336853734663
5.27886250132105
5.4125521375035
5.41687719317238
2.11429225040683
2.90223729593524
4.37195116508624
5.49738192147895
4.61844396040532
3.82591442869381
4.80209134659363
2.71683217677534
3.60979726797672
3.40702188851361
4.36491973171732
2.42633191999445
2.71273235712832
2.11024150570069
3.01232752324465
1.58364637186342
3.93766776705702
4.55461405458726
3.01232752324465
4.00115462688262
3.5451690645598
4.00115462688262
3.41675402058833
3.59148196637145
5.35561779210879
4.58364025079737
4.45165202274505
3.76941123871774
4.28945564928478
4.51225339412863
3.58497386849979
3.49075788272316
3.16232525285158
3.96459305402066
4.73832112245035
2.60740775620321
4.36038367817567
2.81421409421982
3.39336853734663
3.07428189028956
4.24943877407321
4.00115462688262
4.11786565236262
4.75501119421587
3.20537077063304
4.82086734550178
4.31597908138744
4.55467373626205
5.03065067059768
4.42098504955925
3.64367766457122
5.69560611789611
5.43330824497969
5.53292367335891
5.74388390814928
6.18062532082334
2.77766161041795
4.11661120777538
4.46038649105508
5.77591961491591
4.88335613969706
5.02680355437152
4.2627457919324
3.66354672575832
5.53674378656539
6.45468634554553
6.13119672022436
4.67500351441032
3.22571857642847
2.93580168869888
3.98258808708124
5.49137734373751
5.51414275134406
4.03962795922745
5.55380665651688
4.41569546774797
5.29521158471314
4.282745518008
5.20099990523489
6.52009624153767
5.06136944052572
3.76920069875213
4.70584314497303
5.75250614346969
6.48895469122598
5.31587819092483
5.20495151219426
3.93176104702794
6.10269334693876
6.31470949646627
5.92488210800181
3.58641948148754
4.33724785692558
6.40543000404828
6.80513688731504
5.21980002888649
5.39236919019572
5.47164282774061
6.1843734843012
5.95198489915895
5.82830857110365
6.12013348634307
5.53448484197078
6.37332275137189
6.5128229254911
5.94381843117657
4.21700678305983
5.91457092065357
4.33202931341708
6.25202986480849
5.79821574080349
5.12200455796977
5.61173249628756
5.04443040094052
2.83018136149876
5.9669039165078
5.19188362998352
5.47749698261464
4.34003405843642
4.65257663935232
6.47034085658915
6.22882340607407
6.01554064082198
5.38707794792968
6.03483063956208
6.62196359395711
6.17520932234707
6.21441932166551
5.3670992300436
4.88427169166069
5.33946391008516
5.90868953214762
5.54299299693152
6.67666819387949
6.9843947675892
6.14825959017585
6.36140618812813
3.32871530980426
6.25835240520441
0.793016116844687
3.38681756064803
4.84341786489389
2.78705373979943
2.92323039250268
3.47980188965369
3.22131161974056
1.32508599983189
0.857741099077032
2.81593903369703
1.54350534243051
3.48246734194725
3.06154398727411
4.30665395278127
5.6348282176453
5.67923564803877
5.16671409230047
1.94812296112702
1.42271870990051
3.07111104279707
4.30793462230823
3.04626403500964
3.82402808565764
2.72746855728132
4.88966295826693
4.64530044376349
2.55519267830026
4.61240408679228
3.28392407960662
4.91398025956163
4.55534274779009
2.98768021572803
4.33952003490569
3.5364529003599
3.62016882069433
4.66022334691214
4.6205869883126
1.84356137470935
5.00290594221143
5.31270100569391
4.7330911719127
4.72944551418842
4.22753707459078
4.2177868941964
5.8893260098002
4.17642234450949
5.29669821768416
5.46054348607255
5.20122664704359
4.89673705909347
4.75053910751672
5.71302768339058
5.20912486496133
5.43863847027334
5.59079547525336
4.92313217748414
3.69689119604737
5.02073954086436
4.74227159550976
3.60927291696411
5.34381013111978
5.0873571256284
4.91398025956163
3.22689825323357
2.52512332630603
3.7229120550648
4.65571076836316
2.86386578240455
3.28096153001755
3.20171083250874
5.55452997907431
5.0850171772635
4.31898522045532
5.18550241578542
4.97449444749132
4.15795568291387
5.19427595576989
4.66022334691214
5.09005321847029
3.18436964030906
4.86101966766225
4.12951373900717
5.58691423894606
5.75464074364175
4.55023833302613
4.37387625351061
5.3768044540619
2.92124351470142
3.97378469405513
2.30639423859886
4.19777481430155
4.09671553552608
3.46017215333213
2.94486239168304
4.4962564653148
3.73716302649515
2.30639423859886
2.71101185729536
3.86049883102879
2.96421532982989
3.11351785886611
3.33493201654633
4.75279642766246
4.83632196955117
6.08718040144832
5.62933808639587
2.46741800534976
3.16101292068021
3.88096659054302
4.00536905267409
2.62354482690851
3.9784280235359
3.79794074595698
3.87179707134739
3.67368364232257
2.52198252196546
4.0704600270568
3.50985736350026
5.20309630528414
4.99569451150711
4.65324621357639
4.41211966024278
3.11222225241622
4.47282819949833
5.00498287625931
3.64897018687168
1.59620979015424
4.77805617213659
5.80908593188887
4.95902445580635
4.15804903072765
5.54960484076251
3.68781364436434
6.10654800769763
2.74364062924908
4.52959363135053
4.69343889973893
5.7078110476434
4.73082508526982
5.39151882257309
5.60687268321703
5.79726514052971
5.70409078340024
6.0071993609137
5.50969761861857
5.28723460246123
5.35846544755307
5.17244250951618
4.35991211170727
5.74017805033351
4.36733590168354
5.21118329799367
2.74115328547742
3.85080216459583
3.9595854340106
5.34144109027929
4.15553058370374
3.84512690220827
4.24545357990494
5.77175197697172
5.24520591807533
4.84446422337051
4.46267681293372
5.58338391173176
4.35991211170727
5.50597735437542
5.00498287625931
5.53397762859916
4.35991211170727
5.20189493324147
4.46669975916727
4.56904835202652
6.17104462930209
4.84276657256468
4.66481318819209
5.56826489060558
4.33616469916724
4.40686864246153
5.21682361115783
4.19218591391393
5.31953868226987
4.09931691541827
2.89849079841027
4.22380307970904
5.58354579408811
5.10922750628003
4.58666862044615
3.69899023772161
4.58666862044615
4.67229062595709
5.44142588068565
5.03035346905824
6.24153431406162
5.66980984710299
5.66980984710299
5.10922750628003
5.31806191643892
6.59814683737106
4.52274774746557
3.63168378649713
4.47417719693226
5.59181291839264
5.12543567750106
5.82586337921691
3.20982031466569
4.99808318573405
4.47417719693226
4.52289575113255
4.495570498974
5.93845090584343
5.57890405579915
2.2223468585012
3.96136047602289
5.2233234528484
4.03627462391177
3.94250921710835
3.23152144887142
4.71212165110005
5.19805939969919
5.53233465948994
5.97923359872859
3.14921959509426
3.94174912680578
3.50890001769202
6.0434208850368
4.7383920579431
3.77887066356966
5.18193657742546
5.14486414614074
6.07013652479966
4.8325057679051
4.76945949228481
5.66980984710299
3.05011135600142
6.13656433486825
5.45743610696789
5.24236669394858
3.90129910297181
3.96492462043058
5.78188156377695
5.42143688187322
4.42385798880569
5.18321911639144
4.30162578066847
3.6667839517973
4.38118760545377
5.66205724607594
5.26173056837928
4.54518131301856
5.47615386925864
4.7816098997288
4.30142954940354
5.5818266546803
3.41822997095879
4.57134606325998
4.32478232210773
4.495570498974
5.57430252920643
4.69368392799882
4.32478232210773
4.34617562414946
3.43790828341623
4.36178277029791
4.52289575113255
3.94174912680578
5.7509582492552
3.27431901543118
2.78780870714645
3.02285648152211
3.39614300032561
2.74210250545002
3.13494586068006
4.36283297021219
3.10127128516834
2.22367659330188
2.81147394489058
3.14242918314669
3.78589426440552
2.5436493291766
1.39701320337107
2.84795135525101
4.2239281655552
5.49572874094677
5.0169442823999
3.2701075596492
3.6424273892278
3.32885639150826
3.87485081365953
4.51822068787445
2.72270998333384
3.62219222576183
3.51264054908756
2.02568295200825
3.91761735527344
3.17021147500887
2.62840317337967
4.63322777559462
4.46851159691594
4.22955874727383
2.41181779639575
2.96682750083611
4.05402744264249
3.15907560009905
3.23210132927259
2.59657754932324
4.20818764244707
5.1787866042349
4.67602406211996
3.19648607331101
5.4042100891824
4.78467584319394
5.6647898447871
3.47899970071135
3.84748737029815
4.01133263868654
4.89372749482253
3.63259325679068
4.49127027052515
4.98466034827259
5.08647568034202
5.1229077063769
5.38498702596926
4.68752707308818
5.12642345178695
4.71670287003846
4.66111662031899
4.40717514137203
5.16140397285037
3.72891758960439
3.44576313969504
1.85585868517739
2.96331484577296
4.00684846367536
4.46005407994221
2.66311145414285
3.16092119544532
3.56124787314199
5.3299938140612
5.10714057287985
3.4946368173953
3.56242826088578
4.89537224873853
4.66954537967331
4.91670728464255
4.34654023599864
4.87471643325439
3.56112663021698
4.75519913651192
3.91732826440437
4.24470965710032
5.54883229435764
5.23146295394856
4.20401580400035
5.25858500844865
3.29562434206588
4.54186937832397
4.86059111036623
5.87729233491337
7.00751215661744
6.40463783143043
5.97241856078446
6.78211158594541
5.14246920492182
5.45980249312533
5.04773875723302
6.19478734420996
5.38624951408559
5.56176032999576
5.72889565668832
5.21175823283243
4.86087283953083
4.49505818911713
4.44880910363851
5.79022625726837
4.2080116464521
3.99236530386123
5.76371740873135
4.90115004000029
5.55412309144713
4.54823182901188
6.88625903116161
4.29040395342152
5.52693016199187
5.78981201343482
5.53526143793238
6.48228228797882
4.58005132454196
2.25053473198116
5.04727374326326
5.10540592343879
6.76621591563853
3.88642721023874
6.68253263509517
5.06945103861322
6.68651980815769
5.19518362804418
4.56922809735401
6.44620351151258
1.45751861513646
6.71360587333843
4.97226811041888
6.9233927356962
6.00828685931556
6.05136839428417
5.92326415622293
6.72071614934793
5.58563000027481
6.14624329871094
5.50148963243523
5.56799291254507
5.93639281149047
5.25663831961842
1.67146892200395
6.09863879108848
6.30321210005418
6.60930110679921
4.07525227451136
6.25000587283135
3.88642721023874
6.36336425440415
4.8123776438356
6.81915159401969
4.98921691049744
5.92145244894808
4.79000766576479
4.58015717854432
4.36919643945085
4.48379140903943
6.51086566212745
6.25534685158062
6.16044611367627
6.45960760920818
5.37751672206888
6.29180609750263
4.60589815305477
3.48704662124191
4.58005132454196
6.27294444398789
5.37624485360166
5.46719405144749
7.22151237111294
6.46342063446408
4.24350880285064
2.91732609521937
6.51802738982308
4.56082640459235
3.98710353086298
3.93392883078191
3.50235999923764
2.83981699932168
2.64181163580403
5.01087539864124
4.37000598272959
3.87972112650242
3.34421435707963
2.9251413563782
4.84260398709345
4.62906548958522
4.71801921251607
4.90952029321539
4.68808023917136
4.26029227202088
3.33348128109835
4.89682138898008
5.23116628666436
4.87130482462752
3.69005428721093
4.60543970179126
5.38379438688879
4.35217253326109
5.6023128066966
3.69353148442951
4.20958205608898
4.0520172372081
4.11630118702319
4.63545807955376
5.44354175742255
4.66516520143269
3.7958297953622
2.20960454772391
5.38420129626198
4.47826724253251
4.2919140129629
4.91207798729062
4.56354619219243
4.65731729732394
3.47372104927646
6.90706676348499
3.20014217509488
5.96609707612842
2.16276253681591
4.78165770262706
5.39695437239268
4.57637806157678
4.43140201168973
3.69432623509936
5.21546844738517
4.91142145283708
3.96611550304135
4.84164066175188
4.29828359201732
6.18594469446538
3.55275882808474
4.18251246530854
3.33292168063811
5.3710087104954
3.90613254391653
5.69881626615433
3.39773409826923
4.32451324489916
3.5668308696481
4.03086218289635
3.19490834425554
4.60195343772786
4.24255694428845
5.33162374339989
5.04833668958199
3.64421755109984
4.81224940781468
3.42429013464919
2.72895774982582
3.6880210334819
3.83820671746374
5.09291424093595
5.30531029853743
4.94322074334492
3.40709020670385
5.88735345247397
5.45693733151751
1.80386335222751
3.70294451206658
5.53830910897794
5.54790662698279
1.25940518611164
5.07803884617692
4.65006645392161
4.17958692951997
4.01891433833389
3.35637133841794
3.25340098396306
5.37068539051342
5.07551302402166
4.51759631252165
4.15687077772928
3.79465497149549
4.78826964128974
5.42794721538078
5.48823400906591
5.21470905618286
5.29424034255659
4.56548103498835
4.12039336736884
5.12606086655299
6.4742518401732
4.94893054361772
3.22323015739122
4.93205773693993
5.51731574324911
3.18483056935782
5.59020945662171
4.2548536573601
5.44010662558668
4.2032984293717
3.26436185573155
4.73245882377727
5.94848715880345
5.61308125344211
4.13774601364534
3.55290684691698
5.66974074299544
4.67841812029079
4.59086594759221
5.014487988711
4.60175214217818
3.75123090459068
4.81826614815994
7.01959774520759
1.16192639212501
6.04751670291109
3.61501776554706
4.52222085580445
5.97161223082999
5.90373872808425
3.31683111231979
5.57368355822881
4.57383109121939
5.78372210808274
4.16984108364728
4.60175214217818
5.70562529905942
6.56675131643012
3.44108177607904
3.25507349097934
2.84087863659562
5.68114674554698
4.09030979727356
5.86021693347163
3.59788497602752
5.08469438474165
2.55322869960921
5.50791634699485
4.17409866603419
5.64006432878313
5.88102617094354
3.66759979856993
3.33916716869836
2.95863444136682
5.83592900667607
4.21643218159375
2.23691470578332
4.16984108364728
3.26436185573155
5.46121813134551
5.48612973287266
4.95238743797874
2.53560254816331
5.77750922606118
6.28007240563842
1.0803674310646
1.80684324059507
5.31875739534285
6.20024571922634
3.1803317654947
4.69778429732126
3.80567010120265
4.09410522125633
4.23683502916085
4.04616045232901
3.64443094222103
4.24617391062088
4.38872596419397
3.95736167724341
3.83650835146418
4.41971910317421
3.47834916497101
3.99484947231285
3.75815178819506
3.60331472744365
3.00077480107515
3.00077480107515
4.85108339012476
5.2303868895529
4.05810764694928
2.88028923003778
4.03747754048184
3.61361137036818
5.12136623854769
4.70669203920119
4.42072827672849
4.1946798786276
2.98698035303891
3.61361137036818
4.10415211283268
3.47648586385277
4.54248256912177
2.97441693474809
3.46339270207195
4.40793692289276
3.81818835035999
4.51200835552829
4.64569799171074
4.67908417529923
2.07390206448208
2.82801446433823
2.98698035303891
4.67111559545479
4.4451877192038
4.38141749506052
3.4171205345463
3.40520129841882
4.0727119192146
2.75081038403451
3.90807244016461
2.15284736960468
3.40110147877181
3.3019154645068
1.58696652527257
3.00077480107515
1.82393764744145
4.80835921716778
2.3157258328408
3.6745992928776
3.90248698832898
2.94583998530936
2.72015233018449
4.10415211283268
4.58876364631604
3.84584723292422
4.30281366602564
1.65568111910216
3.39230954594434
3.12728258208129
2.72695590438463
2.76199857515492
3.16232525285158
3.50774576246795
3.35335031040302
2.54064429701949
3.64499054268127
1.38885309624774
3.81818835035999
3.47648586385277
4.1006004173538
3.6745992928776
3.81818835035999
4.59744840371159
2.93952611430268
4.80835921716778
4.10415211283268
4.38141749506052
4.78059750007005
2.5529451054989
3.90909730454114
4.63147963029624
3.2238673838392
3.44206657182194
3.57253968875068
3.07941712697215
5.00925843769972
3.74628721458432
4.30420392608433
3.8423932495186
3.60927291696411
4.48732119998221
4.20187142767431
5.5923310680481
4.40868300809313
5.55544043053808
5.01715731344603
3.05135620546409
4.77322698377582
5.56768053683871
4.58750359080403
4.45547267681556
5.08986112635072
5.47129142304704
1.81495313241481
4.83792224118713
4.22769099067278
4.55667242353668
4.61602593988795
2.75785386820337
5.05648449696093
6.12039375262885
5.25165430062841
4.44857144425657
3.96688079411055
5.8919920630355
3.99584336191262
3.50190544649107
4.77798747803274
4.61273081610235
4.16395841510693
3.82097734622556
7.18932274826431
2.39198732078066
6.35834213352231
2.6357354762558
3.75753472590695
5.14961255833901
5.83928074776454
2.22664485193786
5.50922557790911
3.48364483083745
5.91727159079021
3.39038674054447
3.88397150853411
5.64116731873972
6.86314545484747
2.85210362345242
2.82088743286948
2.59212842449218
5.78524380452917
3.26988283175318
6.08246825351169
2.24706031395208
4.87130199830434
2.19180174679551
5.47291079040043
4.32790119266974
5.27863737596943
5.6789640536661
4.5886023940983
4.37111466832918
2.08868841254248
4.99193929754521
4.5184149624604
2.06005854150497
4.11914604811271
3.48661317577161
5.59476761405298
5.27273734643534
5.24696068743712
2.94833005867956
5.13278550147394
6.29105107956259
2.16291645289791
2.94833005867956
5.82005901643026
5.87868353218101
3.01105458730903
6.04629903184497
4.86411738802379
5.16844439050267
5.44716915441068
5.1701574874909
4.69763294962411
5.17779021614097
5.73724069871768
5.23244164868707
5.04684247671401
5.72499099729249
4.68864977938808
5.2860486442086
4.73227764619554
4.00531288604589
3.43358841908725
3.43358841908725
6.2257565705174
6.19145561879827
6.09965046838002
4.17196227540281
4.79363878705714
4.73622652591848
6.05132361285312
3.51155824417025
3.99680896695195
5.29101081327013
4.92745525967087
4.80593898297489
2.90901831780174
3.20461921020243
4.11856325934522
5.01263271771795
4.30353735710564
5.61827104814258
3.39426904058345
5.54342891219527
5.8298949816272
5.53932909254825
1.88317912603313
2.06005854150497
4.89800283594559
4.48379140903943
3.59397669882465
4.10163504610995
5.50728893876929
3.21447835996987
5.07733863140453
4.78902616700438
3.0780356176445
4.07542850264762
2.73882413009651
4.33642248201524
1.54280584285184
2.33849745239985
3.86548046887219
4.64920913788863
2.27156515042008
2.68261927134126
3.35665849744046
2.98065895266479
3.14754605799011
3.91682792641733
5.62326713864145
4.7774635384443
3.75698517513712
3.69722394053291
4.68072167771171
5.14749185240805
4.74716517471138
1.12908598526489
2.4002282295722
2.67770893994783
5.29382521703498
3.89313242242342
3.15319527482944
1.81624682405337
3.27350530716366
3.20461921020243
3.99779952592544
3.70941826023303
3.27350530716366
4.17352909393504
3.97783706800691
3.92808706886903
3.27350530716366
4.10163504610995
5.88791447248589
4.56503550320436
4.87868159777729
4.04850523195877
5.05110912594574
3.9556362334631
3.48356942402335
4.23187915835
5.50559242824017
4.77108549289949
4.24852660706561
3.55530955576644
3.55359559794539
4.75846204989406
5.17353632269402
5.07264117707605
6.05308579827212
5.79071555997084
5.79071555997084
4.07615448377927
5.24010855059099
6.45907408450324
4.7441813767997
3.55012482543672
4.56034862086923
5.73326550719214
4.92671857823333
5.62714627994919
3.60043760885339
4.71522233721605
4.61562978573177
4.66434833993205
4.6370230877735
5.9302099970519
5.58093173048583
3.41822997095879
3.47390451078802
5.3647760416479
3.83755752464405
4.48282000888709
3.37297403767093
4.97251708436037
5.33951198849869
5.26390510316581
6.37446335579284
4.09941253199663
4.16318275613991
4.04921080947076
5.70527887165627
4.40025004456256
3.70091729772172
5.10398321157753
5.0669107802928
6.04134874007647
4.88981460745433
4.90026588115924
5.6410220623798
3.30023831758741
6.20830446661135
5.37948274111995
5.28465440196639
3.80884726514649
4.35987582074325
5.44373955039642
5.64287051120735
3.55364609243794
5.1052657505435
4.20917394284315
3.89761036232506
4.23750692349861
5.584103880228
5.18377720253134
5.0123051179079
5.69758749859276
4.70365653388086
3.963287536023
5.60440120529864
2.2223468585012
4.70215245213442
4.46623491090723
4.6370230877735
5.64604266094952
4.91511755733295
4.46623491090723
4.14745852488174
3.75561725927003
3.67986547363768
4.66434833993205
4.16318275613991
5.67300488340726
2.26930338925546
4.35172874984512
4.04850523195877
4.72338931375657
3.41735311637105
2.75481011645511
3.50311985078177
5.01399740597413
4.27949047063345
3.72157375913344
3.55530955576644
3.02664275001321
4.46260774453133
4.74432435109975
5.07264117707605
5.72536598608295
5.79071555997084
5.11689168073004
3.58455946151323
4.74851352832494
5.99268501523628
4.46608690724025
3.9779127925872
4.56034862086923
5.44657796759616
4.64003103863735
5.34045874035321
3.60043760885339
4.36123145190775
4.18669486574056
4.66434833993205
4.0817813511838
5.56572300768998
5.22694084517753
3.90129910297181
3.47390451078802
5.3647760416479
3.55086998504807
3.94453689179504
3.08628649807494
5.44290863335498
4.91057706850749
4.90991421785751
6.92942653563096
3.61634339998361
4.16318275613991
3.69521992416246
5.37755905946709
4.07253023237339
3.70091729772172
4.64710513946389
5.0669107802928
5.7136289278873
4.88981460745433
5.37948274111995
5.6410220623798
3.70091729772172
6.20830446661135
4.90026588115924
4.89773288971161
3.80884726514649
4.91511755733295
5.07445048195363
5.64287051120735
3.01536297534589
4.47142334788223
3.68538929772848
4.45285209891476
3.57253744407135
5.09250885796196
5.18377720253134
5.49537424992092
5.21451836657975
4.14139656168857
3.6092966507147
5.02052560006775
2.95110616606944
5.18136931209513
4.46623491090723
4.6370230877735
5.01220025828825
4.35987582074325
3.99584336191262
3.86077098528576
4.13787980626128
3.2520775064872
4.23541341994085
3.68011362412689
5.67300488340726
2.98634113185814
5.2854745467588
4.58000700462136
2.81754156201872
4.5572021312261
4.22134443134384
2.07783094416277
4.39672840895277
5.02310430845752
4.51120186746915
4.62273638633675
5.07533398131371
4.86479080467367
4.36905639601839
4.55453706083638
2.62915242154336
2.55317404730135
1.83613630469867
5.39702156160291
5.81038541384368
4.50707578363191
4.24632861277463
5.70805192058167
5.04587163991884
5.76815719906572
4.20618447959094
4.6012603205732
5.17727764404436
3.38240808879435
4.20598805696429
4.14192767031448
3.46009642875184
4.75761334715919
3.74003961762527
5.13796945009554
5.21989904722405
4.51552136946982
5.03467258506799
5.09001264003545
5.3339621285268
2.79885033450005
2.86888924133665
2.9003705660686
6.04186397102517
3.78326509703696
5.09994234917672
3.67095899239481
2.86310714377651
4.14320857462272
3.83393606591755
3.83671859969269
2.51361640766366
3.40726841951033
3.75219729241132
2.48309043470849
3.2050551708385
3.5895735514141
5.34812944577333
1.75433112714025
3.01267667071076
3.79814803431242
4.51657554850925
2.3029847294815
4.843241181659
5.08735712562839
3.91586357721829
3.79692884093418
3.31815127951789
3.42247985659317
3.46859182764096
3.55986017221034
3.79848266459892
3.40470046083945
2.90574604345261
3.89819287519401
0
4.19725551863084
2.23872792020504
3.75541865259703
4.18885573632008
4.24148346593657
3.78781624094101
3.02665934502879
4.84820091122955
4.33556409307879
4.32961235613604
3.41316836274624
4.38290460657403
5.8393357840381
3.67844231486144
5.42894536660794
5.06675421502587
4.1666967268796
4.20568615238057
5.08154868681469
4.16986887662177
2.5984122675122
5.00396358188168
5.00396358188168
5.19990681676349
5.62924769677659
3.80299321853101
4.40239245539824
3.37282614580784
4.29269808034544
4.49081150937027
4.29269808034544
5.62924769677659
5.02927619600153
5.73040520393481
2.02967012507077
5.73946621382134
5.05070581672067
4.71780809804263
3.44508515402005
4.88221045348685
5.50807893246609
3.99102789452329
4.92230484475225
3.68465521204827
4.02431071940857
5.6788377294211
3.91795518416538
5.27881720759511
6.03673860934286
5.08032388251168
4.85410107410951
5.22205583872651
4.24727020674117
3.98935672477512
3.75159273725037
2.67286138057608
6.51306258727465
3.02411965509438
5.58453611454359
4.46397201889261
3.70311429374694
5.09874949733885
5.22376129641338
2.41227063497313
4.77025472504248
2.86027073951021
4.54492812517063
3.50170483062135
3.98935672477512
5.02105716527579
6.2112154445723
3.2510987820109
1.6597318638083
3.68422176657797
4.56259383650062
3.2510987820109
5.40781598756049
5.01542799574076
3.24759732358159
2.82122435388091
4.26912236408274
4.57768158484163
4.13169063881043
5.19990681676349
3.20461921020242
3.40683245887426
3.1129519641698
4.95593529852826
3.94364922695084
3.99328009970526
3.50170483062135
3.68465521204827
4.2224241484334
5.22555229129625
4.3644804074758
3.44508515402005
5.12864303752636
5.66767698823536
3.61167748867184
2.71632584645181
5.38642268551876
5.90007510901177
4.73382557966053
5.46967607952722
5.05526197482638
3.70593713830507
4.14419450072025
5.11276487739763
3.70910928804723
4.10246885059941
5.16061774639993
5.16061774639993
5.13841516510318
5.66046388735953
3.89273728486521
4.52244246937694
4.95536775304432
3.17471271678301
3.37282614580784
3.17471271678301
5.66046388735953
5.19599858298018
4.51598818695695
3.37604978087994
5.8342945529749
5.26752893891544
4.95698025300492
3.47630134460299
4.56707299731013
5.60290727161965
3.44486089304658
4.95352103533519
3.81652928512617
4.27825828614742
5.52262609943325
2.70353816718752
5.49388662061442
6.02524636914338
4.89626494725108
4.96988889553597
5.25327202930945
4.44498573270006
3.18482185292089
3.35144464088276
3.22493227884511
6.29676771334341
3.06801342869574
5.36824124061234
3.83421838166881
2.98670842389607
4.48221344146597
4.00934427943552
2.2057653149468
3.41138126500569
2.05573586765599
4.5120703421515
1.85784529283313
3.18482185292089
3.8112308504107
5.9911967594689
1.6597318638083
3.18748663344028
3.77905010573153
4.93456793753591
1.6597318638083
5.19152111362925
5.04664418632371
4.70563963615716
2.80659025173101
3.64297432207141
4.39075548442902
3.05821027415679
3.98548979978563
2.9730261531367
3.01936194552507
3.13673787118688
3.8112308504107
2.65448822397045
4.08810843885882
1.85784529283313
3.81652928512617
4.59439824946868
4.84070237806311
4.61842797421464
3.47630134460299
4.74379312429323
4.87844029951561
3.70309513915788
2.74754203703475
5.01425035530404
5.96723734764597
4.10407194243673
5.75434375179626
4.55407558211222
3.11665252414847
4.95396881433858
4.8204127617514
2.55513578131307
3.50038884326242
5.32936196707
4.85642842386585
4.55364213664192
5.36242395776484
5.11455251869179
4.72779084058656
3.15116884681124
3.38730703073558
2.78476710436707
2.78476710436707
5.85740039328601
6.01059282496875
5.62842444312176
3.38367457451437
4.73477077626884
4.77942317509434
5.77196579079918
4.67870038544903
5.27732129573157
5.08244930489079
3.97389743310922
4.72874993931915
4.07616045908052
3.81688163528479
5.35694558138115
4.62958391851566
4.13710585547
5.12507070807049
4.67478136936307
5.17949945929783
5.59707956654455
5.39698718506694
2.61030340777744
4.00870266982606
2.47422874217875
5.56946466417435
4.44625719337125
5.31623722310796
4.56737584103307
3.94160264171419
4.73469791893759
4.54299328237471
3.96906481748356
3.78024737567167
4.04506631291451
3.38022319137604
2.48614987090228
3.64473963521785
3.39453300036552
5.68466539357033
3.21490917847052
2.48309043470849
3.81321292092375
3.41584213990572
3.51177218496685
5.00250118155224
5.41053883798549
3.10006216556575
4.21353959862042
2.64259819917248
4.08407692552721
4.74031955910517
4.33999288140851
3.50940782141002
4.44398597286258
3.56873813978689
5.14553320874322
2.37261884535645
3.53849652600137
2.18047295103011
3.77048353920836
3.81688163528479
5.11323682214175
4.14460144747396
3.77048353920836
5.59105733728729
3.82309965944179
4.78036756341562
4.07616045908052
5.31623722310796
5.62592530223344
3.62020211042758
3.12868161978777
2.11429225040683
3.97308308643344
2.17588955317066
1.62602329396496
3.17566365842125
3.49063433766765
2.86631138148649
2.16555862063207
2.26715789774003
2.91422857421134
2.23926430283771
2.09491192944363
3.49776449686383
4.29045819007312
4.22620138079667
3.49744207322843
3.28198071259128
3.74887321569028
4.25012898620287
2.48931787082093
3.78222359839435
2.6703808135976
3.96116059923754
4.01520910107156
3.81709567204673
3.25144932185703
3.46974446945796
2.0267157964269
3.9509522917951
3.06306811987019
3.85153951752075
3.5066079620689
3.21214112790822
2.83858646916861
3.75283886277028
3.79238221659585
3.07659531417726
4.12845208501606
4.02808795177184
2.92470736123249
3.46974446945796
5.12809293933435
3.67077474266685
4.48545732368285
3.60914187379989
4.0923447610483
4.25619002943669
3.77185761754561
2.97581962152032
3.44180244769016
4.36891597092332
4.02367669182095
4.00710368363662
4.22620138079667
3.57374418852078
4.59041354993636
3.27834437606838
3.26118154889502
3.48139107278597
3.93994144500243
3.86181580574327
3.9509522917951
3.01966096878255
2.55966178142757
3.68360432145781
3.4054876601815
1.40353667453084
3.36599201616088
3.45726036073027
4.15066129295695
3.19304125393057
2.04484706528024
3.83611442682206
3.33123217176138
4.0577399392551
3.8089902546118
3.75283886277028
3.7418280159776
2.95074519424256
3.26118154889502
3.02407955520204
4.31512383358231
4.39004664918506
4.04965294654557
3.22219298422686
3.85626991452803
3.08921964927424
3.76631869385755
3.27942219506376
4.43078837947508
6.1335878090094
4.56917826434076
4.05632876201584
5.15269481610145
5.11032569901098
3.54912183974968
2.97178786638026
3.9783753961679
2.11714628518869
4.580848761308
4.82322240126112
4.9719358141453
6.89313566960646
6.31580169623703
6.31580169623703
2.8382683542083
2.91972707885785
4.8772959608414
5.42671829863479
2.7189541433204
4.39767119665553
4.22700274839392
6.1069381376349
5.88079628932858
3.29435163472621
5.98571706323562
4.39767119665553
5.52960416426547
5.73329218751731
3.60927291696411
5.64715553624684
3.59680200786952
3.07830927199832
5.30346231595916
5.85608283387769
3.37484779627561
6.17349302675339
5.57531902018587
5.84683828896161
6.08706353478599
3.87164315526539
5.15514454680624
6.50494991450405
5.27021306175748
6.58158791354649
6.74543318193489
5.95389896854662
6.23751467615308
5.50321142901975
6.9283652629884
5.90067779944449
5.79146608855221
6.28234840973652
5.24686957899597
3.88736738652356
6.05426237497718
5.95943403582363
4.85323092342066
5.64222498062524
6.40763609080897
5.52960416426547
4.11907591224191
4.49745084967367
5.44403379159352
5.0214615776114
4.47009657342388
5.11694310317373
4.52614023500087
5.74236591662767
6.15077958703387
5.56891235821428
6.53123294191604
6.12976601012033
4.01195521593408
5.56750583101458
5.30346231595916
5.73329218751731
5.06768018380497
5.95943403582363
5.30346231595916
6.80418941831402
5.96312454611189
4.14973762482484
5.52960416426547
6.50494991450405
3.2162657113937
3.85604016693224
3.77594434487629
3.91188093942849
3.52958988064088
3.93674015386702
4.25657651580632
4.69377427660623
1.84356137470935
3.35096256015004
3.93875991173873
4.33706683156368
4.52476898839891
3.00458831454068
2.56081816540361
1.33129923393673
3.96292652681559
5.29422576075233
4.75594264366029
4.05871684014339
4.57895849704429
3.52222617497502
2.75920909887688
4.97915967323853
3.22390900202906
4.24692629617915
3.71619515402201
1.83013007262428
4.45146833235966
2.63303184250935
3.04299829530433
5.04749438795876
3.67752229392511
4.4229285307406
2.48716104556608
3.4277664862002
5.19400660253122
3.13896205783381
3.30123314785546
3.52580833960252
4.65190667853649
5.10022582175294
4.5831649681449
2.02236279859911
5.48462446338344
5.11932373378557
5.60441626919073
3.65514953490344
3.7689265878162
3.84820022536109
5.10651442835481
4.5043977654224
4.63434474700103
5.00557606392844
4.42756465810479
5.10279416411165
5.40590274162511
4.71626587763915
5.18012421833846
4.61929788462411
3.03675627738763
4.86139016971117
4.50249295061314
3.62008134604506
3.38538956409867
2.48059275559472
1.95720051281004
4.46106349201451
3.9643310764461
3.99053382165825
3.33003740697896
3.73036408467562
5.26962023846483
4.92546337733509
4.5990475232469
3.80466761814335
4.65557419507424
5.12376040801246
4.8668297012959
4.74181746808659
4.21580541101716
3.9628490389705
3.96420983352109
4.20353435099454
4.04915677771635
5.5697480100135
5.64754883831925
4.50921127086671
5.06613315209868
4.71174854691388
4.71801921251607
4.19307343874552
4.61500708363688
3.98823944833313
3.56103379832622
3.01484484790571
4.20807884845087
5.09195077182206
4.05971577251398
4.61763248401399
3.96136047602289
4.61763248401399
4.47417719693226
4.32083865417859
5.63289339542674
4.94105053953475
6.1919089714319
5.73406665637945
4.05971577251398
4.82646689417288
5.41063569908449
4.32463431844075
4.89108897260878
5.07671712330077
5.32180544154272
3.79413644356431
4.49456414528016
3.55359559794539
3.6667839517973
4.53843400620872
5.12543567750106
4.55982730825045
6.15989095988746
5.30489421102547
3.55364609243794
4.6105884972174
5.82586337921691
2.70497538997502
2.93688119926145
2.30464871227836
5.99379554240707
5.26231620897565
4.20103542555319
7.04816259436405
3.21347640437072
3.81552974560605
2.26930338925546
4.71212165110006
3.43790828341623
3.49677382608645
4.72505850531183
5.57622843309129
5.79158229373523
5.43504569427361
5.88880039391844
6.1919089714319
4.22553313365469
6.78579235606277
5.56247560912951
5.30662350322504
4.16366934127309
5.29622385436733
4.57134606325999
6.02397680824173
3.41822997095879
5.21418297995928
3.76334266357642
4.97746793484773
4.44686841917402
5.1704622238099
5.57078890150657
5.8764805469553
5.5404106785351
4.84729071344905
2.33307361339874
5.68686615684192
4.16366934127309
5.69068696489362
4.92732224847623
5.0981104253425
5.60526639277427
4.75794073727528
4.38903913138418
2.28611708264448
3.96000740774513
4.58322282434195
4.58715256040901
3.277246628514
5.93192344257807
4.04921080947076
3.98488613920989
3.87248304318631
4.38841220994779
2.26930338925546
3.56103379832622
3.54553584853492
3.80415843928137
3.67582780608261
3.67582780608261
3.29881747610693
4.37075881520283
3.58355486074375
4.3210696545647
5.16390952164542
5.39038888227417
5.79193475334908
5.39038888227417
4.37075881520283
3.54784132739893
5.80554393427203
3.38220504885382
4.83250990350513
4.65161696543861
4.46891731653007
4.26402166223539
4.96444936395124
4.00076428655006
4.0525254212181
4.2153031080351
4.75561668450143
4.23669641007684
5.98971492313077
4.30920309726294
4.30162578066847
4.53340910437602
5.45604438621728
3.1748606086461
4.08249333119042
1.45218846885893
5.53417697792436
4.93918531080202
4.60120818716786
6.83938545549089
3.96145609260125
3.52569179314105
3.64888413177409
5.04258195565831
3.73755312856462
3.06342633472286
3.5460257009128
5.15817912486218
4.84768088639653
4.9810829520237
5.47075108568933
5.73229040694918
3.7921856422911
6.54590386224967
4.97915606342329
4.88432772426973
3.3514328437661
5.00638590190233
4.78104263439846
5.73413885577673
3.68538929772848
4.70493907284683
2.22234685850119
4.54412044348414
3.7833902651667
3.88266989126921
5.01175587653411
5.5866425944903
5.2972608208961
4.3033298561842
2.57183131245682
5.20407452760198
4.20917394284315
5.27263765666451
4.5575032554766
4.72829143234288
5.24571598325286
4.51479087963629
4.06590823321056
2.75600230131555
3.50038884326242
4.59653780306338
4.26402166223539
3.034096770875
5.56164211403607
4.2259924754888
