7.83023910650167
5.95503999921269
7.28711665861843
8.61179939090982
6.55761758125604
7.22766152445831
8.55973818386406
7.33917786566419
7.28711665861843
6.55761758125604
5.95503999921269
2.86969731569928
1.48251319261206
0
2.31371086226652
1.15101427935998
3.20119622895136
1.71868303633928
0.595027825927225
1.71868303633928
0.771849108116953
1.15101427935998
3.14403251085262
0
2.49053214445625
2.86969731569928
1.42534947451333
2.49053214445625
0
1.48251319261206
3.29187225729381
0.771849108116953
1.71868303633928
3.20119622895136
1.57318922095452
