0
0
0
0
0
0
0
0
0
0
0
0
0
0
0
0
0
0
0
0
0
0
0
0
0
0
0
0
0
0
0
7.53785510151478
6.72788381741028
6.34673308102471
6.77428367094445
5.26083609574512
4.79769903271919
8.08224647763721
6.23976521780593
7.22978688984723
5.94485618377528
7.55803977818761
6.88913469347516
6.2497269862675
4.89315227052134
5.50609711610474
4.03822080933952
5.89086742513893
7.19725929697529
4.89856355644143
7.3833228570539
5.6166032954349
4.32218749603062
6.3232177102735
7.22622857184645
5.55180497501357
6.50614629071347
7.45041896898971
6.62051606961728
7.28467890859552
4.22845702539627
