22.5015207679307
21.6951220545648
22.5403966478868
21.3145901468589
21.9076779050504
22.1422909815461
22.7609695137532
20.6396698364512
21.7406564176141
22.5591181626986
22.5735966702711
21.7658461608856
21.264636055591
21.6762507461227
22.5720285807428
21.9936779334175
22.0129090330772
22.5619604077007
22.7441822698622
21.7265247479715
21.6983750379726
21.3613789046082
22.1500495205745
22.8808204836486
21.2123406469117
21.7195594794436
22.5865535876051
22.1089515468801
21.7264178555552
22.2917522397785
22.9134122802602
21.4227580654937
22.368834431742
22.9765922483966
21.53455509686
21.5282868147281
21.5263736741762
22.8488984105476
21.8373318453243
22.2922355973477
22.201682591619
21.8255717698799
23.7133135586688
22.6192950681739
22.9445274153472
22.9900940338384
22.022634488367
22.37923172776
22.2063619876588
22.1346401536609
22.5184018032851
22.0360453276589
22.1980588311815
23.083014958796
22.1057816428153
21.6457405127126
22.1057816428153
22.4818924645544
22.100952006901
22.2302876267692
25.3215206459318
26.3241113075739
24.2289282707034
26.4026918317407
25.1776535826317
25.7659535691484
24.5848991680898
24.1731165703352
24.4980298004145
26.0648079527634
25.7826452550785
25.552981360849
25.0339439439858
26.4414420955118
25.5597287610246
24.5055090701801
26.028838177421
20.8632068271488
21.3435351903847
21.6279951136059
21.3860176225231
20.8280892619155
21.1394227445717
21.0412474471012
21.1077502061388
20.4867448408127
21.75064648108
20.969609678713
21.3005894426587
22.3936389529488
20.7786174993324
20.5045498617143
20.3094830344679
20.1891952750753
20.3272354243845
21.123069808769
20.305748977396
20.3409499115432
21.7640778484026
20.8733924266128
22.3432864144403
21.6078919645453
21.086785779763
21.2920286866586
21.9455477307753
20.5775855745395
21.2705004843821
20.9980795214765
20.8164807150746
20.9402269590824
21.294302536449
21.6942904592043
22.4753272615712
22.1890100986295
22.4000655327417
20.4661473850543
20.494915330034
20.5992786284458
21.0111120046193
21.872156902522
21.427327761736
21.3496683508622
22.1853024700059
21.577822072288
22.9348393765263
22.5538241939534
21.9644246996849
20.6328589311768
20.655590321272
21.4666694473225
21.4301880838666
21.9362749896861
21.7947190775878
21.9362749896861
21.5244416135126
21.1360998198641
21.4916839722445
22.2964895319199
22.2448485465521
22.5409654700542
22.3773675619476
21.7701150857203
22.1482182817836
20.9143337122079
21.7933609460636
21.4270647681873
22.3010486928574
21.7253050611258
22.7577426308905
23.2868932581462
20.8841982697259
21.1045509091193
20.4150638048615
20.970316731956
21.2386968409134
22.0682047038372
21.3298486010847
21.3888951459786
21.5341113195582
22.6111068156209
22.8383389328907
22.5527668448668
22.0442320302793
22.6595245722435
22.2429169955967
21.5470148015127
22.2399297113554
22.2356310733326
21.5547862342435
21.5081730734993
21.9258475602496
22.1195507405137
22.7755861634477
23.0957107424336
22.771529103125
20.5765141636133
20.5777292241304
20.4723648935525
20.8841982697259
22.2478432585403
21.7996198513576
21.7788774832341
22.5799501626224
22.4845227160921
23.7850020009325
23.3733285828647
22.7839290885962
21.7363849056102
21.794370270518
21.9582334026544
21.83016877179
22.7839290885962
22.6935076290568
22.8429756334902
22.4311422573167
22.1151218065027
22.5267952245704
21.490293447977
21.3760643255628
21.873615678485
21.396665960537
20.8606183970936
21.0839427700267
21.349427100561
20.2262511602881
21.3899369434073
21.8652191712281
21.9568579906943
21.9064486874052
21.2116419267644
21.1713905883115
21.4958666338844
20.701559137051
21.1049456489854
21.2297305405831
22.0800439202369
21.1114938845665
21.1329042311815
21.2050833496209
22.2432943912843
22.3614313523564
21.5077928125617
21.0876539398889
22.0409651151413
20.2907841534625
21.4829938405682
22.0990321102593
20.8972266621008
21.7322310889848
21.9467552770274
22.3639439146352
20.9102386087776
20.896178841988
21.2278504783958
22.3221178115071
20.7043762654238
20.8065837986688
20.9109470970806
21.3227804732541
22.0460534506445
21.5453154909905
21.4622275595891
22.2998013840854
20.5315407121464
21.9199372746315
21.581703444829
20.9923039505605
20.6721093938532
20.4827056057154
21.4879069675489
21.6007151030379
20.9641542405616
20.819583085419
20.9641542405616
20.5523208643881
21.906663635297
22.1880871766602
22.1714541702213
22.7129400105467
23.1033935679515
22.8228572060262
22.2376019285843
21.89141132288
21.3296055595705
22.1147907726452
21.8465224171209
22.2501739421759
21.469137139809
22.610092798467
23.0291326007351
21.3036559186596
20.9143359016472
20.8345214537951
20.6434533043081
21.6574575034511
22.507770883105
21.6518590545943
21.7109055994882
21.9987491059055
22.2829050932815
22.7874393094952
23.0174046312141
22.4820496138649
22.6086249488481
22.7124142468341
22.0233590105959
22.6586903738931
21.9716096788297
21.2563722724696
21.2548407630239
21.6926237801083
22.5376026022046
23.3186394045716
23.1079284220415
22.7206294797295
20.9204054142871
20.9971868730641
20.8918225424861
21.3036559186596
22.2184828254357
21.7720693652501
21.7294085197953
22.4736605824752
22.3594873543934
23.6599666392339
23.3224538321832
22.7330543379147
21.4795779467066
21.4634027005973
21.8333818732037
21.7800028219553
22.7330543379147
22.7057253086647
22.7921008828087
22.3802675066352
22.5345794554363
22.8706864752442
22.1011607001174
22.0466592311942
22.4371127885989
22.1037360323554
21.5713211492317
21.579879310031
21.9059698532331
21.1275980203763
21.975338206925
22.6281377767774
22.720430017326
22.5397317266937
21.8449249660529
21.8793232259261
22.1112904152927
21.4101887610617
21.8898752898962
21.7862732932551
22.636586672909
21.7665686356393
21.8256151805332
21.7793198440155
22.9525913561797
22.8855176023596
22.2184955646998
21.7420317045656
22.5369016551456
20.9322869045727
22.138068591641
22.6555748629314
21.6607986887325
22.4545570242801
22.5032980296995
22.948636377306
21.5539776163425
21.5399178495528
21.8715894859607
22.8180543515114
21.4960727215536
21.5728541803306
21.4674898497527
21.8793232259261
22.6025962033165
22.1383234852507
22.105966567154
22.8563441367574
21.1752797197112
22.4764800273035
22.138246197501
21.5488467032325
21.1680459338575
21.1518706877482
22.1596674056973
22.1572578557099
21.5488467032325
21.4693061201056
21.6078932481265
21.196059871953
22.5307669580786
22.8682797651293
21.5666507264376
21.6566201977288
21.8283125808149
21.6991026298672
21.0290788428066
21.6626204224797
20.2651377527777
21.1145381023985
20.928549892853
21.7673577560899
21.1901594280457
22.1490969048138
22.6782475320695
20.3583726503634
20.5978504755935
19.7619340840994
20.3124010030285
20.7401819655791
21.5307754958366
20.7134546644636
20.7717924085107
20.8008428727844
21.8728146546413
22.2541996058368
21.8110450425957
21.3710122762615
22.1753565365382
21.682350977696
20.985291261607
21.6782061714497
21.7229514021632
20.9451004786258
20.9816504677408
21.4333270644956
21.5851261301854
22.2426040275269
22.557462474241
22.1365884544166
20.0107016019382
20.0440134146489
19.8224601332756
20.234293509449
21.5884057692133
21.1435766284274
21.2200144268837
22.0814352872881
21.9264459995772
23.2231168929548
22.8466639975316
22.2572645032631
21.1508157549577
21.2285577088428
21.3063812916528
21.2698999281969
22.2854142132619
22.1631664974748
22.2812769662984
21.8974513205492
21.5490463610588
21.8993896593121
21.7437766269607
21.6302444909425
22.0395779328319
21.7988389019021
21.1147985624733
21.2055196373088
21.515389354908
20.6262846408497
21.5685507105271
22.0431162326125
22.1354084731612
22.2550596674149
21.6202156370407
21.3500043554313
21.6703486561624
20.8801729041708
21.351570483843
21.4083443077028
22.2460061745839
21.5143878486835
21.5329377117431
21.4592635150006
22.4960687694212
22.5400451194762
21.7619729779413
21.4495265660905
22.2087736545027
20.5386041687824
21.661607607688
22.2776458773791
21.0631889164477
22.0019548329832
22.1253690441472
22.5257744241404
21.0888523758974
21.0747926091078
21.4164385098626
22.4899263508685
20.9564296208089
20.9851975657886
21.0895608642004
21.5013942403739
22.2078839601497
21.7197975132685
21.6408413267089
22.4616318935906
20.7933198746619
22.1723249182503
21.7603172119487
21.1709177176802
20.8507231609729
20.7347589611004
21.8303130245149
21.7793288701577
21.1427680076814
20.9981968525387
21.1427680076814
20.7309346315079
22.0852774024168
22.4359071919801
21.5615109375076
21.4237297479295
21.9213487025212
21.1072335729628
20.9083514211297
21.1336892754839
21.398456900283
19.9368187727139
21.4355431574488
21.91424897095
22.0058877904162
21.617016299831
21.2828482166629
21.2184025895957
21.6456876419057
20.7485711383353
21.1720313936744
21.276687162103
22.1284303653555
20.8220614969923
20.8434718436073
21.2541131493428
22.3145118808149
22.4125604035669
21.5534665191544
21.0005585681951
22.0907116205985
20.0832095268612
21.6126857254205
22.146697532626
20.9981060085375
21.8820520970061
21.9957850767494
22.4572954890558
20.9558448228191
20.9417850560295
21.3473576368736
22.3718643169644
20.7534060651458
20.8543168227049
20.9559120028267
21.3677453790001
22.1394050250651
21.6951364990118
21.5112573593111
22.393152958506
20.5826697633569
21.7158514632052
21.6314499502862
21.0420504560177
20.7218558993104
20.553923095246
21.1943428351329
21.6497449027598
21.0152832917721
20.973535838282
21.0152832917721
20.6034499155987
21.9536756365812
21.980512550059
21.270536266958
21.33489446276
21.7255912433563
21.0204574961186
20.7073531078378
20.3516781633336
20.4698964488786
19.3220464057409
20.6823905561441
21.9631908028423
21.3997669996601
21.4704517710652
21.1362836878971
20.5857342668499
20.86256742047
20.0483422454798
20.4706933915335
20.4946760499527
21.3464192532053
20.034809530715
20.0931472747621
20.9183414029869
21.4454776952428
22.3233388465214
21.3539229021752
20.8849239805053
21.9747228993074
19.9950276627743
20.8254337591432
21.3646864204757
20.3844574457653
21.1861281304632
21.2179057094408
21.7075658317461
20.2258290314144
20.8833866432123
21.2804023171216
22.1085462876899
20.1420444202626
20.2440642871072
20.024558101272
20.4363914774455
21.8712724538427
21.3973338050931
21.4410195932189
22.2723496952669
20.5164849771887
21.5580044524906
21.4873115189962
20.8979120247277
19.9398447871602
19.8172366261157
21.0682987177668
21.5289416395207
20.9260617347266
20.8847005531126
20.9499322181873
20.5380988420138
21.171664524431
21.1932605837817
21.7792263599132
22.3122034649771
22.7027124021461
22.0469974658031
21.8355149755362
22.2298691931596
21.6640028528908
22.1147907726452
22.1815610187366
21.8494927763706
21.8055815286674
21.9327107750931
22.7137493151727
21.6373562255839
21.2682836627452
21.1682217607194
20.9771536112323
21.9938465125452
22.8455897157978
21.5921155233043
21.7705365206759
21.60448601451
22.6179436948972
22.3867027639255
22.6139793834745
21.8285836089999
22.207234982196
22.0606352683183
22.3841695753312
22.9950793829872
22.311517696532
21.6407799128016
21.5898793646396
22.02835936812
22.8740469910631
22.9179582387662
22.7268900892792
22.3192395130774
21.2541057212113
21.3308871799883
21.2255228494104
21.6373562255839
21.8185226823822
21.4307991982031
21.3273215667472
22.0722706158231
21.9622022157624
23.008187660718
22.923786147799
22.3343866535305
21.8180358169861
21.8018605708768
20.9775352871446
21.3786128553031
22.3343866535305
22.3259667837627
22.3948157441777
21.9829823680042
22.869618057052
22.9560330513921
20.7993371770339
21.4817124512665
21.8738639281754
21.5023140862408
20.8556257926569
22.109942468009
21.8129233176746
22.1048420724488
21.4428549087454
22.1125550964116
22.0686438487085
21.3591688846852
22.3421075699877
21.9383635617063
21.4265605646743
21.4002627394895
21.1187600937616
21.2537899950755
22.1041033747294
21.1303124849319
21.1886502289791
21.662971983053
21.638054512018
22.7032847743252
21.6340902005953
21.164443554747
21.5284380984764
22.0830161908104
21.5018124409336
22.2550228655175
22.0959313184946
21.7501212746675
21.8895484060706
22.327331423155
22.6735119897379
22.7174232374411
22.4020499126491
22.4864233543083
21.4878153709929
21.5966935819636
21.3744433141942
21.7862766903677
21.9667221244141
21.438327523485
21.591789674031
22.3712426708581
21.7222976596472
22.9898563636193
22.714394699135
22.1249952048665
21.6981090918355
21.557045189762
21.5541074001945
21.6775849103381
22.1538537157121
22.0070569494868
22.1800057686565
21.768172392483
22.0619455897084
22.3381282769446
20.5737803815342
21.2533657718296
21.6469470723371
20.9375783977097
20.6287089368186
21.881595788572
21.584632018002
21.5401063839177
21.21315782183
21.8835549958922
21.8396437481891
20.7944331961541
22.1380105589294
21.7073281800995
21.2795987410912
21.1692273578826
20.8877247121547
21.0254433156386
21.8771865188911
20.5655767964008
20.623914540448
21.4339718825336
21.4104166334278
22.4749380948882
21.4043931136798
20.8020448820964
21.299437997957
21.6001382632523
21.356201024829
22.0266761860805
21.8676400188219
21.6287707265736
21.6598513191552
22.0983313226356
22.4438890095912
22.4878002572943
22.255088089066
22.2601455360568
21.256779989386
21.3656582003567
21.1454432136748
21.5572765898483
21.7411653289145
21.2955059913177
21.3620925871156
22.1422425703387
21.494659781057
22.5069784360611
22.4867568205448
21.8973573262763
21.4697624123985
21.328698510325
20.9893717116634
21.4485848098187
21.9255070362752
21.8614455333822
21.9516590892195
21.5398257130461
21.8336542900358
21.8552503493864
21.4770617375352
22.1533487951919
22.457282361068
22.3021926770765
21.5272621365823
20.9757896597827
21.7937271428391
21.245301977532
22.0402631491023
22.1245835974853
22.0806723497821
22.1429656502315
21.5074681987749
21.9318188996436
21.4378920793519
21.3937180774268
21.2056580066991
21.849859940741
22.687521807622
21.9301910757676
21.9885288198148
21.7319937192502
22.1838477717535
22.4785469723986
22.1798834603308
21.9233008076673
22.1152471652284
21.067784875157
22.0978823865991
22.7259467133892
21.0083895084158
21.9060647293789
21.9008799207482
22.3267084114558
21.5891485326531
21.6330597803562
21.3271596153431
22.246348271343
21.5575226665474
21.5901489199009
21.3678986521315
21.779732028305
21.9675289363136
21.4517858481573
21.6031211887086
22.3706196591589
20.7229737606012
21.9879085803097
21.6425196448734
21.0531201506049
20.6262340375739
20.557721290716
21.7840714625649
21.6896134114118
21.0819786614505
20.9321666521808
21.1051154713505
20.6932820951771
22.5335782384268
22.8789671738631
21.4051394121148
22.0219357154581
22.2488608988122
22.205256246657
21.545863959935
21.6141378503948
21.5134480418536
22.0656135001387
21.0046412607546
22.4466679372318
21.6656311348649
21.9917708163459
23.0340188108327
21.5001499137155
21.1223142558709
21.031015448851
20.9929395435977
20.8155763470847
21.6532382139657
21.0321064125165
21.0904441565637
22.2714950585786
21.5919007981929
22.9415904683304
22.3285157190814
21.8219726202678
21.7667437924817
22.5293258161977
21.1814778542296
21.8168092175267
21.6779606496805
21.6044641515552
21.4513347580798
21.8764662623913
22.2704992758943
23.0515360782613
22.8405547256364
22.8747806385647
21.2677281564173
21.19368086812
21.088316537542
21.5001499137155
22.4023253077187
21.968563360306
21.9259025148512
22.6575030647583
22.2109427964265
23.4643156990054
23.0421651166536
22.4527656223851
21.2023044742213
21.3339908463454
22.2520043825482
21.9764968170111
22.4527656223851
22.4399361953472
22.5111033664323
22.0992699902588
21.6926982990699
22.1141518950258
22.4797641848235
22.4281231994556
22.8199150515518
22.4845030142208
21.9533897386239
21.2904469224568
21.6165374656589
20.8381656328021
21.6859058193507
23.0012100138001
22.4309976297518
22.9191364866299
22.2243297259891
21.5898908383519
21.8218580277185
21.1207563734874
21.600442902322
21.4968409056809
22.3471542853348
21.4771362480651
21.536182792959
22.1558571857243
22.6631589686055
23.2649223622958
22.6012978276527
22.1227619992663
22.917668637011
21.3130538864381
21.8486362040668
22.3661424753571
21.3713663011583
22.1651246367059
22.2138656421253
22.6550722448901
21.2645452287682
21.921986438945
22.2523197806614
23.1981125325301
21.2066403339794
21.2834217927564
21.1780574621785
21.5898908383519
22.9702399198118
22.5113957222735
22.4790388041767
23.2239878532527
21.5539508060867
22.8544300909271
22.5176260847232
21.9282265904548
20.8786135462833
20.862438300174
22.5382708904033
22.5303300927327
21.9282265904548
21.8494196808885
21.986564334502
21.5747309583285
22.2413345705044
22.578847377555
21.6307772396414
22.1043203999053
22.603210047519
22.1249220348796
21.5902127661276
20.564475543553
21.4841766703601
20.3795738932235
21.5378127680623
22.0022596578727
21.4346008802833
22.0462790579871
21.3514722973463
21.3061401581106
20.9695410632845
20.8370056932461
20.5786200783856
21.3762680705466
22.2265814502004
21.25803141453
21.2862269641169
21.922248450195
21.7231183639639
22.5005529220916
22.2428340898761
21.8159100142314
22.1814489068057
21.0258254307769
21.6295313705317
22.2523548431947
20.3749695516898
21.2059055183849
21.4272880505538
21.8376183440353
21.063561341713
21.6312201193025
21.3790055208032
22.4618928023247
20.8376960116242
20.9413333684679
21.0463936532757
21.4582270294492
22.1796788981827
21.6789409385287
21.6012815276549
22.4334268316236
20.6706622818816
22.0246643430755
21.7215338154109
21.1321343211424
20.1526421673795
19.9618085556431
21.6215324150871
21.7397690711036
21.1032758102968
20.9587046551541
21.1032758102968
20.6914424341233
22.0599863682324
22.3414099095957
21.7887690758829
21.7980937108098
22.2074564276967
21.9269200657715
21.3220219552866
22.4654295723764
21.2287649884724
22.014530828475
21.7456818460228
21.949503088418
22.0417953289667
22.3100753657916
22.8887536485012
21.2028153475615
21.5044974630445
20.733680882697
21.1422466981724
21.5566169323529
22.4069303120068
21.5510184834961
21.6100650283901
21.0200767023184
22.7830367818373
22.486713075973
22.1039881550758
21.4285077984139
22.3072452942434
21.8164771065794
21.9476701562846
22.5578498027949
22.5477314968312
21.7978369138191
21.8260931649388
22.2645731684192
22.4367620311065
22.4227022643169
22.8269004013266
22.4192498251249
20.7999220101459
20.896346301966
20.790981971388
21.2028153475615
21.9185329944297
21.5308095102506
21.4273318787947
22.1722809278706
21.9910918144507
23.362030289649
23.0237964598464
22.434396965578
22.0535961962029
21.9663002367344
21.509937589187
21.4786231673506
22.434396965578
22.4259770958102
22.4948260562252
22.0829926800517
22.4337388843382
22.7698459041461
