17.3116062895624
16.5402268510951
15.9259654445933
17.2040309458427
17.8428840010729
16.5752275431915
16.0610139128702
17.0699282536635
17.5370256742388
17.1030149150643
16.8427926884666
17.2583281254562
16.0842731169411
13.1406936044199
16.6262027028379
17.2714250167818
17.4836683314381
16.6757206200937
16.2628198416503
18.1220913345576
17.2887750831802
16.7039265230516
16.7110277432841
16.4822114318439
16.081649836627
17.1190431029588
16.4048422002749
16.5323178298887
15.7215478322463
15.6160255434336
16.6266665159172
16.342917373262
17.1921690552538
16.0910937602974
16.7401684721208
16.8099970387583
16.387748897476
16.3347393315145
16.5736969689231
16.1316748222007
17.1368297588912
16.1976989721842
12.3447104285348
16.8554374923807
16.5910210912316
16.8665052979156
15.895330298499
16.0199833319746
17.2801535002782
16.1501557819987
16.6007353245604
17.0546472795532
17.1760943810537
17.1555340785826
16.2007674002989
17.470219816834
16.3331522859045
17.1427234286844
16.5538300525544
16.8074056217339
15.7855867144037
16.9413212775507
16.9384302883857
17.1990257658057
16.4020070969319
16.6150882276163
17.5567389871505
15.8543059071449
16.6621012263765
16.9369140047305
17.0008920021558
17.638060138215
16.5983244196043
16.4798138602832
16.7520620247569
16.9945434733186
16.467268055302
16.1425803625691
17.2016446197688
16.6674651082982
16.6349989615461
17.4379621516739
17.4595806355514
16.2398738050605
16.7560243810053
17.5379184060678
15.989094423006
17.9227803600814
18.2688094741689
17.6545126362671
17.381997886549
18.2309788047864
15.1832384255602
13.1078878989918
14.014035306948
13.6802076283586
12.3980797838815
11.577132694692
14.0630503030273
14.7729231013619
13.9877325105349
13.5060279124638
13.0604254156108
13.7685548795511
11.8103421831191
14.0971145784419
17.4660007979189
13.7789835817592
13.8906517504637
11.5984238755824
13.0586697726765
13.657294419044
10.4022742586405
11.2219208422096
11.7853661445901
14.2267165137542
13.8132968720064
12.2740239063028
12.3954271698954
11.9780665474814
14.19390537101
13.4603262645384
15.202378976582
14.0856102878721
14.956563276184
13.2160588106451
13.6008225717376
14.8176152154896
13.4923441171288
14.0584703189748
14.1860378720396
12.4929281055503
14.5006155578884
12.6939117246133
14.6571153343377
18.602756817877
11.5201244201711
12.8671232413421
14.3596415455292
15.0194815110173
14.6697176568522
13.0047960218047
14.7713328507131
12.1976197179089
13.2673229888919
12.200468632487
12.5211436628094
13.0598236442334
10.9704236329921
13.4790734434666
11.9653301377362
12.1161889361189
11.9940920652063
15.0714758289201
13.0586697726765
12.3980797838815
14.7151824509066
13.5610274822448
13.614216642306
11.7374805166234
14.7711760952362
13.9641895466669
12.7836706298967
14.0464049500093
11.9292696752707
12.9217613457261
12.9795345388755
12.9368398185366
12.05071442833
13.4783705792195
13.6710709821108
10.4240365680781
14.0971145784419
12.6045962742548
12.3020785750938
11.8708443642681
13.0220792667433
12.7417250926945
10.8485511078149
13.8522529564524
10.4867573716137
9.99638078341361
11.7826513872583
12.2278571048234
10.7295439717806
