4.21457613607279
2.9472313937008
4.35256889429938
2.8695501641723
2.37321392117502
3.79470384076711
2.86635407184699
3.0616373979713
4.30872152267391
4.27688570651241
2.51083449047797
2.40858713088536
4.00101566881272
3.44744707180431
5.99756711159949
5.09812282226967
5.73462892867683
3.16261522077078
5.38295467330319
5.62267969631049
2.70170786749169
3.79912132717794
2.71517737873192
6.2903211756953
3.18970035491483
4.35481357419641
4.57157714105711
3.26947586708709
5.68405691292715
5.20498346858597
4.08596230082689
2.30442997854062
1.20073818834099
4.24135488237039
3.68717209481161
3.16263011973814
0.563484819775546
2.68967400396946
2.49899242127443
3.00629321534014
5.61474346954223
3.67923586804334
4.63721546899057
5.01546757596731
4.61486778349611
5.72119569170484
4.41014851724723
3.3996056540841
5.44622381497523
4.55742504008899
5.23183418611917
5.52521512749004
3.44744707180431
6.34565611874612
2.40495148880254
6.50708474255599
5.01303156666961
3.07752396517071
5.83952334087624
4.40191596111029
3.4754510207898
3.22557835677665
6.14497066524972
1.28054883395968
6.59157306246111
5.38295467330319
6.14497066524972
4.65606546096223
4.20946306375083
4.0620595101006
4.72538903307342
6.17297461423521
3.97165191940324
1.07078561384125
3.58970752599116
5.15396568269517
1.59106629340867
5.43297128435673
3.1613402074356
3.89908742827164
2.35722266762041
4.08568684733613
5.48760267837228
3.37377172097555
5.89766489496936
4.98008566316867
4.71900473412188
5.15747930611835
2.41613590003967
3.60423516010428
5.47468259026768
5.06586237820267
4.71407676367271
7.05201922832945
5.14017916098082
5.69017983901267
4.66261125486487
5.2087694947819
6.03846175792926
4.19877149787593
4.90682802088704
5.08827658277862
6.518861551359
5.78678122268853
5.56233422122283
4.88447305735295
6.86942120727535
7.18563903332728
5.13560020974925
3.23094147282755
3.79313621545047
5.03998760393353
5.62891955321753
3.79198640310405
3.21856391015469
6.19931099721626
6.34401773520928
4.04084618409543
4.30546415277126
2.66499568103106
1.45245131136603
5.52088029381331
6.821756309571
3.83448377387478
3.6865937590058
4.5996402818096
5.59351011488361
6.789830186368
5.86921600488099
4.45832340696436
4.35550797184396
4.79632261871438
3.93455388528697
5.45256430677978
5.47973812979089
5.46153735040052
5.89315605699805
4.20084889144713
5.57669939451151
5.75707490993793
5.92162991575523
5.09838392040652
4.75093085732489
4.16759560421515
4.93625559512426
5.69238513279163
3.91663697837441
3.87549481435198
6.98486810912085
5.16229744446872
7.00027189558977
4.01350615177951
3.75636574062639
6.78174001007445
2.82830181443041
5.31040438835135
5.86940975704923
3.88437313272588
3.21415759801256
3.56040509205987
5.59056883032728
3.94573791772105
5.00150630906379
4.47785782847867
3.43822090251743
3.24289841995792
3.88353623461387
4.04387048812791
5.23196974819253
4.00158134662829
3.56172166544138
3.2077574633887
5.57591291416549
3.75062272078756
7.3179144271009
6.29034584295312
6.83650408287014
4.49659699727803
5.82650608596418
6.53456260897529
3.66846951628792
5.04275523719505
4.37126141587004
7.19006880931107
3.34260829670172
5.39631996363597
5.7271417994112
3.62712195786362
4.85867606091578
5.42087080353871
3.53150935204791
4.08705479256629
2.25012164245281
4.84629849824292
4.74081376330019
4.92421066871858
2.49898142344421
2.76359939212001
4.2927302691193
3.08018589945427
7.14861488190156
5.35486603622647
5.46221836196301
5.31432834709403
6.22737486989784
7.22124470297186
5.31372387220402
4.34627542458182
6.08605799505259
5.98324255993219
6.42405720680262
5.56228847337522
4.03275724028908
7.10747271787913
3.91967258974929
7.52089064508628
5.82858347953537
4.03483463386027
7.38480949802616
4.46313268183917
3.63149364706197
3.28404058398035
5.79533019230338
3.39439083447302
7.32011972087987
5.54437156646266
5.50322940244022
5.52637087520477
3.70948055676513
5.52416558142581
5.64124073986775
5.38410032871464
5.30563369591049
1.28643705377918
3.76853962770012
4.41091252313315
2.34250837207465
4.8418921861008
5.18813968014811
