11.2807281155653
11.1723275210705
8.16050935877811
9.92756886318131
11.4327006268663
11.9128201743258
8.51127691001083
11.4882121467958
9.04642409051203
8.55682046434189
9.63110345598726
9.93855165757876
9.96372730260115
9.80299772823398
11.1024125451168
10.1995520724997
10.619637238728
11.6279538837713
10.9269546717646
10.5183901396994
9.43881017164108
9.63286199178805
9.44519732610673
8.51921107673584
11.8930653318963
9.13996812506047
8.18414486586983
8.17137353589828
9.56749197415682
10.2293617433935
10.1375033913985
9.6818281064681
9.60829127245857
8.34875946516721
9.13070029150776
8.39172620811154
10.505457505173
10.713266439129
9.35749095314051
9.86909710606051
9.6091424129096
10.4356298205902
9.12281025842439
9.91543190301827
11.5305828420206
10.2815452902424
8.94727608493257
8.72527804045693
10.6540861301889
10.1293403304816
10.9867099768028
9.73297443483932
10.7970505136019
9.45535284389264
11.2296802127465
11.2857711523651
8.97750986409457
9.42516511656985
8.8692812672343
8.9597926916516
9.36083464894371
10.2221384050444
10.1007385621591
9.75604041402718
9.3161670916185
9.58323683791825
10.1841787161117
10.5631342292502
8.36831829273413
8.90728888313099
8.22565880790106
10.384229256274
10.5116707417637
8.51964815015419
10.4646820473741
8.90583609618261
9.09142669863975
9.34508978518228
10.5509229029383
10.1777286270064
9.61613562712028
9.8308270468835
9.64765198375396
10.5604501747566
9.67502404723251
10.130252313687
10.7321960329602
10.0641012046546
9.28408876639661
9.22048010003827
10.5031380064655
13.4336834151132
13.1273939250045
12.4529529204886
12.1322353180641
9.49265540347432
10.5333347084197
12.6422928571314
12.2945373258792
9.913124627138
11.5549841401462
9.00831966318413
8.33734185683832
10.8297169147422
11.3801222503468
10.6204530881519
10.7166345442283
12.765006594873
11.8785137957326
8.7150503672853
11.1758239203431
11.438647153689
9.82034109210478
10.6158710444425
9.06646173939071
8.15145956109106
8.11117298253117
10.8901381706164
8.56362852527049
9.43533563701701
8.12154242507147
9.69928475981425
9.83239469015439
8.40592949881571
10.7956517923229
10.5508531444425
9.43866930206069
9.5893873727851
8.62285105003987
8.37666445309619
8.88979455275536
8.79041180368639
11.907030426059
9.65444235421066
8.39647964573093
9.03940396858908
9.59112310004569
11.7828534213523
10.9248902563912
8.54814649565028
8.46662969167142
10.4985949477929
8.7027691358396
10.3733777960649
9.0083579890935
12.8329285833388
10.674644703038
10.6163480320086
12.1795300768563
10.3659806986631
9.0035499369734
9.61162807968772
8.62172631543478
9.33370009113471
9.44828536092935
9.58266863271864
10.4299737928072
9.28585261901351
9.71552371267334
9.85050073997302
12.2673893454285
10.0057855031335
10.1565035738579
8.69975388577309
12.0458601732893
10.4983880906927
9.19252506981539
11.7815503456606
9.05994908130267
10.1556827023149
9.31746113827561
12.524772355384
9.13022439798236
9.13376850950935
9.70046141439516
10.3786941077556
9.62935164592758
10.5573215164882
10.94839571287
12.6941606463149
9.63880149901235
10.023283803883
10.3659806986631
11.0637436419861
12.7592424105973
12.4385248081728
9.79894489358298
10.5333347084197
12.6422928571314
12.2945373258792
9.913124627138
11.8612736302549
8.70203017307546
8.64363134694699
10.5234274246335
11.0738327602381
10.3141635980433
10.7166345442283
12.765006594873
11.5722243056239
8.7150503672853
11.1758239203431
11.438647153689
9.82034109210478
10.3095815543338
9.06646173939071
7.8451700709824
8.11117298253117
10.8901381706164
8.86991801537917
9.12904614690833
7.8152529349628
9.69928475981425
9.83239469015439
8.71221898892437
10.7956517923229
10.5508531444425
9.43866930206069
9.5893873727851
8.62285105003987
8.68295394320486
8.88979455275536
9.09670129379505
11.6007409359503
9.34815286410199
8.7027691358396
8.7331144784804
9.89741259015437
11.7828534213523
10.6186007662825
8.54814649565028
8.16034020156274
10.1923054576843
8.39647964573093
10.0670883059562
9.31464747920218
12.5266390932301
10.674644703038
10.3100585419
12.1795300768563
10.3659806986631
9.30983942708208
9.91791756979639
8.92801580554345
9.33370009113471
9.44828536092935
9.58266863271864
10.4299737928072
9.28585261901351
9.71552371267334
10.1567902300817
11.9610998553198
10.0057855031335
10.1565035738579
8.69975388577309
12.0458601732893
10.4983880906927
8.88623557970671
11.7815503456606
9.05994908130267
9.84939321220619
9.31746113827561
12.2184828652754
9.43651388809103
9.13376850950935
9.39417192428649
10.3786941077556
9.93564113603625
10.2510320263796
10.94839571287
12.6941606463149
9.94509098912102
10.3295732939917
10.3659806986631
10.7574541518774
