8.46138243723178
9.54677576375739
8.46138243723178
9.12534368822364
9.23577480313462
9.17452859386276
9.10660027675459
15.7308930120804
9.40064698918052
16.5132542311484
16.3386123527757
15.7194466077296
16.337014803816
8.68516820122084
16.176635345473
17.4390098836038
17.7405607506692
15.8277509522429
18.291167352583
15.7792254485039
15.6846333769565
15.8378300819011
16.9353625089597
16.6600592080028
16.3904388342894
15.3047171446049
15.5800204455618
15.0880184770453
9.22904282259525
9.59440050934762
9.70806892307632
9.70806892307632
9.60113185325559
4.64637992163105
5.33196561729328
5.10356865937446
5.27312465150738
4.92636702867495
5.33186322232712
4.89179013029047
9.11679537356754
5.27312465150738
9.2499574352284
9.75829648035835
8.91422579262521
13.3783427668009
4.83294916450458
8.91422579262521
14.4176110791682
14.9102730366318
8.96052504765418
15.0036909008022
8.52520061300894
9.13092446018486
9.29250588248239
13.7536172160029
13.478313915046
9.13623555656902
7.90679298594033
8.45739958785412
8.21690951767037
5.58136964400514
6.02416915712506
5.67478750817551
5.60155731776613
5.61857056850674
6.0240667621589
5.58399367012225
9.72486259266446
5.5231870532169
9.73420213981345
9.66535009488656
8.84786389529648
13.6739589036299
5.16138183076333
9.39847049721026
14.5237718968559
14.9255617484757
9.29202675555893
15.3827504862191
8.88944296528057
9.33986586381302
9.12718361204166
14.3486878839199
14.073384582963
9.24621658708519
9.06546680695104
9.34077010790793
9.28216547451069
5.15303443665353
5.59583394977345
5.61022317439694
5.53699298398756
5.19023536115512
5.59573155480729
5.15565846277065
9.45989969967926
5.26844084542036
9.12175551121418
9.47400198670209
8.786023868611
13.5564730124256
5.09681749698476
8.786023868611
14.4943670623822
15.1526013264506
9.30362937376589
15.2460191906209
8.2409061193527
9.00272253617065
8.67409825541378
14.0967215421146
13.8214182411577
8.51782792950041
8.52520061300895
9.07580721492273
8.83531714473899
5.15303443665353
5.38531640855129
5.61022317439694
5.26844084542036
4.92168322258793
5.38521401358513
4.94514092154849
9.23883394394488
5.53699298398756
8.84561339229457
9.13988885328973
8.50988174969139
13.3176339798192
4.82826535841755
8.50988174969139
14.3141846036257
15.094390141794
9.08256361803151
15.1878080059643
7.90679298594033
8.72658041725105
9.00821138882614
13.8910780755292
13.6157747745723
8.85194106291277
8.52520061300895
9.07580721492273
8.83531714473899
5.05655992137022
5.16457180009638
5.51374865911363
5.34645723688291
4.99969961405048
4.92168322258794
4.72439631309359
8.67409825541378
5.44051846870425
9.08256361803151
9.70462454182083
8.74683197542833
13.2843422532458
4.90628174988011
8.74683197542833
14.3611721927181
14.5409692221198
8.51782792950041
14.6343870862901
8.47152867447143
8.96353064298799
9.45989969967926
13.3263423869981
13.0510390860412
9.30362937376589
8.3494901040941
8.90009670600789
8.65960663582414
