6.25220280070339
7.49011347574135
6.37669144671463
6.79160019112278
6.79160019112277
6.45531046980578
6.32937484028157
5.45224074503223
6.29951940713646
5.83729405629526
5.91446609587343
7.04505420589172
7.87516678700439
7.50727955673293
7.25382554196398
7.43010751715476
7.95233882658256
6.7144281515446
6.45531046980578
6.91753582064699
7.1766535023858
6.96788216631356
5.37506870545405
6.7144281515446
7.41294143616319
5.99308511896457
5.91446609587343
5.83729405629525
7.11540735938578
3.41917100718029
2.86888282454382
4.57544685785438
3.30289094815792
2.39210684317565
4.94319325339539
2.84066559731671
4.44081787420348
5.15395226771796
5.48154863490826
4.11322150701317
3.33110817538502
3.9096135852486
3.79333352622623
2.85433219401687
4.37183893608982
3.33110817538502
3.88139635802149
4.21639240211405
4.67861775295525
3.43283760388044
3.90961358524861
5.01932328406706
2.97061225303924
3.4473882344074
4.48096790255418
4.90304322504469
4.69172691687675
