10.6011330071658
9.51255968895042
9.99784102807
9.12938809097882
10.164485337158
8.76548912115482
10.3736144283002
9.21103493107458
9.90588612281132
9.31200509844408
10.3927918462809
8.60137347167274
7.64436243303943
9.21569214051763
8.36972654999023
8.26736595871078
10.81075458785
10.5819889121758
10.0433975224248
9.87919832599226
9.26981296607211
8.77522716305864
9.82075962032133
9.23085291753769
9.58512965999395
9.87859659358564
8.53467870746021
10.7015204448146
9.72378861019265
7.97971319295117
10.5486014719595
7.49303526579829
10.3447195265757
8.87584451074392
9.52737532001312
8.18474396205302
9.04531989742956
8.7816754506957
9.06494993675516
9.24145079405197
9.4607770622373
9.29338460631067
8.80092635273427
8.84733257739519
9.25790650837717
8.97817039091484
8.01963917732303
9.88944643133517
8.94139444533055
9.43764990121446
8.80589801040063
9.88366823871841
9.73252835901086
7.92610936254373
9.06015833902047
9.89835023449801
9.31542839169965
9.41506652553915
8.80288088867986
9.20646552572275
9.63355014755147
10.1436406142428
9.05121693251401
10.2524108968872
10.7210394578634
7.9396787376645
9.09747132601392
8.09984950236588
8.79197026785813
8.95337776918012
10.0038700421339
9.66016382537628
8.46881250508936
9.33863744975395
8.7669098397917
8.39715447911745
8.24026052086062
8.83156820422117
9.28510721231178
8.4611089463439
8.59585233301846
8.87456127510106
9.6279651304131
9.16665728989069
8.50352667120448
9.17349729443538
8.44064230489414
8.54715991082962
9.17207708544265
8.25167568553727
9.49813631042318
8.88616166526287
9.27646326018986
9.70903736081513
8.06752580901086
7.9855797625898
8.46324841228537
8.46667577051702
6.99845640862022
3.35092043350284
7.41279913206367
7.96602086145841
6.28090096565847
7.34063743608825
7.66265079704995
1.74498870972616
3.97457294867792
6.65631685056687
7.87638276006696
6.34419326863493
8.44516147259627
6.24543689705794
7.97007518982183
6.17589467304245
6.72871095660979
7.31173742807237
7.08416321676087
7.62010814018531
1.87062003427898
7.49803218369266
7.03198217098412
6.53011383144788
7.19619035452843
7.38702892916886
7.93376295159871
4.49487004675954
6.86790580768036
4.05185768833758
8.19744407423159
3.51974507210582
6.8036063822347
3.17169062631415
6.56447359922701
7.25221275205181
3.4338214070862
2.43699984436408
6.51229767182183
3.53386381309404
2.81113496619745
3.9341789903811
7.06090899869528
8.36208434845754
6.81075914093184
1.51842301714236
2.29676328240464
8.08765314037806
7.58397698191197
4.14664651862513
7.29096730542332
6.12269465580996
6.82829351433671
6.73104921326579
6.54741629155589
7.15972590151462
7.18445356499651
6.96530806831612
6.65637957593161
8.76171974937295
8.1014129364425
4.31628490043069
2.1061678616997
3.08016087941324
7.43710047214137
2.64896029954125
7.27672754805128
6.93302133129367
8.20940148524053
3.0504198993584
7.33561013990524
4.3755644291237
5.0025782890866
2.47768525321074
7.009970071127
2.05241904668769
6.75215126320896
6.47344232112636
3.32980957262036
3.44291037941408
3.6026382727359
6.9810096803688
7.46993047264533
4.79058791444203
1.82768182802416
3.14828760000058
9.23381761137898
6.80630128672498
8.17694716284635
9.24553171541656
8.26280789718254
4.53864311984166
7.16316668389326
9.29962860455813
8.48073484152842
6.90098004036875
8.88650978013102
2.00056977510719
2.34486681452333
8.25430287749211
6.24202270211942
7.86899924676695
9.73379858209792
7.84883694271579
8.82055826453652
8.2860450679549
7.37003022404438
7.60480261862187
8.58815703037952
7.07719742052225
2.66005431815941
8.77488923854738
7.46306873162077
7.78520895922543
8.05447612997234
8.35030656480796
9.4560983045446
6.08141690759743
8.62975128471253
4.93771983888067
8.49050926478108
4.48302270774491
8.85759945565647
4.32400780111853
8.7233444207497
8.88570556762268
4.05112458378601
2.69258090974512
8.30388262441041
4.75081985692459
4.3763959279083
4.89745662602019
8.39602815225871
10.119722516902
8.92564924401073
3.74931263538127
4.48388730072442
9.21481400315788
9.6930253992589
4.77695132079876
8.23764597518353
6.48783389593253
7.67877658905141
8.7229520220663
7.76351229624494
8.42548555916981
7.46317505684167
7.95381251311796
8.44796452852019
8.59407997659417
9.10440063294466
6.10786985301927
3.97643021780691
5.20283972528927
8.74994494408339
3.39462898350256
8.60122132246908
8.25751510571146
8.23458004602129
4.49369993406667
7.41951152317464
6.51952917412679
6.2408202320442
4.60036409908676
7.98185991966497
3.66913847173051
8.30026398407024
8.57897292615284
4.86362727866349
5.00817134112492
5.7897622910557
8.5220148344049
7.79149817664138
6.50892831354192
1.72016427644115
3.04077004841758
8.38000901865675
8.08682907010178
7.91512833957927
7.8734361781174
7.91874359292977
3.75599380776785
8.45083446454103
7.94373224316307
8.22465910018132
7.55011545118754
9.16871257347836
0.974630488880393
3.8289628775823
7.92290689283546
7.76448671508279
6.81566201463925
9.23921372539924
7.51979191450683
7.1524782681952
7.472929776265
7.72284492200617
5.93672262228055
8.3811120269044
6.86134736721504
2.15606951627938
8.29532365789251
6.54855478588687
7.45616393101648
6.60592999008048
7.01040925122816
7.72285551196084
5.05133633607984
7.81663599302263
3.55120826055711
6.82242926843977
3.03574729755117
7.71497665147923
3.47286598115803
7.55860756462339
7.57626602593042
3.82881802957167
1.66664162351832
7.74724500712423
3.09898647454213
3.55443650656323
3.55755931244039
7.11767745508001
8.67456755810343
8.63476706736562
2.53554550964743
3.31388577490971
8.67259242689612
8.60846971518332
4.82417596976235
7.20439488475171
7.71814787245252
7.21983433777622
7.11375553556269
7.22209201496837
7.28288972963863
8.77990678163908
7.03929856738407
7.06145295019663
7.76298949965819
7.2808367868642
4.7213582746957
3.70162107834226
4.3808803039442
7.64526184358135
2.93440978154166
8.07401902225114
7.73031280549351
8.64611756647173
3.9370623167805
7.77232622113641
6.31932256364656
6.04061362156396
2.94853071670432
8.27656011339556
3.31900908895627
6.66325249672467
6.94196143880727
3.6375827777384
3.75068358453213
4.71652244622138
7.45247842637313
7.36576687157681
6.02553524974443
3.40012425522091
4.72073002719734
7.37914929520322
8.79457441533313
8.12470228328776
8.66752779385696
8.98522923214167
2.75528025778452
8.78935839016413
8.18040597473741
8.73372685522803
7.38042561086728
8.44160484899293
2.04111612809229
3.67135601344499
8.88978012181461
7.43679299721417
7.88214765385115
9.4758874569736
8.58627755371873
8.04080980727063
8.2444164096086
7.39429618881086
7.38247204552117
9.44759766611629
7.01167482828119
2.66513727132608
8.53199738946687
7.9943042091275
8.52264957022838
7.39866363032431
6.80083530751966
9.05761565051238
6.11782197529171
8.58812262636621
4.34408807427111
8.2681786916804
2.82617335384266
8.1244319962932
2.4720062577045
7.96806290943737
7.81293975750478
3.91786274623993
2.73312726273021
7.98270693667302
4.42420667074251
4.8796567027636
3.34798536873189
7.3531393846288
8.9112412896778
9.04422241217959
3.04461326469414
3.82295352995641
9.46668404263568
9.11753747023001
4.38088030394421
7.29343960141996
7.48921154948993
7.0102603940677
7.88693329264271
8.01549921059443
8.34937536885053
8.56101282309697
7.9276301064595
7.29691487974543
6.87465796058274
8.16916832593964
4.95682020424451
4.21068883338897
5.14868261597939
8.71174748279326
3.44347753658836
8.31069275382549
7.96698653706786
8.88502908186209
4.17252424632929
8.00119537210632
6.82839031869327
7.10709926077587
3.71633302873949
8.0072578628426
4.28588231793544
7.99079903873771
7.71209009665512
4.97374579359839
5.08684660039211
5.22559020126808
8.51896406558501
7.71361081203351
6.26099717929322
3.3036312101636
4.62423698214002
