3.55172074375249
4.74011879226774
3.8241795857146
2.45068870047679
4.7665945117258
2.3567846109507
3.35442047480344
1.30532817154506
2.3029640353978
3.44832456432954
3.35442047480344
3.57359028553014
2.3029640353978
5.96126284162112
6.95455318488395
6.44707890633905
3.09723214822868
7.12251883334877
2.3567846109507
0
2.3567846109507
1.05145643940564
1.88912466064507
4.64369169254173
5.44542626690663
5.09480583584694
2.51343565912867
5.77024576285667
2.9405811000507
1.63525292850565
2.51343565912867
1.30532817154506
1.30532817154506
5.49048909618738
6.21078905317062
5.70331477462572
2.45068870047679
6.37875470163544
2.3567846109507
1.05145643940564
1.30532817154506
0
1.14536052893174
