7.72902434223159
8.30823547446084
8.05408401204275
8.23875907900057
9.40692386430734
6.87942228652522
7.45631815786009
7.30304055491583
8.95346121243045
6.18542917481067
9.57478668400663
5.46237953828481
8.72551812840822
5.85684227008896
7.69251601629757
7.23746929793437
7.86165146011717
6.5863244785349
5.68397619656584
6.67188101081542
6.91613869673159
6.51648476252872
5.81434917137073
5.49721283826778
8.79429664228623
4.96753158161714
7.14712502116538
5.2626045336394
7.09540674004089
5.7572367474419
6.58047417913782
8.27872479464762
7.29486500165464
8.06855480175266
9.06964817994628
4.61400096348444
6.14424315862558
8.01406558914032
7.71834499700702
8.90273072931633
7.40136321926136
8.25444920384111
6.88242737274341
9.23705217041741
7.06808219271637
6.04746425080014
7.76630691502709
8.80676156488967
6.82951380739875
5.38299573211182
8.91584120021557
7.58210296574791
7.81663918612852
6.7845461459703
6.06438354579875
6.63889182668756
7.37751476529789
9.68901854966693
7.25644149834174
6.82317845169244
8.46524275628347
10.1842739693193
6.59073377676305
7.98094126428087
6.71035749252289
6.37606802443832
9.08753127793395
6.81753533009816
9.14486608838436
5.67196987044559
6.08009677513726
6.46433680122858
6.53928630404052
6.27382430327871
7.17651627974647
9.6978907568142
6.03673677309682
8.5302532778009
9.56444477037052
9.06229513823961
7.23746929793437
8.51637145097838
7.88435048740288
6.44379791809497
7.15074700135997
7.53638687235696
8.24587646711716
7.3045368275432
7.22402897124088
9.17591919374627
9.4836846616699
8.95422723875672
6.09041414932163
6.90212969295396
8.44494457580378
5.51416219126084
6.55123006783081
13.0052292884836
11.9963039851997
12.9237167213104
14.1377559409718
14.4864047814648
14.9600724628498
14.2844115817993
11.8745234537891
11.7495049628794
15.0863548287027
14.0734240089787
15.4929071889063
12.9519590477246
12.7334408444989
13.7524631102046
15.0128717062872
11.9079802255478
14.4283266754106
13.755749423682
13.8270785430304
14.6280058248272
12.5871272473292
14.0221574815457
13.6818474430645
13.5172380293378
12.8594157382049
13.4433455140536
11.8752052278114
12.9135902004478
14.2418124762443
14.124709429324
12.5422042554338
14.2605785019797
11.626045021681
14.0663177908418
15.4019970446334
12.6744064974145
14.0540937621839
12.0612868120871
15.1101123641537
12.8932900323387
14.7023310247616
12.9213026946319
14.1614559763764
16.2014648564562
14.3714112787647
14.1610568919048
15.3324970924323
15.6185120151234
14.355735424826
13.1755667662014
15.2911228419567
13.1932155821874
13.309367683777
14.4363902054364
13.7524631102046
14.2907358861537
11.977554439332
15.8635131437603
14.3471567083991
13.148292590292
13.5398092438286
16.1020719440139
13.5144649978883
13.8050830518949
13.8702183553543
14.1725103747424
15.1282852406811
14.4551397513041
14.6424526388136
13.8876050604366
13.5747793904242
13.731347882149
14.3193879622451
13.3582746138186
14.5162646899945
15.5944170806024
14.309052271421
15.0365418854381
15.9072949430762
16.1245443679412
11.700438949838
11.8453357174836
12.8206818355518
13.7726026059812
13.1657012259971
14.8678052772387
12.4184329702065
12.2796947025282
14.6343507411822
15.5244593500664
14.6956992235531
14.224845880244
13.5172902217993
13.5354695891307
13.1680422662832
13.0427471054183
13.630761900952
