9.45696687426614
10.9943660789666
12.9500270432079
8.53259391617092
10.3113864979949
11.0706949031471
11.0442944841528
8.77431831121409
12.3126243028842
10.9294509254463
10.5979683122715
8.95493452660572
8.72144981639254
10.2008162121712
8.21747993067054
8.03834022257059
12.3849939407594
9.48070104523312
5.79689099531107
9.65132956314628
11.9595284621952
11.7626218542776
9.74295602699883
8.20401294526145
6.65374758573605
5.95752075471964
11.5776840818475
9.43676035906107
11.8798281868832
12.4405802083678
7.06183084864514
7.37758092481825
8.59401860129529
8.1752126459576
9.26559743961736
12.3789910286113
5.73389186635502
9.04773304983866
10.5850404252144
11.742528563209
8.78226252266847
11.2759866428268
8.16757283385758
10.8080796616876
9.98321604483496
9.27416902054055
7.45800249759338
11.1342423506122
10.5519037936615
10.4632212129305
8.50915583847934
9.57938022256788
8.84217975659825
9.49089762122095
9.35575117644173
12.8857412432972
11.8659769794213
11.2938626511673
10.4250706338317
12.8504957021351
10.6601690432211
6.8965996244058
12.276724434911
10.9873692893679
12.1419091978356
7.57833626634881
12.1196434983827
11.8865227999757
8.48690439754752
6.51553080041016
11.8647343294738
13.719929687719
7.62134504350298
8.32750886251031
7.56523119160904
13.0140795984163
12.6343775175673
11.9032726709404
8.50852296621185
7.05716912914315
10.5424924702358
11.8611670998137
9.63894120027827
8.04110453024924
8.7696268950723
11.4477675587181
13.1640585804736
10.6267448555556
12.1296511861726
11.762193198793
7.57343509587012
10.4338899492436
10.2070405249112
9.40635415538222
12.0648227374556
10.5287431891785
9.31635384948656
10.3288686018446
11.8181485078725
11.5199863021854
12.7625579453738
12.9834562516007
12.6642446231973
10.8734059681296
12.8316852388284
10.6191613775907
13.014889434552
11.9106494875995
12.0144366990344
12.80065716468
11.8751015247129
12.8900876094206
12.0809456708632
12.7918393111317
10.9905518164217
11.2001902683708
10.8417895206709
11.8380281857344
11.2536245654293
11.6890129770099
11.3947097164099
10.0830459594612
7.00026668124105
5.85345894732423
10.1284453599492
11.8881631747296
11.2038024530749
12.635241564847
10.1091807666026
5.17291833526586
6.29850963977391
10.4932996680852
9.59199538227955
9.45286379830328
11.6886871265566
9.33571008144382
9.80584575799021
4.74475475363251
9.0913705483695
10.0756138921527
11.3226649996411
2.40394065538501
3.84959618735002
9.18406800227385
9.09245394759678
10.6446096516657
9.54644460702915
4.31288643858824
9.12106443983704
12.8663873872077
6.39529612211496
11.6911758686272
9.84457009086072
10.6204761763925
9.2259866263961
10.0462299216925
5.76543883723489
10.3765671062902
9.49633176425327
5.41047447200865
5.09653204332502
10.8982093351677
4.42237432401609
9.73892696062193
10.6032979893546
9.86064058838296
9.51942832113174
10.5805212792592
5.71766096419515
5.45727558416977
9.58223297225778
10.7112222274427
9.46448601598637
9.45170848385996
11.3115075294504
10.6379630672539
5.69540164221313
11.5867038012773
12.7664610023068
12.1442485220724
6.23672415184295
10.3696381880277
10.6112744375651
6.69087494795774
5.65373930419357
5.98825626616379
10.3693393152576
5.41986430925352
11.4518215990854
9.87589729195042
10.8165818212863
11.8263987800171
5.88045603313363
10.3191611632924
10.1737533775557
9.496575420714
5.53447113734428
5.46594835877723
5.66251555285016
8.15638652997476
10.0087434574977
10.9476301944843
5.21082499746704
9.12735899622261
10.2857433311106
8.3140860570746
9.20532388112974
5.45653269185169
10.2914878696484
4.66423405085342
11.436354650078
10.1902387841495
6.37637332912526
6.22056106563628
6.20785932014405
5.59224312532589
10.9805431198405
10.2624418620737
10.7169875860819
10.3958927468904
6.07282671417852
6.08116296339983
8.94494746917273
11.0205843095739
10.3471098533944
11.8762882358424
9.18068323492883
4.13614254809227
5.17899193432783
11.3303874037335
10.0315178941072
9.13572794990351
10.883433564782
10.1754930630444
10.1086183860525
4.58200427012586
7.46471136159272
10.3278858652604
11.1848749847042
3.70399780122246
4.89380083460692
8.59354788724078
8.89816095652546
10.5068196367288
9.52163610515402
4.37981388244736
10.0671009723366
12.0619744270176
5.43972694627628
11.4740594424157
10.2434199217892
9.93449388052781
9.00470108232233
9.56917264403729
5.32100896509271
10.2174663703791
8.04888931486119
5.94038027061804
5.46404596032794
10.7774196959126
3.49572087554193
9.06059825857736
11.1166101436267
10.9348881457479
9.92017360454939
10.0404378039133
5.2944439662425
5.87698485561592
9.46144333300268
11.1448847652247
9.79379403375884
8.54846848232995
10.6917505480277
11.3983023430558
6.3066841657247
12.0262263131049
11.6068249331302
11.3445850216512
6.07561578254005
11.8182691076901
10.6340568087121
6.26283085188312
5.55807020936201
5.6071296485632
10.3445308133825
5.47291485089539
11.3310319598303
10.4263989208741
10.8948856078636
12.3029998829942
5.7245138771928
10.3167492890057
9.95225748429313
10.4161012714081
6.44698052053699
4.71265901645955
6.30263723103612
8.76328374591219
9.55234508327911
10.6988610624514
5.23538205797051
8.87858986418973
10.0369741990777
8.54597932671648
10.5053810269672
5.02792270668195
10.470251360688
6.00533103469431
12.3571875225413
11.1327972522395
5.83799453172307
6.28335968396465
5.79682009340747
5.56743462345075
11.8047277248015
10.2208164548399
9.53392609415276
9.25946962696836
7.72243626330269
7.67204096068959
10.8809234003741
10.965899515116
10.2108319709075
11.8083535200461
11.2023341679118
5.3763489021588
6.52787592771801
10.6485237554423
11.2750424963577
11.2074020185242
10.0458129407627
10.6787689578948
11.3866860670461
6.31302385162858
9.38099202855519
10.8873384921718
9.95792810528464
4.803201431045
5.98213001290353
10.3707800421562
8.17017413011069
11.1276379352798
10.6868904291226
4.79416378554744
10.9516524741782
12.1647248748725
4.970069422499
12.2432001212615
10.5114454049949
11.4482660559313
10.5329197577342
10.6785261737972
5.73058678502761
11.9569673120337
9.8033865582751
6.58475471073601
6.77498266772052
12.159568374207
5.15204526624692
10.9329606364514
10.4589340391314
10.5899850334599
10.5623295304548
11.8994079981093
6.22822094540637
6.70476272591404
11.0310952280781
11.4129102484304
9.14428949269917
9.88963162027112
9.88140163123455
9.87880690174779
3.94305609240981
11.1248539148685
11.8358056238112
11.4819468931388
4.36507572369028
10.7222431112262
11.4188425641548
4.8360874768965
7.00068538813274
4.13346879510254
11.8292144064095
3.42709729438999
10.9027391306316
11.8132699809673
11.0019121489579
11.3723932942701
3.11378369995133
10.9425028003833
9.30116886270301
11.1415621619649
4.50604563434514
3.13894082138656
4.57775644949923
10.007330647225
10.7857113015239
9.24995457191402
3.59876299118162
9.51560531591127
10.4287125335118
10.2868830529173
9.72496868702346
7.04038607750323
11.3560667603787
6.69146281945493
10.7557916540978
11.6621302818597
7.12585265939654
6.97939891877615
6.83365257464625
5.50644288674317
10.6953451969058
10.8830107971531
11.2365164091468
10.2376982688134
8.19117515529994
7.30884129528216
11.3716834326893
11.2299239334217
10.854546490337
11.9722879944954
11.4466716220825
6.20507429070372
7.39109786620934
9.96208548143611
11.0470218034775
10.8801834485043
10.9875555205018
10.3608847619136
11.2580654300818
5.85988590957565
10.3825171619962
11.2603960751694
10.6215333935863
3.94920489344668
5.31565902832418
10.650130843248
8.9037430678421
11.7912432235814
10.6930781789449
5.26465835427629
10.5115820529392
12.2034338168561
5.12817091614789
12.7789759493866
10.9300489160811
11.9289047423201
10.6411347827929
11.4539910540154
7.00494254313009
11.5160803252069
10.8768542938274
6.58510831566839
6.56259488429919
12.0377225540844
5.84529738878642
11.09372085347
9.90216638329984
9.87888729432404
10.8394960789615
11.720034498176
7.12210309511982
6.86171771509444
10.9041193980879
11.8315137595166
9.6392454082275
10.7639122683879
10.7088259177297
9.93683146119911
4.15473484582201
10.9530363275012
12.1035074319552
11.4812949517208
4.99596244728791
9.73862473316274
12.0773372785393
5.42466703679472
7.00687313795504
4.72204835500077
11.8354021562318
4.09070258269165
10.8194634371088
11.4043291381986
11.5500331707928
11.192731306241
4.45889342692846
11.5100696373513
9.47262177150096
10.6360886396307
3.98920689928262
4.10385393121025
4.28016175752025
9.55747466663822
11.1482566764144
10.2464985884295
3.95467635624866
10.5121493324267
11.4252565500273
9.69887639327871
8.50419227507497
6.92259553282586
11.2030603268657
6.01736788461488
10.7829130199936
11.3297520030662
7.29311142030772
6.8811626430363
7.39876779420294
5.51263063656546
10.2794115137857
10.7998677546929
12.008574947977
9.69800897314207
6.45843412640391
6.93346033556093
10.6016000297717
10.301661452294
8.77379648441816
11.2352633312944
10.578464344822
3.5823562783243
6.21872838688001
10.4474111781307
11.2440285398402
9.96484926098427
9.79104488597088
11.0384421826627
11.3190063946421
4.7098674020349
9.20551821519456
10.6862259148602
10.063062723734
5.55863010274119
6.25910857159784
10.4099734763692
8.4913095667969
11.2327725537292
11.0216425635123
4.82988677877144
11.3505787745041
11.5729681007949
3.74157030268375
12.0556142274782
11.5325188580182
10.2700605834423
11.4270561442843
9.9752698265471
6.79225249213798
10.556102495249
8.55255712130329
7.21619556220624
6.75783528624483
11.9099303292828
5.92993560075479
10.5695761612168
10.3442736592494
10.868622189921
11.4377557948799
11.1879446027386
6.91561252210062
6.95927175361373
10.8939056600651
12.4339837014537
9.4083965047902
9.18816986655874
8.94088961139794
10.2549641541347
4.29471253699514
11.1654801090882
11.0703463038609
10.4769777501128
3.70083766086828
11.0999301593344
11.4348370543604
3.96100081220827
7.33543752252245
3.25838213041431
12.0958154685029
3.53223191283939
10.6479710758398
11.7690184469449
11.0468135418542
11.473585277496
4.07277557150163
10.9833681047996
9.62284597073744
11.3964640207081
4.82579047352776
4.37082326430767
4.71995107759176
10.093683968474
9.78074215849787
9.29058076613373
4.28069129566219
9.50011653220239
10.4693387277315
9.40390800643245
10.4655204960979
6.42158345514262
11.0119852412495
7.760739735774
11.133478702206
12.2792315342659
6.93826676561326
7.24157016818683
7.49165391064128
5.84119502113287
11.0975693267518
11.1464913583633
9.51040546798794
10.9822475612589
5.57852209463041
5.99255721343273
9.24211759093394
12.5415446461792
11.3943730131321
13.059994178402
9.59886058668889
5.84308114034724
6.31222754900737
12.0082342484456
9.66198198031785
9.59250873658272
12.2226520648311
8.6742046271236
9.46816278340992
5.48587263465114
9.24189408794204
9.27315327068126
11.8977104018119
5.52833269282393
4.36637230695345
9.85467146691821
8.8238540441269
9.57392395617549
8.72903006309926
6.36948170899765
9.65518325387228
13.2413420764936
7.91732086038243
11.1776438316487
10.6258236127886
10.1215072840239
9.05008178545731
10.0122378848211
5.57671882657629
9.89376741228456
9.09809580334469
5.81036533594417
3.34561534039459
10.8591897375172
5.04574503318642
10.59251554844
11.3553622939036
10.5093991711678
10.326290352279
10.1603316700449
3.05455351877262
3.488171125671
10.1905127912065
11.3101359728926
10.0352277221352
9.74931185827237
12.2301883338393
12.0410392845871
7.20564363898733
12.1222392727853
12.7300108422503
12.4781343409863
7.34124313947861
12.0888277114046
10.3743772466409
7.11981964421925
5.65313113844458
7.82243832601319
10.6474920164318
7.48112876894061
12.5135900846368
10.8248600817378
11.1517945332957
12.8201634626123
6.51300836380731
10.2707337221517
11.4000443004056
10.4246516200404
6.63604605533401
6.05647223098281
6.02262818729797
8.8389086601582
10.3878978203479
11.5457120326927
7.16760317188155
9.15867555876794
10.7507976418266
8.233707370316
11.4846914890199
5.21328977667796
11.0125886429737
4.86599646105208
13.0351765237569
10.1657599374638
5.40301544220833
6.06475879203735
5.79878589498481
6.21057712647706
11.6325748848245
11.2471919223583
10.4759827652026
10.4932285717365
8.02894841934349
7.05677988697084
10.8184103233422
10.5451248501921
10.8885560235452
11.6278011593064
10.8933985127354
6.30994343174748
7.51986265911061
10.7700883955953
11.6524843077663
11.2871576074339
10.6307119466987
10.8996491681714
12.4737775746571
6.50704032357425
10.2483358446376
11.1367370593424
10.4891150837475
5.10996357429349
6.51377061438983
10.3282201610379
9.00485119279914
11.6545339336879
10.1036387889552
5.92546944494246
10.1934751921488
11.7066115824768
5.25726935308149
13.0084341004946
11.228816883177
11.6760399040319
9.85655729077215
11.0482916120883
7.10981168417386
12.7832146241745
10.4950744532508
7.74402166689462
6.92898935163727
12.4560830014162
5.52287790165978
10.7702110225565
10.8445499350214
10.0714568081147
10.7209072589329
12.2638215726151
6.96785740638161
6.70747202635623
11.5001653907971
11.7536135140192
9.89477571115054
10.89749306981
10.5438790982241
9.78230985538285
4.02563640888841
11.7705482405444
11.7988896449306
11.0691346214442
4.19596454841167
10.4017114359918
12.2769981098566
5.174778455097
6.58002962526626
5.3038768920306
11.4808528838022
4.67253111972147
11.7855832541732
12.1231600647792
11.7790216833681
12.1049960504479
4.20900484523074
11.4657968438989
9.59873432651179
11.5344993406537
3.86010846234902
3.40123524941629
4.718564819683
10.5634140930999
11.4337289463361
10.1928389493374
4.08377479318227
10.6595092610547
11.710728819949
10.5345279657671
9.51013170153667
7.27877728498686
11.9262151717982
6.45577094677765
11.018912094693
11.8166417130621
6.71107229149499
6.29366585787153
6.79372064639436
4.81001195477151
10.4976730408248
10.5973658518831
11.8216287667217
11.7177277370683
5.62871646169752
5.96545595283478
8.47028375743762
11.7051613881964
10.9544485456189
12.6326067306314
8.93614931771992
5.49277295895253
6.21029127226843
12.2036412133718
10.7217959597481
9.23394172685944
11.4191960680807
10.2608084279323
10.2193216279554
5.93545545185766
8.82347638222142
9.26687133042051
12.0886862997274
6.67055591485742
5.12556413658012
9.26183577000811
10.0792790185819
9.85797424674244
8.61073191960862
6.43102108666472
10.318450596476
13.010963660579
6.89821050872985
11.4374245788364
11.2013520353577
9.18394052713167
9.2974609142821
9.42969155309277
6.53000040903488
9.63188433412731
7.23512791266914
6.711509876224
4.80514366272715
10.8242444179439
5.64796228519311
9.99000164677692
11.9847850202091
11.0523695095613
11.2799536134268
9.67445923365432
4.40521726897261
4.31386117161683
10.4093473935161
11.8807783335805
10.6416214909116
9.51302626117079
11.5206642706494
12.1605485412421
7.61850513950336
13.314873625012
11.9056011131996
11.7731363751076
6.67041743973979
12.997075733414
10.3952196520077
7.44896552170751
5.9141906533343
7.57806395864111
10.3322153929231
7.5865186890252
12.6282559303942
11.6275345825132
11.0757493372238
13.493495443293
7.4816803568002
9.91220001151177
11.2871733579466
11.0951796021078
6.93982841944828
6.78350471228502
7.24368849025789
9.44189713491592
9.7371043340324
11.8898922608692
7.17689388994098
9.44599436915129
10.9087908417006
8.28911517076669
12.499232934716
5.71378253092753
11.4932183259307
6.71306416109482
13.4747092748454
11.4031672553134
5.83283588056035
6.25644912256765
6.30995854119472
6.58353707232666
12.1790697387829
10.7868210620703
9.33057904846816
11.043610696994
6.9145750119006
6.11992751703625
10.5698280211419
10.6551476382824
9.72794961956915
11.7831044992205
10.9674919876316
4.72714279404807
6.58187916165214
10.3390248694354
10.7466783399454
9.28886452530158
10.0211445674295
10.2185429275814
11.3388804202661
4.70646860785986
9.41091005387656
11.2119126995048
10.653147428944
6.06310340728344
6.92199352121225
10.5715964222323
9.05476996140506
11.7007813998543
11.0240540518468
5.80823825764122
11.5147452331721
12.1731382403263
4.51802446188771
12.7603218130418
12.091872160864
10.6780296605816
11.0464877097614
10.7648237687993
7.27847104336614
11.018748002322
8.74817124673893
7.48835047312309
6.6347796436204
11.1994051930803
6.18266082521449
11.0419571197894
9.86324833314078
9.75454941743046
11.7054540486978
10.0496200087906
7.18369136244272
7.16614959927178
10.2861754540651
12.7631084637241
10.7572149137443
10.2726677145961
10.0876729200317
10.7245713087016
4.81497734030185
11.4957896157576
11.0654470678624
10.9164432722449
3.85325723640571
11.1505634181193
12.2143411541869
4.63180531837342
7.79853983299554
4.76090375530702
12.5610189277546
4.83656346491796
10.8342485590142
11.4418548805045
11.5914469901438
11.6744114340387
4.78233700962923
11.2695428585697
10.322462198016
11.3517713041417
3.44281458989651
4.55723584729793
3.80544162229017
10.2288057874673
10.8005567530292
10.4543533900858
4.86796246172073
10.8481688296599
11.9408560010535
9.06104555027437
10.5139157449884
5.86500955943479
10.691639009483
7.38215132237318
12.2188302642981
11.7783280304497
6.6503550123842
7.14280954758371
7.59907745808602
5.73042721766318
10.0614719604705
11.780460200737
10.0876699145369
9.75308192427364
7.11374545944143
6.92045465758437
9.95548594489644
12.5294019397489
11.3433290367112
13.2815464758409
10.3191675796477
5.52522337164105
6.61190210631758
11.7877787635024
9.96959909727891
10.6600872354627
11.609442159222
9.88653198206336
11.2742493704929
6.0614964371762
8.49308458107193
9.24961260791741
10.6199031486453
4.3412066650419
6.0155261923368
9.35414596774147
9.06474968267904
9.79542952551351
9.35766912320708
4.42676364702793
9.2403897926035
13.5023079051774
7.32854744645641
12.2113419777341
9.14368397844657
9.93125826269969
8.25275326861011
10.1134116229462
5.2072857400369
12.2658693706934
9.49172411006447
6.42607769955345
6.20146054002282
12.0754215065666
4.49619829226963
9.8867823205718
12.1835132468966
10.8351875519656
8.74173764860449
11.6571216736695
5.27435529477498
5.20851358030188
10.3349991596077
10.1350259352892
9.78083634532296
10.0473658657788
11.7591366239065
10.7005099008561
4.58480315976645
12.5001239562207
13.4312621263138
11.9593256256399
6.32858262845276
12.125673423663
10.5348067119202
6.59519807130674
6.22746208993821
6.72429650824036
11.1304365783236
5.83767182918724
12.7893338981062
11.0040390371855
10.4178358571047
12.7006287812913
5.3472791560545
10.0884851463194
11.0148587604247
11.1360935595556
5.94514560425758
5.20780909005213
5.76119773118924
9.29028814204781
10.3145347259322
10.8459903384632
5.38405382779469
9.28079192765814
10.9498181428256
9.34822507512329
10.7160925043499
6.69196030189848
10.9733219129367
5.55148513009186
12.000900121911
10.7031989065792
6.70989157233831
6.20380839989674
5.90648435623934
5.78947188969325
11.2894114671044
10.6824801621868
10.6540748024153
10.1131861803394
5.69240014383966
5.38643854124629
8.75179207191407
10.9647791818275
9.77473222012857
11.9508075842051
8.83421401656909
4.14780561863649
5.52007575655856
11.2518990595359
9.55336507379676
9.67730434256458
9.89431672255161
9.13496180498274
10.9051294792922
4.64491819891887
7.3716290576932
9.18777276933299
9.87279441372228
4.80616100287896
5.79668240981803
9.0954714589918
8.64949595200918
9.04832079059048
9.32212213137832
4.44018863756239
8.76471215187859
12.3275640666896
6.48989229803821
9.974590083169
10.5130445086055
9.32548212737208
9.29647481586117
8.87525743069946
4.86551122003921
11.0079072110013
8.19821114323429
6.28782975211604
5.61872470206016
10.430127688408
4.10044784598223
8.68809843669474
10.7323673861999
10.8185633702172
9.47405739315177
10.369758471394
4.87019716646774
5.48809193929075
8.77189230126259
10.8673456798365
9.64128155792466
8.6524925416203
10.3631909516096
11.090988309149
5.15828517368308
11.917388118258
12.187165442211
10.9024781626404
4.79832947636004
12.1965719589023
10.0920983001066
5.17589268835422
5.99429125130388
5.30499112528784
10.8294854857055
5.32699614654215
11.3978097801921
10.4203259104578
10.512730284875
12.1379728254649
5.25797001931149
10.2530281584409
11.0958321723634
10.8159736837142
6.14267443829605
5.202758251655
5.79271094192659
9.20642923165724
9.72165229931777
10.2632545005006
6.14424288158442
8.84118353377108
10.3670823048629
8.73013114127185
11.1829791110388
5.2916021294211
9.68482670671693
6.23473727961981
12.072858137398
10.9069474371073
5.25874571164161
6.40580270336994
5.9262046486167
5.82352171781155
11.7406697655095
10.5514708366989
9.52563360414076
10.1287451435738
6.14506069149346
6.18267437547627
10.6749581773257
11.7161439333682
9.53091059821944
12.1971869307543
10.992216673193
4.59983580125969
6.18168159749292
11.6447958723691
11.3580736587488
10.1522734343483
10.7846954405258
11.3089900613208
11.9499531613422
5.34748421827546
9.05888722600986
10.589803951047
11.043151886195
6.72764061019875
7.35858089371389
10.6343493802738
8.36872251698631
11.3329254456942
11.0746862841918
5.80059576772253
11.2519999909086
12.376744839171
5.93759988081604
12.3785140791515
12.0155850257052
10.0765367717958
11.1619755462083
10.5384650187951
5.60415497291871
11.5951169155447
8.40274135554948
8.0955768079253
6.50809142832902
12.184442331874
5.71856053186606
10.8094108966465
11.7455046579035
10.5904053701809
11.2859366110366
11.0824722982822
6.23769380179893
6.01302620034829
10.9094795387191
12.8655470471923
8.70637847875761
9.71441057072447
10.7843986324049
11.2707345289509
5.42547097060559
12.5545634459706
11.8444630093809
11.4286038263569
5.30406108889526
12.318652122045
11.5959285112513
4.94158742690625
6.25104397078194
5.64420610870022
12.3350407310022
5.71986581831114
12.1637700124442
12.146233814638
11.6234091397732
13.0259621057344
5.10524332855988
11.1813992928894
11.1735132570867
12.4437533891386
6.11818315178169
5.25127244304058
5.33978844021865
10.8576539500668
10.5105986278577
10.8648456576386
6.28753788064907
10.4380679650649
11.8343037138513
9.87682214620467
12.0851923406138
4.78656769570195
11.8547531235972
6.38236433618499
12.2439395134642
12.3335204217147
6.68132894045635
7.10494218246364
7.00643302276539
3.74335029963847
11.999621696358
12.482282644544
9.7080284692963
11.2759667640604
6.03756315465511
4.43962581552907
9.59835176102685
12.2614650290738
10.8394707945535
12.8558006284672
10.3077550468894
5.65220733414039
6.61202295424133
11.1845708494056
10.1513256558352
9.04971673025454
11.3704404462859
10.3476312278148
9.81538985773758
5.24809834761259
9.05491127449217
9.99544182188501
12.0242762063469
5.31554651207154
5.27480753540092
8.8181050750819
9.12541671145976
10.3463563381677
9.63591357562503
5.7039908220387
9.94057313968032
13.3078664690839
6.87469982914777
11.8246215461084
11.5247006411816
9.36867080643391
9.31883976279659
9.13515769229706
4.7389164013146
9.81614331725186
7.77928346062308
5.66377834278883
5.82856926448311
10.7328753533286
5.87581080963004
10.3777974938695
10.740471404423
10.6951001359295
11.273051672434
9.46561036725313
5.88719368595343
5.86358974177548
9.35649077664019
12.5578545922441
8.92868552588187
8.87466082551624
11.6464029819119
12.214991164829
7.5161712458187
12.5139774185469
12.2019239993844
12.6144554583582
7.42229194968704
12.1735561987668
11.0747650268892
7.52732357786132
4.68875508331954
6.95380581571018
11.5108444218301
6.88795894802826
11.2371424287538
10.6959348511801
11.5674980052406
12.3602215696023
7.4682263591645
10.4474506618125
11.1117779652008
10.9028389172043
7.02287664555845
7.19211767865862
6.68548407622799
7.94167464290529
10.4084955571511
11.8989864381721
6.81587344000111
8.64672001303319
11.389947810163
7.10041360452725
11.5001764548403
3.24962482778567
10.4060955647272
4.54833100909207
13.2745951916992
11.3310376539068
7.03835353304908
7.59846046902558
7.5633815784831
6.24840919136884
11.6963936356921
11.5510982972227
9.33367411525345
10.2720235962128
7.87499840513797
6.76477367338995
11.1890496799516
11.6969206834291
11.1825990747717
12.0484855231653
11.0599145163052
6.84442355973695
7.47491374619042
11.367149672584
11.9068170696003
12.0755382587979
11.8737502822091
11.7211939237918
12.7480844716948
6.6605133146828
10.4059225351258
11.5049466576179
11.4634071561243
5.15592489146336
7.06015349104477
10.6054894831507
9.53414354918959
11.7531807156235
10.4718483872307
6.67244814836036
10.692645342175
12.6426537306951
7.00563457089875
13.4614830545374
11.4404652795746
12.1647436003427
9.75747773598953
11.8410335702618
5.73556748721995
12.9969858212028
11.2437050848473
7.62169051397643
6.91305042390783
12.8277993005489
4.59651557713237
10.6497226094759
12.5518020662117
10.440297573316
10.2447094903553
12.9827943662413
6.12335908692708
6.3653192536253
11.5528365073939
11.7895759825006
8.81421232412259
11.6669656220962
12.1327360609539
11.3147830771288
5.64586504546206
12.939732339632
12.9637817995395
11.6705918438017
6.28048985007991
11.6792153803536
12.154874064534
6.10201727926717
5.16318386653449
6.80463596106112
11.2680959535174
6.14012108824044
13.1334560056273
12.0460501419138
12.5138704131818
12.917752941831
5.24289728763442
12.1128875345201
10.7673627515131
12.0018643109379
6.16476274630429
4.6705459068832
5.77913635782213
11.194704271906
12.2266120182203
11.6313417412194
5.70240189569019
11.2787316719185
12.6007997974321
10.9350801191444
10.5543514497439
6.4064127408091
12.1689002846566
5.21198232377873
11.9868249901308
11.7379078822326
7.03489624866835
6.44792796596135
6.04202794177225
3.14051240267739
11.8767503383461
11.3343330415422
12.5415578602801
10.2361970896843
6.25115745606006
5.10557891176438
10.0856164683666
12.4380668226778
10.9463915469168
13.1732065188941
10.1158601642503
6.10592416438997
6.78024764041316
12.1980536273911
10.2554714132876
10.8503127263856
11.3164204539017
10.2915941391816
11.2197552429011
6.60303674467235
8.16559357208433
8.96829491090527
10.7144121045431
6.04850290440045
6.20142137355076
9.12559015317161
8.84253586645632
8.89007396120741
8.76784684785607
5.86561070370859
8.37829354870467
13.6265985203611
8.39660698200946
11.8061457171749
10.8754998449325
9.34078071477308
8.28588104198597
9.12548117160689
3.2574510592409
11.6078917383062
8.2479723744358
6.21857064963211
5.99236845029631
11.9395960553631
5.14162128666877
10.226745698334
12.5738577620014
11.1637286423715
9.75490239051397
11.7529972223055
4.3142053236956
5.11582152901302
10.2813606682176
11.1065002389827
8.06461045622129
9.46595857635316
11.8626964704402
11.6003852528374
6.15425533093379
12.5500304541009
13.4920539950134
12.1685868875373
6.83740687888364
12.5963926212996
10.5957459880422
7.21497877022026
4.06704238550587
7.34407720715387
11.2332489338871
6.66904930189786
12.7986825022719
11.2678429018374
11.5068287598753
12.9755367860972
6.12087865429735
10.3834620225708
11.5140872845521
11.3481034030119
7.4055365167296
6.08414337348741
7.2106332431316
8.55540768870328
11.0944481687878
10.912091075496
7.20918084752952
8.12485316876913
11.0501961581768
8.69960460951052
11.7001151306921
4.75276182634411
11.1429775701849
4.06039136147419
12.3361113246325
11.3640457044838
7.48108282363894
7.44871134586737
6.62243092099724
5.91128528747913
12.226262289806
11.2197259997854
9.96963391738661
9.69319691383504
7.12590635944974
7.3278863291157
10.3883064358894
10.8456810554771
9.79688841979205
11.8492632451724
10.6946627718519
5.36759713054744
6.44041643538858
11.071905534574
10.3791184472908
10.8341763925843
10.0700547417706
9.16576846978036
11.7282112076007
6.00023891296713
8.69971636155245
9.93814530977802
9.36764301875889
5.81885216598832
6.98071266848434
10.272492303771
7.47356616303941
10.3909345735976
10.0019587735845
5.05808246311779
9.97009837859472
12.0575473691868
5.06909420079541
12.1093686760863
10.7836551363346
10.4779104008238
10.0631257377779
10.5571418344665
6.16745486357067
12.3024479716236
9.60677667494668
7.45344204270216
6.65140969318021
12.2350488779137
5.3302184785249
10.5152331442487
10.3219999247077
10.4160249555718
10.672222687476
11.6795525686954
6.07768895996701
6.16668746911837
10.6861106580972
11.7749970931773
9.39767483725809
10.0824697120885
10.0775910107787
9.83719465241739
3.07456040005852
10.8305686383196
11.4804417023252
10.4441836180455
3.98711729632805
11.3149018501601
11.6881669152028
4.38994246324334
7.25151773154094
4.51904090017694
12.1886276067879
3.97771211957185
11.3027173825756
11.992719389472
10.9606893179623
11.5074356572453
3.65064772401185
10.9170469181282
9.91325788769884
11.5434768031627
4.41019356730033
3.50917907135807
4.24149849226268
10.4199782651879
10.6018595076061
9.12874504459169
4.31009943625082
9.8091365308629
11.0732176739256
10.026070008404
10.2100132011977
7.00134899245716
11.0627049115263
7.17673482798888
11.2077030246621
12.0036158846262
6.40996543813786
6.84112117491359
6.93588623355078
5.35746727181358
10.8201045810634
11.2799313534628
10.7827445866788
10.4911623346883
6.04775803735046
6.99525415902102
9.65271713578878
12.9848523974259
11.8808528130349
13.454418422462
10.0163987705401
6.24229824808899
6.45230463288401
12.3038866682039
10.9331456029214
11.1186579009142
12.2664517207649
10.4448976407704
10.6598791807751
6.64150938269562
9.69481183764259
8.75276053717518
11.7738184449028
5.3748073789225
4.52580998845166
9.98657424181609
9.42619276324285
9.46297208086705
8.68263482889645
5.71260964404492
9.22986474902724
13.6368663361428
8.55938931754043
11.6748706984724
9.83674269148778
10.3539493828389
8.949292508017
10.2972010060159
5.07072094746673
11.3791538990611
9.73190908014804
6.12429758865034
4.39010046977707
11.9623847504088
5.29644150854106
10.7443010466256
12.9156334018427
11.0282131009389
9.71338012366337
11.5883163811364
3.33252022738458
2.75348424760772
11.0773348862879
10.6730736299171
9.49038079897868
10.4004280333259
12.3861975453589
11.1148570779158
6.17284086802803
13.311684565528
13.8971093654478
12.9630280258602
7.39493824606532
12.2011810333255
9.94149860938646
7.18330508346902
5.4031961242874
7.88592376526297
10.1186380540695
7.19393254645033
13.5495450673078
11.5187125545025
10.5632608210554
13.6049326064745
6.07250717440036
9.68583650657185
11.4520236936974
11.0202273635025
7.03181558426684
6.03623809984042
6.70783494511264
9.51233165323078
10.3275475224606
11.7685824438212
6.94592671387345
9.53079440613327
10.9966932123046
9.40256687778933
11.228827152953
6.31098284303051
11.8665075745491
4.49943466020424
12.2078949427495
10.6725563825656
6.43839366794487
5.68792340800042
5.69817469325834
5.94687015204628
12.0289395085493
10.8322870886659
11.0585487328968
10.4629865152852
6.6182689093288
7.11303493090315
9.34250519489933
13.0245888090457
11.8526769936318
13.7767333451377
9.70618682965064
6.70090868910746
6.91091507390248
12.1318178958936
10.4561879558464
11.1583943125339
12.1564795805852
9.9553700634678
10.6848010622544
7.10011982371412
9.21785419056758
8.26323295987257
11.2968607978278
5.37179800604052
4.52280061556968
9.74820398455753
9.75590406529015
8.97344450356444
8.19310725159385
5.70960027116293
8.90116504966153
13.9974947744742
8.55637994465844
11.7077161255367
9.73719421177965
10.0252496834732
8.62059280865128
10.0863195658588
5.52933138848519
11.4040757805405
9.52102763999086
6.12128821576836
4.96061134175543
11.852412610229
5.75505194955954
10.4340891057362
12.802016814199
11.0700445565863
10.0612368777767
11.5008383228107
3.90303109936293
3.32399511958607
10.7671229453984
10.6537841496012
9.46220497957561
10.43764991687
12.2762254051792
11.0009040273747
5.60232999604968
13.0014726246386
14.0146524619762
12.4735004485576
7.50708041057418
12.3518245943264
10.1194617378992
7.75381595544737
5.86180656530588
7.88291439238098
10.2966011825823
7.19092317356834
13.2833218424145
11.5416975180946
10.5961062481197
13.2779319642932
6.64301804637872
9.72766796221926
11.4769455751768
10.9012951839012
7.14959635614896
6.60674897181877
7.278345817091
9.18533101104946
10.2086153428593
11.4583705029317
6.94291734099146
9.28989061431116
10.8798128644731
9.16419662053077
10.9904568956944
6.88149371500887
11.5562956336596
5.0699455321826
12.1797191233465
10.8306071802256
7.00890453992321
6.25843427997877
6.26868556523669
6.51738102402464
12.0707709641967
10.5069311560883
10.9876988709071
10.2852532634642
5.35358023625845
6.42385568018803
8.86452420178007
12.2953495783677
11.1746045905604
12.8067379755883
9.36560794170553
5.44496466539911
5.80896202969403
12.2692712495856
10.3245086005432
10.4319202889167
11.1823337769756
9.84706401275943
9.92142554293831
5.9715171292335
8.88739892705424
8.52944043742455
11.465203691566
5.9478703383245
4.66519545127818
9.53778943446993
8.85698718235825
9.17976732274001
8.49158014188884
5.48921569966215
9.67234148113837
12.9860755073082
8.06538020158548
10.7708533530345
10.3087233762448
9.72242551591808
9.42127319277407
9.57926733606613
4.85361073854081
10.6862242801737
8.71684643512213
5.95643689838353
3.67285468568357
10.8406893785592
4.94573464510042
10.320401163308
12.0055833142736
10.8595979516287
10.1853608084204
10.4421613031942
2.99582619003243
2.56242956060009
10.1049937352498
11.1450543146742
9.31223293756231
9.70158058618978
11.7111819520564
11.3276890852791
6.4475535617006
12.8353648070615
13.2013087785201
12.687645024153
6.77318609520959
12.332875379144
9.59483761913712
6.64272367268691
5.26366263890883
7.34534235448087
10.258023516896
6.83121932053165
12.3542613738464
11.2007394667042
10.2245648417891
13.3217278483475
5.95466941178208
9.33917551632251
11.3005300142859
10.8614103994559
7.06517923238848
5.87496919775806
6.36310622371512
9.27452993017155
10.1168982096925
11.1693037759046
7.06876847018093
9.11151880214318
10.3880562099265
9.12115113395095
11.9184306496344
5.28418927401228
11.0792901560914
5.32701476221752
12.339589288568
10.5372739478267
5.52641131152397
5.82730887082693
5.43531788222726
5.97312720526663
11.878105197385
10.8577234228226
10.2070620775495
10.2441170402444
6.89297775637532
6.26735757346785
10.2656978857859
12.6599892616287
11.8602230395228
13.132269027254
10.7813980988625
5.60095372730591
6.60128137080633
11.634974621198
9.75826510049343
9.93426400945005
12.2556873649369
9.68776791550548
10.5610358451531
5.06661293062257
9.50631529368209
10.3351934826838
11.6277895735167
3.80794297238873
5.48226249968363
9.59251622500003
9.24664294603748
10.7025903633145
9.84719670050968
5.11806466377039
10.1053625575044
13.3157119693733
7.3315568193384
12.6645852603451
9.93152410201517
10.9482496059259
8.58145296797583
10.8605661286385
5.28301609570176
11.705021080923
10.2388786157568
5.92378661924347
5.10216589350617
11.5036039771119
4.18960642957649
10.3490128397866
11.5947700827443
10.2850180622138
8.9301539600263
11.0905209046792
5.10502610139291
5.24347279314648
10.108938034962
10.5984354362107
10.3452852302612
10.544484778918
12.4053818296214
11.3710471856657
5.64166015059124
12.4835675300062
13.3137190297854
12.6219289521691
6.68144069185212
11.6046412957682
10.8832689744637
6.51550042676458
5.92087022724505
7.21811910855853
11.1044920281362
6.30354049863688
12.7386492193677
10.434920544586
11.0732820739009
12.7051295259782
5.25067033224535
10.5889389636268
10.9899368789453
10.720465594184
5.32752071604491
4.81037396730038
4.69084274288035
9.08528418830338
11.0898049192732
11.6848808637317
5.38706320067669
10.0554352504519
11.5730697578413
8.89830368852137
10.5220134748355
5.58517636438496
10.747260788291
4.44470119257834
12.5198891687502
9.8090823376796
6.13938070035996
5.63329752791839
5.48799206258632
5.21896101771489
10.5592883675965
11.1598546730896
11.3718762400649
10.3359766236921
6.74615934011602
5.63001505019866
8.88273320096805
11.1342506162666
11.1931803249605
12.1848220322749
9.50482552741745
5.14578753684849
6.28389220091005
11.4514677907154
9.52109595084048
9.48402522770358
10.9225463172084
9.67782709033126
10.3899978267621
5.42819430460996
8.38686733573359
9.97376688141719
11.0629144670358
4.52506599716919
5.51205899472455
8.4163047044914
8.82396612054639
10.3805681390057
8.78431565273661
4.63063241768877
9.73225069928709
12.63454525786
6.2924421351064
11.7201842173378
9.9864370105324
10.0710417586646
8.16669229483612
9.70379274170931
4.85698534451328
11.5483153265494
8.86499699085795
6.09902917118
5.47319453081398
10.9484537617481
3.33195609382181
9.43364379206005
11.249551191056
9.88052053787083
9.3933007399219
10.4703427753502
5.01827654772011
5.35785998550426
9.80756774148115
10.6777354558552
10.0940050503173
9.59727764701153
11.2734384263158
10.7951881530409
5.72899314459253
12.3405832085248
12.0009738232376
11.876529785865
5.48947735864634
11.8026850929865
10.5863121367688
6.49019131356964
5.37272662000784
6.61928975050324
10.1606208713311
5.91815006864914
12.2545733592636
10.593771759618
10.7360200449932
12.6311054577657
5.25744956758931
9.88401832945145
9.96191120928809
10.4101663075014
5.06741797713222
4.30010677046013
5.67071846377664
9.24216797568615
10.3014416035835
10.7522199972177
5.10662385169639
9.11642785593428
10.4294650428578
8.85970189308246
11.0622684684853
5.85558106566747
10.7531031431794
5.49953375376658
12.2973298890335
10.4732337074037
5.52347980245989
5.49110832468832
5.14985010710454
4.71693487922913
10.7599448716587
10.1262268418957
9.9805828351556
10.3127458929586
6.59004188438919
5.63111560398428
10.6693831694429
12.9773400222445
11.3282083810343
12.997556415939
10.7000611752332
5.88451360514676
6.54268251675077
12.2444013624919
11.3929729063424
11.5089939761978
12.0704316107005
11.5263676053732
11.7617856517097
6.2542848562014
9.51158386419455
9.75376346974485
11.5612496830181
5.48452165620602
6.10235478023647
9.73318597145896
9.03261721528344
9.82693422782502
9.53161918314079
6.08323055084001
8.46189798648483
13.9800546887597
8.72507318885776
12.1110356999679
10.9394111415259
10.2762853135824
8.70566547366482
9.63238649568689
2.78798016281101
12.0885378057085
8.93872455187695
6.39071722464256
6.35432086162693
12.5533812647044
4.87127835731545
10.6132602705617
13.1661991017012
11.3122293495524
9.67254267331818
12.4326960676766
4.97822022642859
5.03622503226342
11.0419370031834
11.0709897145738
8.01211224237839
9.89729192097286
12.2961868284721
11.3288795280791
6.82983023588663
13.3336797911635
13.8786864444948
13.0484125144875
7.39336652194827
12.0127248662529
10.285654564138
7.28235124785104
3.32399511958607
7.59729432957995
10.6148125871463
6.94838538127645
13.6593622797333
11.3853943499784
11.4991720925072
13.5831326043845
6.40498470311785
10.4220649739902
11.6916400595668
11.5857147252637
7.48284667810151
6.44260363907433
7.27630546724899
9.15519487528822
11.3803411495749
11.6957404125585
7.10623357528054
9.02311290163627
11.7329226685493
9.2309801265581
11.4534843092324
5.22733664034178
11.7267442712613
3.31056546848448
11.9737709035548
11.4783883189257
7.78914495922809
7.03867469928364
6.71592235558052
5.59331987960029
12.4177108214479
11.4465787497079
10.8367249765611
10.3257398013458
6.34543745895536
5.26963876868916
9.98023842672076
12.619930322211
11.1077022902715
12.6370363339447
10.3395410932389
5.25963812330645
6.08898001489804
12.6513626597598
10.7657043393362
10.7971836235409
11.9137611576541
10.7875213373113
11.1927902774794
5.92325251806934
8.92706964279401
9.47371543605585
11.6689652496683
5.75017388496424
6.40388574418598
9.45288391216823
8.04972733900524
9.93464979447531
9.4613335912498
5.69342472084357
9.19881059228583
13.4530327922849
8.25606716380141
11.9124541424834
10.5152028451024
9.5385657976551
8.4539706033748
9.10890476130503
3.02589542702471
11.7518482684458
8.24213306597938
6.73548847063387
5.97303515562044
12.2761717591058
4.16049866774758
10.547431208668
12.5087998797182
11.3167147417703
9.90587001031454
11.7323169856001
4.14855205226996
4.8139208620471
10.6956916512552
11.2812697399884
8.12123529055918
9.29472824572097
11.7691649319973
11.5071030107879
6.88147597696471
12.8827842988193
13.1034637125932
12.9956222621388
7.26873540913372
12.4812878545086
10.5674434412586
7.22930070392819
3.58671315665612
7.54424378565709
11.1149114328169
7.10604640396091
13.1481735858831
11.3943405047833
11.1450054181701
13.5557338016049
6.23938177470223
10.0668130654991
11.499531619723
11.8399733614514
7.57389713060283
6.20264649389228
7.00445099806707
9.05573619992232
10.8674035851413
11.1952471873742
7.27806128100778
8.52261967645195
11.2934872415474
8.86437190682074
11.7191365379906
4.72940615590879
11.3706031575001
4.17889448187907
12.3927361589704
11.814563823371
7.13174573724511
7.29882925722678
6.83847033864124
5.76140319883855
12.4121662665284
11.8440766062373
9.85921215572989
