22.6098590440378
22.5200389796265
22.3869052566689
22.2970851922577
21.9943004902601
21.7713467028912
22.0841205546713
22.3350308846525
21.8611667673024
22.2202880605812
21.8795576661888
22.1120770972836
22.2786942933713
22.6282499429241
22.4052961555553
22.7460265499477
22.9689803373165
22.8607693740189
22.6378155866501
22.1025114535577
21.7529558040048
22.5016480807402
22.4432418479501
24.440349203603
24.2500154432695
24.1818525097517
24.1166727396613
24.0485098061434
23.4807989778237
23.3474562742154
23.5489619113415
23.5563742949736
23.4156192077333
23.6017164069358
23.5261410897858
23.4230315913654
23.9379879240909
24.360537325322
24.2271946217138
24.3027699388637
24.436112642472
24.2574278269016
24.1240851232933
23.6594837933941
23.2369343921629
24.0713306276991
23.735059110544
