8.99998058527368
7.10076320272365
6.02928653834401
5.29505256544298
4.89042576199282
8.7783198363338
8.30736513170388
3.31148610402715
9.60304862079757
8.80352508986448
6.23247694580475
5.65247147149847
5.77452326057498
4.26107699625826
5.5579838098061
8.32832229947385
6.76940649541967
5.15459220259596
6.48082858789096
8.27343014592691
8.49041253566202
8.33204023542271
4.28639489464412
3.9323588966118
6.4958303622248
4.04282066499131
5.67027460347906
9.04587041835822
3.39976154660506
3.5782416538787
5.58490459719791
2.97321769360889
3.12813543318037
7.85031450084581
6.58842649821417
3.9356762257794
5.1355812067787
