7.42949660782811
7.57249162460351
6.69209984104165
6.47635591500531
10.6608447176461
6.90248599267736
8.84609003356384
7.12337086684052
8.65386499861185
7.78465516947579
11.5126843780854
6.93818886714063
8.79686001538724
5.47043960059479
7.59392467811284
6.24675018170515
5.86352586266586
7.33148145984079
8.66961708458302
9.13291755224436
9.45259582635946
8.36734382374103
10.5212851681905
10.6327264281485
7.6724216293095
8.47286685444349
10.8550828479389
6.67574564886858
9.32535289555524
6.890330242241
7.33249153041996
7.79665878102354
9.22263950861956
8.86748094697189
6.126175411567
7.71160801276881
7.34039348537291
6.56377679458763
9.88305107140582
8.17812433452392
9.75765149587484
7.82805910035729
8.19035422259163
11.708956572341
5.54032088910281
7.13209172597753
6.33336089822992
7.29307246159262
8.31791070967031
7.45092966133744
6.03636403006943
7.79966456011372
7.98822734139218
8.09351768672661
6.79519385036523
9.58032279573271
8.82525455563082
8.47286685444349
8.66961708458302
5.51750811888736
3.53073890385805
4.80793856643672
3.19645501358166
5.17768822434499
4.37505211886661
2.60580943141347
2.95016118244776
6.95983671733541
5.73710450136993
11.9089891455292
2.62624466694929
5.60681749832015
3.91069437902887
3.85657928664105
4.37505211886661
5.45865433351931
5.10643941028503
2.04136210031338
5.52305411108021
5.80839919858779
3.96847146303607
1.74389463521713
10.977112358753
3.00189529689449
4.04403947653657
11.1249482278816
5.10643941028503
2.65652941015926
3.58911148067011
2.95117531814869
2.62857828408901
3.43191576614977
3.21231938366721
4.52586168887475
3.777281652885
3.49949112099717
4.46002431757828
1.74389463521713
6.78694707738381
4.54337414018439
1.575700506427
1.99064212156759
12.0691812394972
4.77215552000864
3.81162232342754
4.6213459500005
3.43246375471504
2.43125282482291
4.66730573472361
3.5867778635304
6.15376508532301
3.56634262799457
3.9069982328478
4.66730573472361
2.70442783179824
3.91728651488236
4.79912313211432
5.79813819690925
4.45889070309033
8.0984475523563
2.7909666865021
5.6245574585503
4.38538374185783
5.35530926033391
4.54155372225765
11.0451590751734
3.60727038063639
6.94972631568962
5.34591693843893
4.83760500032814
2.7909666865021
3.80113671327918
6.53447288991801
1.59441705535574
8.40230227577398
7.4304115515428
7.26060274048237
3.29183092300192
10.0055415501813
3.29557130364526
1.35578836155431
10.5580482442027
6.18363382839023
2.95020541691003
6.81816313864758
6.11674918317618
5.89914110538403
6.86078793284044
6.23652072546516
5.96108424828481
7.16464265625812
6.8358041709286
7.75482620419216
3.29183092300192
8.62856506661055
7.90596574961806
4.96306150980013
5.00939014870441
11.5802605478941
6.03459120951731
5.0740580129362
2.86447364773461
4.91401219699984
5.82199435728791
2.62802063512654
4.56780357721749
7.59071224965703
6.54357949181386
2.35906194506301
2.62802063512654
4.85699870653689
5.51170357023808
3.62868357645341
4.20372114155353
3.47964095758049
7.12452309555722
5.0005510517037
3.6079716617591
3.40613399634798
6.46785527672493
5.68403277567325
11.5237253567961
2.62802063512654
5.35530926033391
3.13633257323733
2.62802063512654
3.77021643201195
6.01072107848078
5.49298702130935
0.615167309845905
7.46988898229245
6.24958010576532
6.43381106304424
2.58364146499907
10.9027702695669
2.31632155813541
2.33503810706415
11.0461139286687
4.16523927333971
1.97095567140019
5.45825581501982
4.76958154394143
4.49772261843871
5.47327786646313
4.84901065908785
3.75149988308321
5.29943652757673
4.81921837413741
5.77975157071851
2.00142464265664
6.80562759029759
6.10487007366252
3.61706260674036
3.6079716617591
12.0683262323602
4.44017415416159
4.09480826742637
5.07405801293621
3.31959514164412
4.42421565720621
4.83760500032814
3.58855383170765
6.59494599250054
4.5685048583402
3.33831169057285
4.22243769048227
3.99155606887971
