5.3636650784222
3.2096007572577
3.58628500057311
4.71281896199621
5.89995932380441
3.35539916481424
5.78745626424647
2.48318923782834
4.05814194041305
2.43594117227484
4.63674939867002
3.53851281821241
4.81695236585408
5.47162938743722
1.70952965284548
2.88383579662926
6.55463634538756
4.41630580705315
5.51940156979792
4.52970530859803
3.64264622207028
4.76059114435691
1.41156143999097
3.00556593595454
1.21808818413318
3.38973227103926
2.95445836886659
1.89635809549028
2.81686269964619
5.35206023749568
2.85016698888704
2.49686853670486
3.91184128378446
4.49163079900129
3.86472041790547
4.40428570005768
4.843362838246
3.95206551684907
3.82449618484086
5.23855681682113
1.02891016547744
0.678269911357106
4.72985941757145
