17.1193124439034
20.8049860219509
19.3088051332291
20.2896698688739
15.9545746151098
18.5620699910545
13.2509392781395
15.598329572389
20.1847722422217
17.4756561832364
13.2444271660866
15.5986645217562
14.0956006835455
12.7876849015235
12.689329467118
12.5559403335088
13.3006868429151
20.7051047893104
16.5854135430259
14.998372979636
20.2173401664757
17.58460501298
12.8078924784669
18.4906299348735
10.6993407691383
16.5878230144196
13.673367118023
15.3176749076162
21.0858472882206
20.9421749352216
15.1824316238125
17.2336882307909
20.0219046951828
14.0236322692793
12.845108710051
20.2453369119724
20.0788450635883
19.4241500287449
17.0840103499089
17.662073678217
11.8417488859342
18.7480453973352
18.5479101606277
20.7633685748896
16.3743335374605
20.5739018436491
19.5943970071846
20.1109730390469
17.1025743663725
20.5739018436491
19.6464370358155
19.1564446279189
23.8488391150058
22.5436802941856
19.6897055105824
19.4357351825904
20.2869197590975
15.3523503750792
20.6242544785634
15.6222890368924
19.9642224074647
22.218919066949
15.3544636891899
21.4606297971291
16.0191783433883
22.6100017758015
17.2287363487131
18.0156788499698
15.4302616652525
15.5851945375019
16.8889268589054
17.1316288429822
17.1204702701277
20.0635101749193
20.0994718361742
19.9273744796326
17.5933941790103
22.5220713317383
12.6278962896586
18.1875039366983
14.1786411567579
22.472534947387
15.9534673569428
20.3430595621262
21.706770494621
20.4198533241366
18.0921307747274
12.2322160913436
11.6903921240437
18.0216335633034
17.5194738971765
20.4621648898379
18.8831593585167
19.4027414804528
19.7835560621547
19.8156251597323
19.1211035718944
19.1063549981481
18.8041193905292
19.6221612178675
19.0645933312183
18.91080675771
19.8784700719247
19.9864558201974
19.6015017953897
19.5017205731595
19.3127507951976
18.7449956387049
20.2271008891684
19.7049236318076
18.7083261104469
19.0361576010158
18.8607212642292
19.6282187870302
14.7908746078925
24.3881185049895
18.9483519905699
20.2168890847495
23.5437375033603
23.2397697803992
19.2013660602848
15.6095578639852
19.2116471728679
16.1195715720419
19.2128653485249
16.1057864154468
20.5797351003754
20.0544702509947
20.5633417455568
17.4115778484856
20.0081808605095
20.4127766913444
23.523574989185
23.1863580901911
21.5942792141221
21.8042274940536
19.5055630123359
22.0943427572624
19.901750870676
15.7538965680796
18.7654854759594
21.5414187972606
27.218671438518
26.9933498071628
23.1291211702902
16.6374758071407
25.8620745631456
18.4745114061958
19.8002482165416
25.6991710497248
25.8464238572781
24.699091224904
13.9503243589593
15.1938646622634
20.7881109481992
24.589242151153
16.1671740786729
20.5796531000216
22.239673837141
19.7793526804062
19.2926668381226
19.7105527553543
22.4970269132648
19.46142522511
25.1555923716803
25.636806821723
26.2063604664525
23.0630390555902
24.7487331413769
24.9226523392908
24.8551123194607
22.8018669582578
19.2154687786217
21.5223695671242
24.5146793508833
25.4923001393086
23.7095450637236
23.7831388536351
15.5155745391224
25.4106579891501
23.3227875014264
23.183828823392
14.7058938858522
15.9833102464347
16.1026995658778
16.0229676849512
23.2704765242695
19.2661371397072
19.229645028501
19.1576652816929
23.0694822869643
26.0893789180703
19.1538420469117
23.325193454155
19.2265839521648
23.3778322035163
21.5872115923507
26.6360211790213
28.3854873749173
26.9903431655391
24.026471981017
20.592089815979
20.0109881527573
22.4673573270101
21.1287781818683
19.1688116903351
15.4737555372082
25.881317553843
19.4202149488418
19.9903951230749
24.1874886023041
24.0712750739955
17.3388541139343
15.956479933695
20.353887256419
13.9418563686013
19.6320903404552
15.4738149411075
21.2647510912704
20.1218851274339
20.4008751299051
19.4409197524338
19.7886157550738
21.0792689809205
25.3170383253633
24.1629287839545
23.0949086453374
22.0966821343864
19.2859979069002
22.4229000471141
20.9770968326619
15.0752512486619
19.7333769008598
22.99119500971
27.241960769117
27.4338835149842
23.5214704155985
16.4510842334376
24.0247401549562
19.3774905032664
19.5545414887872
25.6544916539712
26.7438941306824
25.6187994391426
15.9717040823879
14.8030241630044
21.0598648609448
25.0156398449483
14.0380973910588
19.9439887589266
23.2219683160632
20.3157399924555
20.2087922604788
20.7482571313466
24.3134342071853
19.9978125371592
24.5001293921649
25.4667776319405
24.3083947386563
23.2223118794352
22.8214303572995
24.2434139543351
22.8791587381828
23.5555559861749
19.186879718449
23.7164174844811
24.0898119893581
25.7548353853319
22.4107222880436
24.3091981393316
15.3046745250495
24.6108607626331
23.6395000230923
22.7692263028752
15.0096856394655
15.1849274676843
17.0017900862942
17.5862354920455
23.533758863614
19.3572848557192
20.6203328267525
19.6217738173029
23.4353124334996
26.57225690219
19.8822869597109
24.9379035615313
19.898908069327
20.9524809219525
23.7212542248929
27.1156156831232
26.2777744699064
25.9757185914254
23.9867341502242
20.8571286641587
20.982291994439
23.2804315817302
23.2193658914847
19.7752087507702
15.1873958619839
23.7272802263377
20.1675566427059
19.7998821012862
24.2185675619961
23.5719073018391
17.0599636375522
16.36717140951
19.271325964934
13.6692471842006
20.3556138703496
15.5598095183719
21.5161581036999
20.8222078789987
20.2106200359128
18.8962543724327
20.1810720912371
21.0810492874232
24.3597543221821
23.9973470464304
22.6499289840938
22.9828763793932
19.6784542430635
22.8028101432978
21.4084949477925
15.5115684464933
18.397828360833
22.8517401213272
26.9198175559518
27.4025215279891
23.1754078847295
16.1243413920106
25.0765850742673
19.8281355794761
19.8795576408751
25.6234513832415
27.0969622968701
26.1398565029829
15.4118069701474
15.0897190721663
19.948839285811
25.608319690227
13.7902675204259
19.7336822884261
22.2688169201337
20.0039794108428
19.3037742311005
20.4364965497339
22.7436058786832
19.6860519555465
24.6988532027741
25.3572382571612
24.6244832263864
23.3254637344918
23.0519062178888
25.2614636556044
23.0825290051004
23.1610270749083
18.9824662748368
23.584399426131
24.2015870169251
25.5968295270169
22.5921996424876
23.9146692280651
16.2297249521528
23.7436068700402
24.139353641913
23.9649532739877
15.1705685449129
16.3858465886103
17.0373058038331
17.6507532936676
23.8419456044738
19.4082493332445
19.8242894162462
19.8431809088914
23.762721665316
25.7086023444517
19.9459368976596
24.2205181387166
20.0961124901512
20.7037897421741
23.3110754541664
26.9698756192307
25.4261931761074
25.7084211514643
23.3146709948718
21.0668833279454
20.4990745888494
22.7183177181043
23.1955638829535
20.0674772218299
15.6043958685368
25.4004202070826
19.9038838415505
20.9650361003233
24.0381661050794
23.6415407286721
15.8754931399585
15.9127302367123
20.2035564636852
12.4847766866069
19.8796408188955
15.3968471886331
21.6642693282571
20.1015954557308
20.6163995898583
18.2251924237083
20.314433874039
20.5704711203454
24.890655904105
22.8611351718604
23.2830261128405
22.6787507977268
19.8118160258654
21.6831635759303
21.5346930347332
15.5849465865857
19.3048811599226
22.6305544493803
26.9599586904676
26.8632386838867
23.1641100238484
16.2009785866741
24.8032105435207
18.9613623138085
20.1027942485166
25.8567139422353
26.5791073122175
26.2076865537697
15.0879466850197
14.8825629844729
21.0383887611609
24.7156289671638
13.2966207226002
19.520140364037
22.5818191844022
19.4441482201927
19.6158197123601
19.8766653590838
23.3593496701591
19.1262207648964
24.9861748116434
24.7990639818586
24.1777114246678
22.7919177235806
23.8003987845786
24.9207874716834
24.7804955778936
23.4741661335841
19.8812617706492
23.0006567495455
24.6137045225585
25.5128463292262
22.4280864477255
24.2040224189331
16.3800242680012
24.3395777061672
24.170092776269
23.8434617915136
15.5407649339311
16.2555847190184
16.1096033221099
18.2051252156252
24.3257718337007
18.4563256794425
19.9186907362267
20.163106287127
24.8353704244626
25.571909267735
18.9938545933533
24.2832418760113
20.0420725766333
20.4763697181133
23.7253164966262
27.8182447098684
25.6224430484873
25.8344880022185
23.0536624571508
21.5132528309092
21.4176797112418
22.1085085120296
22.6248941795124
19.7815480885314
15.9799677473039
24.6123526684389
18.8916549743539
20.206990478281
23.4286091334717
24.2690340405323
17.5884284571895
14.7895059806797
19.8618635940594
14.198126224823
19.7101095202906
15.4220332280048
21.2121151285996
21.3682612910105
19.2594057132683
18.9800973153831
19.6427386538471
20.5485067601579
22.7709390214618
22.9542796557039
22.0974819946395
22.0381482986225
19.1401208056734
22.3796159491007
20.2791647839113
14.8058840563157
18.3498456255716
24.1405090111966
26.9325989716106
26.4846601680365
23.974117317698
16.0891341869475
25.2194190687779
19.6466201228867
19.5339303183873
25.2883074028835
26.2582812501259
24.3308167108769
15.8419464788811
15.9598279719632
21.5361644159462
24.7597422887854
15.7202588226064
20.4038198908439
22.4753203891092
19.00782015819
19.5511652576272
18.6903272677836
23.7781631782447
18.6898927028937
25.5137631350672
25.7588609101973
26.502406634574
23.3594195764078
24.3570480863242
24.3559404483087
24.1009505453349
22.7805014994286
19.4789458759865
23.0109044891628
25.3383202716307
23.2021081034794
23.4384137613663
22.9795558950907
15.0301428565357
25.486346891933
23.0557428938247
22.9236773285313
15.1960475794262
15.3568432404239
16.0045819773267
16.2315273694938
24.3543471707715
17.3485889771225
20.6287354199694
21.1541733021307
24.7601485718551
26.3935718319738
19.2099510994405
23.611657798263
20.3825788666683
22.0161732147043
22.1654844984253
27.0469819929781
27.2649194556588
27.3685827655062
22.5795318401566
21.3205135777384
21.2030114582403
23.2987164072902
23.025915896659
18.6055317769633
15.1911405111925
24.1090141007033
19.6552771681583
20.1117558763545
23.8049547716025
24.3821398010864
17.3505512596045
15.8720608727297
19.8354363719827
13.8829743066416
19.9775251059762
14.9225059013294
20.6465597797901
20.736578051972
20.3390155897798
18.5983579491901
20.4706730198388
19.5449072435631
24.1653776401095
21.9653724731381
22.4082538500161
21.8182129942989
19.9680551716652
20.8639905153286
20.4978125645619
15.5825726623294
19.7767563608108
23.2712268081876
25.8560421625476
26.4833463436929
22.921642068113
14.8899027245544
23.527855667834
20.0357612987423
19.7416616798794
25.7145519988425
26.0729627389412
24.995957374219
15.7048978723357
15.7444877678561
20.5489346810598
25.4639000036175
15.3003302587135
20.3012163156433
20.8078060695269
21.3270409405713
17.6967866735128
20.9750689605302
23.3968839361087
21.009113485275
25.6933596957242
25.934491283643
25.3136834042354
23.8405406475064
22.7609488634629
24.332749895998
23.9781735604771
23.6761517932971
18.2195190753189
22.7596793126481
24.4062879581594
25.2623526285241
21.3588300047641
24.1045741152832
15.0337278398293
23.8364109188651
22.8176852206815
22.9392450006342
14.0737777868309
15.3478777372464
17.0304758144473
15.7146904301679
24.0734001875997
19.8747470159431
19.538515882805
20.6468538514932
21.2579684342002
25.4676081253131
19.9259136728174
24.5359672122104
20.2603811020258
21.5129618806685
22.3236878732401
27.460738985088
26.4739104063632
25.3950452563882
23.2460073585006
21.7653531526272
20.7230931273711
23.297593622081
23.0127577457089
20.0724814626832
15.5988012479905
25.0634044318467
18.9857309306123
19.7326488155478
23.9342540932988
24.0033880877656
17.3745146446072
15.5036703702723
19.4714925574109
13.8885390114821
19.2804283014036
15.3376324923145
20.9782018911815
20.8120839222942
20.489921573778
19.723449879753
20.1175035243035
20.5587221493352
24.916887527806
23.2832763447816
22.7658882533629
21.3206338799693
19.6148856761299
21.6545926574978
20.242551503558
15.3648414068388
20.1816432555021
23.395177718427
26.7649594758052
26.9599930048914
23.3700885917995
15.7807453678281
23.5746192920324
19.8261314518802
19.5873873339985
25.206511778495
26.2788613916589
25.5007785901524
15.7286271503821
15.8466412286286
20.9245668939761
24.8336449076642
15.081714456683
20.7380829949241
23.0335680736703
21.1013128220859
19.8767615263767
20.7484967348837
24.7136706130702
20.7833853667896
25.4105884242236
26.3250948506333
24.8804135106278
23.7720238288281
22.63668456666
24.0587004372516
22.8334080557388
23.5948602733859
18.9137465938158
23.8858998668384
23.9967725455133
25.4357592929759
22.5596718013835
24.0572020798573
14.768324073582
25.3857797079869
23.3854458684496
22.1761520514461
14.7439258655499
14.592286266988
16.828925813692
17.4133712194434
24.073917612863
19.4532993285226
20.2980999689969
20.041849000826
22.9220721415828
26.3866673160735
19.73109565771
25.1714373865247
20.1203171304066
21.4802383736786
22.7740698206469
27.2706332256953
26.44496096933
26.1502190176665
23.6898236213413
20.9098127908
21.0349761210802
23.9770155308719
23.6586689947663
19.4864045631291
15.0879000791595
23.2353338130736
18.067746411459
19.1941728066107
22.5455599789025
22.9048387037617
17.7625239130786
14.1301529861733
18.0172361065153
14.3726410797276
17.3894068933551
14.9376652990687
20.0111408618647
19.910227157979
19.5895965945556
18.4689310202861
19.0919743521025
19.7432532299911
23.7511686382623
21.8421503973661
21.749024431553
20.5402802721177
18.5893565039289
20.2735895429542
18.9670478884799
15.1147423140398
17.5813542281311
22.115718980287
26.0818504517753
26.2775816919099
21.829018764858
14.921196355299
24.5985607871923
18.6094710914728
19.1680281782488
23.9335916887602
25.3513774779683
24.380562638539
14.5615082301859
14.0903422703127
19.4105319865768
23.439727001435
14.8692706900484
19.6275348665184
22.6895389702281
18.6749700874652
19.73308079264
18.7672173752863
21.5330052647001
18.3570426321689
25.1541549409335
24.3031580107813
26.1112679040153
23.0745269703202
23.1863579459488
23.3696101221216
24.3206549502191
23.0093177074316
19.2419145604151
22.6331227572256
24.0998366526618
23.6951001842713
21.7927581369158
23.3840586445803
14.3163469786837
24.6954544267262
22.2508434879066
22.2057080886164
14.1756547729717
14.6685539307857
13.783234641417
16.2309794716501
24.1765520975374
17.5750402844409
19.8036165754896
19.6801387177334
23.2277674502325
24.812454495901
19.0041453700163
23.6290646769025
19.1758715292528
22.736289160991
22.0896343784374
25.8787519604719
26.0554170913442
27.0520326937459
22.1854611658546
21.2857960282005
21.3776980212975
22.8555732873856
23.3746528269124
17.5352848209103
12.9576882409556
23.6803824053991
19.7697131946485
19.8366684935711
23.0180493982817
23.5301099872257
19.4155886606999
15.8090939993668
17.5275858428539
16.0257058273489
19.5060888867302
14.8527594171732
20.3138868214477
19.9982194328697
20.5524918744148
17.6299274170246
19.6773396588717
20.498190871922
23.6284788277568
22.9373544975281
21.6210758418238
21.6916862419489
19.1747218106981
20.9769800747572
19.4169055310619
15.6381983994917
18.0631865840258
21.5448439641425
26.9368826003738
26.581926199011
22.1915706100095
16.0162813139008
27.0207968876324
18.0203340989968
18.5881782191159
25.9323408561304
26.3229192189646
25.2501192333854
13.7081383139478
15.6846686628622
20.2104855404582
22.9658566433344
17.0046666046522
21.8146250226458
23.1486860681403
19.9378649265503
20.0757208731679
19.6304451211482
22.1758833691026
19.619937471254
25.1510657852541
24.3665716785496
26.9645297060169
21.2770299965591
26.6498218608275
26.3895009091442
26.7059972469479
22.5273165758122
18.9712926164143
21.4470924227973
24.6501336245369
24.9589494725206
22.352955297992
23.7740246510557
13.9256668012943
27.2513009058873
22.9487026386922
22.1995124003023
15.0656449906465
14.7258754356823
15.3388217913312
14.9779135992853
23.956349524138
19.0696458617876
20.1404193014251
19.7431280475334
23.3054866494937
25.2429110757748
18.6905797039112
24.636311457662
19.055457351607
23.3392409113116
22.4653943577209
25.1984804767107
27.8408410896065
26.9977472918624
24.2796728137323
19.2832613368802
19.3485905927883
22.2041860139021
21.1866628385857
17.2525179143172
14.0341744427785
22.8926986482032
19.1302329245603
18.9927760835683
22.3963396733331
22.7497076964915
17.8128488686904
14.6817671847015
16.9790348016116
14.4225466363239
19.7537882605222
16.3202664167093
20.0942951791023
19.9801101178346
19.0636954035612
17.0331298527273
19.1784612148928
20.4738867876679
23.0828404863243
22.5930192888937
21.3007766835082
20.6217078252078
18.6758433667191
21.401536527144
19.2470834190595
13.1140521569415
18.7344188291765
20.720112201621
24.7928688747975
26.0077396093467
22.1022905402119
13.8749913892463
23.7907657842904
18.2952238374342
18.9752595431863
25.3784347894433
24.6467461234044
25.3348138717687
15.2747032262137
15.4619739238086
19.8779038587146
23.3781270094958
16.3363488358258
19.8399728855995
22.3014502184953
19.0522081680849
19.3600865819291
19.5053364222686
21.9135347142441
18.7342807127886
24.2716538708149
23.9332214099405
25.9776584933589
22.389834435532
23.8606867974768
24.1946192137304
24.2318867929036
23.4767763829467
17.6786452942175
21.7869178108721
23.4715788883022
23.6861750182706
21.5246784425814
24.6005023772015
13.4359788261642
24.4588625546736
22.0061925407025
20.4865311323823
12.9090708450776
12.9715136742898
15.828070243108
15.1874390678895
24.0299789943543
17.9610844723628
20.1624180877678
18.5138039589915
21.8271763444374
25.0963203464641
19.1997923074284
23.5949155786609
16.7621308326862
22.2116403929128
21.0872730441788
26.1368451480865
26.7710015543832
24.5874146054434
22.4918113661191
21.0329186163635
20.1270796909675
22.0091438461987
21.8868941663827
18.0801846815576
15.4119930083667
24.1935577921612
20.8886989167637
21.0376210869777
24.1850009012813
25.2747348870739
21.1578284803923
17.0407596393709
19.5189831748273
17.8571039702792
20.2194540451128
16.3511502477181
21.792125496498
20.6400589909104
20.7084276756881
19.636831274984
21.4029002370703
22.4074903750611
24.5410686427607
24.2553798238226
22.0510185890975
22.5276815829365
20.9002823888966
22.4734628058209
20.9978538401923
16.3262669396819
19.3837567006165
22.5907966531825
27.4519700052057
27.4023105520757
23.2681873265078
16.7952322545531
27.8306095960747
19.6649590876896
19.4090161031492
26.5148968677657
27.0072725828362
25.0136570474576
15.7760710603347
16.3811196094999
20.6446003534434
24.3729633642043
18.1216917972675
22.864305597572
24.5466979320466
21.265475602575
21.7888754714657
20.957688339613
24.0062249293758
20.9475481472787
27.9177591928797
26.9856891527796
27.9997713896099
22.3589152907711
26.6423194284535
26.6591955691628
26.8434921263702
24.3252506902875
20.6829763824139
23.5595147385595
26.1478210193967
25.8121859425348
24.0363524765908
24.7263644185133
13.9380555927005
27.9251571376678
23.7085791526844
22.4229039089393
15.3229551677368
14.9557658821176
16.5752001287306
14.9633955503141
24.8296227119749
20.8771487950142
21.4731512326338
21.4407239378181
24.5614694745075
27.3495085181755
20.505151666278
25.8821160831001
20.1957880748949
24.9632098699459
23.5526277845677
27.2557948998664
30.3958870461796
29.5519328001515
26.0464976993329
21.8197456880329
21.8850749439411
24.1323884465006
23.2633185761188
18.5798002482604
13.8059326042016
23.7047903221827
18.7915610543275
19.7782668762162
23.0780837594461
23.6258678259156
19.5021627613322
15.335219199504
18.0018729969196
16.1122799279813
18.7650696632717
15.5349794879312
20.5681471607912
19.384753557684
18.9587043739826
16.7515250935111
17.9613721880136
19.9800634500343
22.2400081624669
23.7619440376963
19.5859815928158
21.8408407612462
17.4587543398399
22.1367607675285
20.0473779859528
15.4393450208254
17.5372248491455
20.7761435278621
26.3382822413068
26.5094648851233
21.8529320431897
15.5835477712727
24.5730554248145
17.8636235312442
20.0108895018404
24.3381677754152
24.1890391133405
25.930220550706
13.944559852125
16.6647433439482
20.5265491380583
23.8706376954359
17.0713185680238
21.1215068271966
23.0464116010253
19.8391502826141
20.0995357417494
19.2581420699192
23.1797901318242
19.5212228273178
25.818283532612
25.0818212839069
26.9005096148571
22.8719990395672
24.936366905606
25.1760207694771
24.6026785520919
23.6895981927711
18.0707976300053
22.1855690136778
25.4194946514226
24.0572986784012
22.9345926452917
24.2053638424621
13.3945356192241
25.5148841343271
23.9200421701568
23.5402239805768
14.9894960004644
15.9762218142989
15.2116555958451
15.0890639975337
24.0750824630532
19.9175844264957
20.1318631109093
19.9459341987868
22.8515730673741
25.8296555142816
19.3147143175372
25.0198758715901
19.2032907000469
22.8384770551975
20.1181545737531
25.4083493208168
27.5391923771247
27.365101987651
23.8092252238631
21.1464640875451
20.1626744161251
22.0227483059538
22.1943485517193
18.1103321595224
13.5232787683204
23.2747251823262
17.8453175737148
19.208360231249
23.501021467954
22.4847619988892
16.2492628522065
14.0184459417446
18.1159257272884
12.9318327377578
18.7805875852442
14.3571902318364
21.1223233154229
19.6667482219478
20.1412429802103
17.9372440906452
18.5640521726025
20.9639172167104
23.1815712119812
22.6349160799789
20.8640524118976
20.1011973597394
18.0614343244289
20.8340103990029
19.3658046429539
15.5851718073194
17.4067297891846
22.2788582688392
24.8135980393935
25.5136409321907
22.7145327055036
14.0447677053425
24.8542106823188
18.2352953927495
18.3755085110711
24.0049224441137
25.1765638492941
24.5290183530352
14.484146534964
13.0987362233866
19.1780676113335
23.8756545775538
14.0991679885976
19.6233378058994
22.6667759250049
18.0912934115002
19.6340543093941
17.6001253821442
22.578513647515
17.7733659562039
25.4821465561188
24.537435042172
25.9810295226733
22.8337155269466
24.1021326134133
24.4261018405002
24.0856918278164
23.4017097394472
18.7361100863656
22.9145298502516
24.6081857505763
22.8177072414466
22.3926878791623
23.7886578819925
14.6429572386977
25.3495250263484
22.3467858750854
22.3060727880427
14.5230910345156
14.9297843998473
14.8041390870015
16.6957747289594
23.8397522959759
16.5454450292869
19.7006481660716
19.7630478613063
23.0294518385399
23.4828088335702
18.9757009781503
22.8785304695987
18.3003470707711
21.6330658597434
22.500391470922
26.8769105286439
26.006644005027
27.2310774231499
21.9040947873417
20.6822358495388
20.7263688844746
22.635250543498
22.6329265766798
18.4510822861533
13.8627972243731
23.3603298016857
17.9851345579989
19.2151275823141
23.4987106905177
22.5455042061479
16.3650962681241
14.1353162186706
18.3301081869673
13.0476661536754
18.8183586387042
14.383156464734
21.2588489119021
19.663338951229
20.0917414806001
18.0488358480869
18.432457510299
20.9384328945682
23.442265299567
22.8482751494148
20.8270499868645
19.9866720293406
17.9298396621253
21.0473694684388
19.31225718336
15.575617824347
17.326558907541
22.4484321543888
24.9270728518508
25.6326788710005
22.7253138804681
14.0324563316734
24.7209996117697
18.0445457319858
18.3213511319998
23.8712971525794
25.0429385577598
24.3966513896473
14.5481470009639
13.0923332614807
19.0615000912927
23.9363967848125
14.0927650266918
19.6796483251067
22.813852077762
18.1633608316736
19.7903245598713
17.5086456524936
22.4930569941314
17.8454333763773
25.5712133384652
24.8155184535669
26.1377709344815
23.1544049717989
24.0495185531606
24.3726329186835
24.0317871658613
23.321175984231
18.8942344730319
23.0054236633104
24.768838703428
22.6935289381072
22.4840118456395
23.8357506168815
14.4974233842983
25.5816530914409
22.3564393739354
22.1267344629765
14.3775571801162
14.6055883004273
14.8444010281085
16.7356119619208
23.9596343419468
16.752817814362
19.8854603001644
19.935216624846
23.1673088068325
23.6928948753487
18.8166390440384
23.0742996470931
18.6219008342599
21.9550136327421
22.673367088588
27.1542040348692
26.2871976338475
27.5116310519703
21.9391343560137
20.8722514061794
20.9163844411152
22.7506099573694
22.7482859905512
18.2974636615849
13.7154729323112
22.9573418626569
18.7027300100139
19.0955823688557
22.5988222843496
23.3367980228091
19.1956326479974
14.738215474786
17.7045496996677
15.7986349026643
18.043748900829
14.428220898289
20.9135781515131
19.1957500422052
20.1251560353298
17.0275845740246
19.5609094888754
19.6235782374895
23.0670572472969
22.5603791619058
20.259462614895
21.1183542232768
19.0582916407018
19.7785761408481
20.1837474118485
15.3086856619354
17.474703564891
20.8336299852653
25.5680659484326
26.6403347840607
22.2599180078574
14.8008016757533
25.76121355047
18.372223797964
19.1832384900148
24.2095994061828
25.2788473713201
25.8543002622051
14.1193267711196
15.7478191986713
19.3346772521979
23.7965532331058
16.1288956265896
21.3102292460151
23.1795484547065
18.717944946747
20.1753956405875
17.9412250408982
22.2185197569916
18.4000174914507
26.3548559708463
24.0221053084765
26.6653318161695
22.5247574969878
24.3808209047084
25.071654619611
25.6731422827941
23.7589344049696
17.8610322242351
22.1957560010745
25.2156427658792
24.1171336947437
21.3724671564908
24.0282688534976
13.5856812424498
25.4156774940768
21.8673085252704
22.902850703043
15.1444992548739
15.2904430604802
14.4939781087523
15.0759164830286
25.0154089467294
18.784687661253
20.2458112622894
20.3609352354696
22.9585064790115
24.6067923580037
18.4247761580574
23.8739233776399
19.3386026237386
23.1067612531051
22.3516024504834
26.2444919007759
26.8918382282303
27.2091886315362
22.7169919260155
21.819512540345
20.613530108961
22.2802826299521
21.7154256960337
17.8777849530543
13.8184639448851
24.2996831530522
19.2869513522837
19.6887345759552
22.2187886943959
23.8403813722459
19.8008073994131
15.2152939208519
18.5410363679037
16.3783050249468
18.5769323897065
15.0389713892285
19.9082434978844
18.23454134654
19.293045818762
18.080108545855
18.2771125865788
19.8612338541032
23.4122412035245
24.5723494880604
20.1014532789623
20.98850664813
17.7744947384052
21.9338818725575
19.5971843394667
15.4695983932503
18.9277876886685
20.0998193433676
26.0574847010951
26.6421375031155
21.2406565928696
15.364696038979
26.08357770476
18.0376757300783
19.8752666160739
25.0441566041487
24.5397965061146
25.6743651304179
14.8416830196924
15.7023452905551
18.5272806746472
23.8568294896736
17.728510460055
19.7635510177804
23.1890141306686
20.1162489468722
20.1122410282642
20.331192908312
23.5835551960883
19.7983214915759
27.5112244740516
25.2152102074768
26.6033521487989
21.7378967160801
24.7347529719444
25.3844636386632
24.1467632794942
24.4324260082047
18.6489528889454
23.0612469931964
24.3634413224978
25.0254230082325
22.6742008694992
25.1070728086412
11.8934095152888
25.4803478100054
22.7085295265168
22.4167419979057
15.0058944529417
14.9154722036192
15.4406712121658
14.2565245226548
22.1023937844711
19.7805161685667
19.1557511861488
18.9555991971532
23.1789209841228
25.5605407171626
18.9420410753824
25.5460706911278
18.655281916662
23.7795413152363
22.1929222201505
24.222335504683
28.533227891001
27.721301373354
24.1852028782878
21.0809241824573
20.4767287063478
22.1822990853993
22.312293650764
17.4334183026823
15.0624602564795
23.6419784758632
19.7445101816231
18.9178831329997
23.8321257606637
23.6493301653804
18.7647289010154
15.7436728598392
18.1283333051628
15.4544136985489
17.9582434408589
15.2967796847474
21.2558866429101
20.5473406778212
20.7437998065447
17.6546008299247
18.954586376277
20.9014626651323
22.6923436167447
23.7980103570615
21.1200869353062
21.9641608019842
18.4519685281034
22.322465495093
19.0604991372469
16.7519184798312
17.5788672026868
22.3626428329966
26.7717667227946
26.108872087635
22.9417593177278
15.769213722434
25.862251628604
18.3576047669557
19.2630294724169
25.0318644817142
25.5313545884931
25.5158998207524
13.2549061047775
16.2959846291539
19.9163377081262
23.9390156646518
16.0207813484749
21.4121035495964
23.9287201172093
18.7466551873305
20.9450165791861
18.4148778322587
22.6884043249926
18.4287277320343
27.0066927878453
25.6872364517268
27.1699614647583
24.4427599085344
25.0093964620215
25.675218878839
24.0299083993032
23.4764549352174
18.8744194501584
22.680421837604
25.1361319653927
22.8653081554508
23.5978019531036
23.7345649358723
14.2446123487951
25.8410197821097
24.0154519241448
23.3812959216244
16.1452100019471
15.9972942470598
14.4063031750884
15.9078377477818
23.6956441053886
17.8565701026163
19.5833300752284
20.5616197462197
23.4377171775885
25.362284801055
19.3928806256683
23.2105836901977
19.4915760303522
22.5447046820687
22.2188350909742
26.1173176821627
25.9799334895575
28.037460630498
22.2308538000559
21.1324706585383
21.4608892793852
22.2013052563519
22.6851810766138
18.7928390278579
14.6801399316489
24.3773354795377
19.9332300786661
19.7760040149272
23.8258922510999
24.4307892517798
20.0139677923232
15.924131745479
18.6691300113619
16.7045074514206
18.6670145040276
15.7098713922454
20.2878488161534
21.4988514021282
18.6738701771551
18.6577466690072
19.9702107066057
20.5267173057687
22.6305984602611
22.6259794205271
21.7270450421695
21.810915504884
19.4675928584321
22.5698771312908
19.4059266825778
14.9993974681487
17.9756165769046
22.2817698451926
25.7536336394572
27.0616643534366
23.8420632428511
14.771174975503
24.3380026964334
19.2372906626037
19.535533675851
24.3127078089721
26.1510966866626
24.1111388093369
14.9622376535961
14.3918288731253
19.9058607216653
24.7467865943537
16.6300799775227
20.7857097312425
23.3285348832335
21.5668560297775
20.3473009022043
21.23465396656
23.6430470274544
21.2489285744812
26.1351226245069
25.8634430275908
27.3052642209061
23.6037655691636
22.545121828158
22.3532351932496
24.0843520690156
21.4978557356699
19.5230165932718
23.7147483163763
23.5594665202978
24.720282647908
24.5569258344037
21.7716464252014
15.0550048785219
24.9114042183205
21.7973744941276
22.6008092328926
14.3467009076179
15.1934355414144
15.577670415506
14.8762292621905
25.0628113563546
19.3066963204693
20.143992131181
20.0264636023006
24.2436025751949
26.5563049361416
19.8582289320749
23.4349192836194
19.7973611054006
21.5699463305512
20.5380384790969
25.331983240989
28.1371511766547
27.4340866270249
23.6362307928481
21.71937370396
21.3000031955163
23.4052667660613
23.059681735427
17.3730445015812
14.9347473454683
24.35817781059
19.7784903373118
17.9452825253648
22.652099898533
24.0768316431699
19.0563847871251
15.6160728588463
18.833757949311
15.7244145689466
18.2383489849562
15.1058062689187
20.586328370514
19.6713508920623
19.9498700184565
16.6920443521266
19.7308456186479
20.1134111495897
23.7445119186296
23.2378009981306
20.905698898793
21.3456557840014
19.2282277704742
21.0806142912598
18.9351702922558
15.2800415391695
18.9914088522278
21.3001203719653
25.967425708938
26.4605949257593
21.8518228919708
14.9302220900147
24.5786643114181
18.5110564504062
19.4239507662404
25.0238992499595
25.0776998676639
25.2973701040527
14.66295122089
16.146192881908
19.3801609805231
24.1776527283296
16.8340515344113
21.2968791100003
22.8897415413482
20.3560613367268
19.896525434574
20.0242839816549
23.169728793078
20.0381338814305
26.0426915818377
25.8502952598781
24.834901187004
22.9960873137568
23.171159400441
24.249583497408
23.416233317361
24.2724549087061
16.9133291747105
23.2023020487934
23.819894070258
25.2775025677308
21.4930144679587
24.5309329088222
13.472272035635
25.194378768036
21.5044128512303
22.4482433844383
14.1714825237861
15.04086969296
14.3188799116355
14.8591122362533
23.1726442930303
19.5269275619951
19.052745345658
18.9754685512191
23.1126201574447
25.7677864218338
18.3616567218787
24.7160641259404
18.8028410990798
21.6627884986882
23.060289263621
25.8429613406694
27.2728400487339
26.3807689328861
24.0098723406757
20.2553460173926
20.1018474690561
22.9885266842412
22.4411668005051
17.3137188886772
14.376406225758
24.1430111216031
19.7998335651705
18.2384312656555
22.3836329591579
23.7301956695632
18.8094057892799
16.0978078126636
18.3133308993255
15.5003811885157
18.5758666690469
15.4632614391891
20.9992487873562
20.1764108008629
20.2324371827691
16.5048486540373
20.1391978042397
20.552066233216
24.0721171022169
23.3722750920552
21.1202094487422
21.3338052761254
19.6365799560661
21.7565485816099
18.7663464578951
14.756280988911
19.1518171911377
22.5410456829184
25.838117788389
26.228634331802
22.6724687594726
14.8033558099842
23.8583310569431
18.9205227340145
18.0842821627099
24.934881584645
25.39653148828
25.2902836645153
15.2489691898815
15.4772983382696
18.9757531831856
24.5035733079917
15.9942166269276
20.7260769534661
22.7574889164703
20.9606811494977
19.7759273779052
20.6312456627576
22.8257588051595
20.6427536942015
25.2152029371942
25.4269573497925
25.5693296114139
23.2818818680249
23.6311466337957
24.1945126983703
22.8932949015431
23.6902400272221
17.8524488537117
22.575851347278
23.8967261161703
24.8558989552031
21.5710092854547
23.9463602230536
13.7312740217981
23.7808671554511
22.2819703277991
20.9032905829879
13.3073251752483
13.5010429055524
15.0065362069239
14.7395183010928
23.8438339927714
19.487108908921
19.6613112078357
18.9469574821851
22.11469561124
25.8950940836609
19.073452540779
23.9659014283577
17.9640402067559
19.9485306283484
23.2681130144437
26.6478995139901
26.7211866569268
25.5110776614106
23.5291983833551
21.0552300834371
20.6526319821976
23.0691150999288
23.2910317776612
18.8759463455574
15.293381885266
22.6939324486072
19.5578161828246
20.0925438380771
23.1879794285567
23.0565517652844
18.5787738990733
15.6277367342024
18.5805417689103
15.1884716667069
18.9416073480363
15.6030213307134
20.692514441724
20.6079834388253
20.476311001224
18.4544869640846
20.3461272277022
19.8609139625969
22.73301597669
22.6927509497963
21.2400407649302
21.6354032098347
19.8435093795286
21.6338316047081
20.4599488637352
15.5159454340088
17.9623748370109
22.5512009224066
26.4457930687033
26.2154433762486
22.6218551438274
15.3189603700865
25.589910211799
19.3927665373492
18.3537842598734
23.8898361170245
25.625140472855
24.7111428209489
15.1402595110458
15.3692333433732
20.0908331911269
23.880050675444
16.2915021538177
20.3706916769372
22.0466215888179
19.2687045110776
19.0748837234771
19.0699292038651
21.7864354567288
18.9507770557814
25.9979326217996
25.7044252993082
27.1367521535539
22.6979200380031
24.8554516837078
25.0108183895043
25.9447047487701
23.5596851800551
19.5886485700332
21.6571598591689
25.0220087053605
24.3507578715971
22.1039217185833
23.7193371410854
14.897683744982
25.7005151788778
23.7000835954835
22.7733435241667
15.4481759926625
15.1670954304603
16.1410014959457
15.4777314225855
25.1078807431402
18.9475976851479
20.2235859354014
20.4195994051744
23.0297166068207
26.6090333479149
19.6871782608909
23.382637121303
20.3600167906216
22.6953076752466
21.3275006647395
26.0027414618202
27.5265128111066
27.5223391355245
23.0112006319465
21.8025421777289
21.032086990231
22.5261510569222
21.8527836190947
18.3719383382686
15.3384536623339
22.9465780969589
19.5506340991893
18.8080470007848
22.4256713644925
23.2043178002682
17.8817967608716
15.2231903752776
18.4725377834677
14.4378200218063
18.7291009130418
15.7837520140365
20.7610540971126
20.0615240686882
20.5861927734574
18.7636599845052
19.1895738526344
19.8793169093762
22.8635283478176
23.8798324396335
21.5491960658099
21.2128305067132
18.6869560044608
21.5711436186038
20.1146787571206
16.2442005574803
18.8082071947704
21.5470882584317
25.886622889967
26.9196650926922
21.138772391194
14.778951156781
23.9110371949609
18.9416362300933
20.0949054882974
23.7173666507133
23.6840785700445
25.8582384242239
14.5015651635075
15.4431891003624
19.0966406245092
23.9249905333304
16.1213324569498
19.8606248098668
22.8237661028895
19.8423421336741
19.8416092315234
19.4983000820939
22.268670038257
19.5244146783778
26.4499134420669
25.0825003151497
26.2465597955782
23.4239281730608
24.7128030888405
25.5577743434657
24.8746367032978
24.013640241299
17.7989722075486
23.0703908629081
25.6191180400581
23.5234419224903
21.0577113175407
24.5367766283336
13.7472295347754
26.0941266081445
23.8256209737197
23.1667375792318
15.6033799120921
15.5545141282552
15.779834489576
16.9965736507305
24.0625912145249
19.4347801944674
19.6170485451978
20.3158378439658
23.2968640306898
25.2603675358997
19.3196242553582
24.6118245571972
20.633572426164
23.2614876410237
21.5395206636403
25.2659540351559
26.4679316096698
27.1959337098093
22.9266662387783
21.9885665083836
21.6193306128877
23.5476494493546
23.4564600466811
18.2490127455505
