17.6176570770149
17.5178194005982
17.7103323260541
17.6090270196488
16.4007294942469
17.1642599318132
17.0039130567066
17.0734078933022
17.8908143497759
16.8451410015428
18.1824112538423
17.8790310798638
17.4285449959269
17.1804477473221
16.9721805992851
17.5302013133491
17.6613599456813
17.6176570770149
13.112704958044
17.9210372509933
16.8065676247287
17.7893317240211
17.9210372509933
20.9516595931566
16.7322710102812
21.1411230223053
20.9663400634559
16.9448204712595
16.6229488719626
16.5179677053926
16.2943114584959
17.8908143497759
16.4315348547064
15.7763906452605
17.107390412207
17.1234809747652
16.9337144521453
16.5654602607012
16.1116505902824
17.3211719770111
16.4216143329355
16.2302003156793
18.1941127815571
17.1410151643747
16.9302809080828
20.2623079866511
20.950814234206
21.1020312413562
17.7098610571171
17.3608421896241
17.5897253829265
16.9465599721729
16.2868837208313
18.160818409991
17.899444407142
16.6647726420458
16.8669739024082
16.6471525712928
17.7278923155949
20.2507287613365
19.6259426088741
15.758856455651
16.8283346715194
17.5551510007414
17.9327387787082
16.331382722261
17.8704010224977
17.4859515500426
17.7522567549863
17.9327387787082
17.7405552272715
16.8692085466573
16.8692085466573
16.5812895303569
17.2097993489211
16.529521835416
16.5233273155775
17.0140583404083
16.8194527430347
16.92728628165
16.877213200187
17.12692833167
16.9303460738591
17.0359422379233
17.2121334039862
16.92893990142
17.3715330484734
17.0897457183462
12.9229617857087
19.0713671920432
18.1542680667653
18.1166512648602
19.0242379254573
18.3226506135475
18.3683546605992
17.8189536562923
17.6452360416649
18.7424505953301
18.8252881513239
18.8453699999874
18.975260678835
18.3984385949873
17.8039930571543
17.6760441219219
18.268761050806
17.8306480814398
18.7138866759861
13.7842948414759
18.9414765131955
17.900315488547
18.382772493888
18.5839959971385
19.8227095868754
16.9015102580088
19.7538373993213
19.9864583664789
17.7130942495831
17.0743298002961
18.3281195268168
16.4173411018701
18.384970079273
16.9463808650638
17.833253176337
17.4273931595485
17.8054826514074
17.6946980135868
17.2063712351995
17.7586477962492
17.9334315866398
17.4622553781404
17.3343064429081
18.8929801791701
18.0376766523679
18.3755132560953
19.47713297759
19.3794409217576
18.7294081081635
17.4874748462573
17.8811138844431
17.2480618011358
17.395292333917
18.4117946526863
18.6934733487079
18.789579861916
17.6770796640441
17.8050285992765
17.7876996296708
18.3967099860383
18.8902545310023
19.0422105743599
17.6010591753765
17.9697553657598
17.9348931471679
18.9890866923783
18.2806233826845
18.9281314122491
18.5126631727356
18.3632873619083
18.6316061763212
18.3156771827256
16.6714416538499
16.4225534157642
18.0652768763535
18.8975506179273
17.2847131137414
16.1892642305934
16.6197229278817
16.1731178730969
17.4804193360258
17.2737182985832
18.5435008211968
19.0584504766899
18.9532370865563
18.7766631465628
17.5059122995437
15.7672485587587
16.0490358888858
