42.1116452804895
39.1098833494142
38.7898347041396
38.7387844620274
40.5569579338237
39.8111299743127
38.7842647651616
40.4161609988039
40.2157403022869
39.8278621873422
41.1173879365752
40.5571814575324
40.6142589610922
40.3375928049617
40.5401237420632
40.7703616903243
39.094852886568
39.3403670831205
39.2172247724869
39.2300629472799
40.1948872711724
40.9657994354211
39.0733344286371
38.9131105113105
38.8845702928646
38.6978290201816
39.0083174504241
27.5280616283129
28.7843674887665
29.0144179492417
29.0473176602462
31.1151992742123
30.0223525045769
27.7189379365822
30.6298870137159
30.047499686272
29.4477564041911
28.3705151066006
28.6721950694309
28.9055557851295
28.996960386192
31.0905206688348
30.5515035968613
27.8625999642849
30.6052084083385
30.0228210808946
29.0209014015247
27.8281141329575
27.8128031318873
27.6981917514316
27.7310914624361
29.8009451569345
29.2454761044704
27.0306658593707
29.3156328964382
28.7332455689943
28.3749416160433
29.2064283465291
28.5186495472483
28.9395391995862
28.8101719371585
31.4532063709366
30.6998562896562
27.5577059350491
30.9678941104402
30.4255928628001
28.9404406067986
29.188960974798
28.4017573902506
28.68123950983
28.5481283897898
31.1735739244585
30.5276348443708
27.3581141448878
30.6882616639622
30.1464744819567
28.642696634421
29.1305303990832
28.438642444603
28.8388827287042
28.8938421950967
31.2487071513827
30.8088761005052
27.6401331593062
30.7633948908864
30.2210936432462
28.8608401961503
30.0519507040204
26.135334772584
26.4303216979508
26.5209320887643
29.1242583420383
28.4839014429651
25.3687455546489
28.6612788383054
28.0452206131929
26.7790446325564
29.8659610134552
26.1071306313494
26.2178790316544
26.3084894224679
29.0960542008038
28.1383709257971
25.0232150374809
28.6330746970708
28.0170164719584
26.7508404913219
29.9720671369052
26.2618490130193
26.1997338486887
26.1396838497934
29.1014999184289
28.128325657893
25.0131697695768
28.638520414696
28.0224621895836
26.7562862089471
30.3710070792689
26.092425796241
26.4292134723964
26.5198238632099
29.5277305627255
28.5248138885126
24.8336426090429
29.0647510589926
28.4486928338802
26.5109428416707
29.7151536833944
29.0996668143072
29.1702448358535
29.0182860098227
29.413629980971
28.7188960191685
28.1208451440725
28.9283177204747
28.2609389174772
29.5045571606766
29.2070579698266
29.1389790147269
29.3888222153345
29.351618317317
29.5009035860493
28.380194419309
27.8693353786885
29.015591325553
28.3489988680451
29.7565011034149
30.4843712058325
26.4529060766655
26.8525112443667
26.944702190919
29.5725459070354
28.7982261297638
25.8343544496766
29.1095664033025
28.4188060960179
27.4966739571562
30.0211873925348
25.9526014847473
26.2321662421347
26.3232982593395
28.9456242011914
28.4222748506719
25.2158493691269
28.4556610482276
27.7918843901739
26.751075592407
29.8551453437133
26.170664291192
26.8242332203366
26.8237289942636
29.6359112228299
28.5723188756485
25.0298596785617
29.1459480698661
28.4837519675511
26.84452234715
29.9837385627105
26.170664291192
26.8242332203366
26.732092750986
29.6359112228299
28.4793691657487
25.1254863343582
29.1459480698661
28.4837519675511
27.031263619833
30.0207069937393
26.1491364196116
26.8027053487562
26.8022011226833
29.5873997020187
28.5238073548373
25.0083318069813
29.1244201982857
28.4352404467399
26.8229944755696
