0.495289081059248
1.35644242511545
0
1.35644242511545
0.495289081059248
0.495289081059248
0.495289081059248
0.86115334405622
0
0.86115334405622
0
0
1.39612136021777
1.22644909851859
1.18985619024995
1.22644909851859
1.6735708153259
1.6735708153259
1.39612136021777
0
0.912406735141829
0.967429250151881
1.59052491093636
0
1.59052491093636
0.967429250151881
0.48371462507594
0.967429250151881
1.18985619024995
0.48371462507594
0.48371462507594
1.46541091677965
0.48371462507594
1.46541091677965
0.967429250151881
0.967429250151881
0.48371462507594
0.912406735141829
0
