5.37164624158589
5.9346086167514
4.9639140840664
5.88255399320252
5.06025514671732
5.48136202445217
4.61708242571247
4.0556058110529
5.81106380771757
5.90611637620092
5.38502707243065
5.52860467433546
4.65802489648274
5.30996010521706
4.96069043121872
1.73586704951433
1.49686009238974
1.54462137756443
0.862674882110973
2.6466581663247
0.927191011143229
2.20732370545492
2.38113731221718
2.35953497450062
1.78111214929324
1.15200062975066
1.44420007750911
2.04423908089485
1.4650939675408
1.8075456672122
1.9773017275614
1.92778560425692
1.71346596914663
1.64319243829044
2.51834857553511
2.15780758215044
1.71658217979919
1.7839832842138
1.71658217979919
1.83083091455157
1.54462137756444
1.65567369342423
2.24561152372028
2.1116414768305
2.27804751919516
1.75515584378896
1.60301367854361
2.1987613281843
1.55556383687914
1.20483817085974
1.99378162182986
2.19044659870745
2.41285101954541
2.32756364249964
2.34257492349101
1.65252980184808
2.18376132245653
1.50604771357467
1.25435429416422
1.99378162182986
1.62898125931147
1.85138568014943
1.30607515935424
2.60283072017207
2.05518154020957
2.36613730648941
1.22840055385814
1.27791667716262
2.71406056226033
