15.4069242576715
14.9198296497567
15.5271324840168
14.763955694222
15.0137695483899
14.3812750849832
14.8368810061085
15.4061981158182
13.6602649497237
14.366730834825
14.0837686809685
14.6090822171583
15.6995282810235
15.8592187000968
16.5613166287523
14.7170200234554
15.0835476796017
13.873200914328
16.6859523081944
15.9507387099436
15.0941491619848
13.9997632468545
13.3038635685312
16.7626957323485
13.8060849628085
16.1991102793148
16.7890716854168
14.4788070377359
13.561603634413
15.3602266169878
14.2568715905226
15.0833376695743
15.4891928373324
14.1014742646254
13.2219052760492
13.093408194705
14.4113807867218
13.6676090872499
14.3150518310925
15.8447040916918
14.1313387860987
13.8731724907594
15.4680906790943
14.603737201396
15.4304878697789
15.9550320192831
14.953646405494
14.6297102571283
16.1082563927161
15.0910909457886
12.7601769871826
15.3013470092978
13.6643648616915
14.1215872198811
14.7070471307864
15.4127332529922
13.9823708044009
14.0536272138614
14.5919953691817
13.761667338644
14.811362433391
16.1636680063077
14.5970272416626
14.204479779071
14.0075024380361
15.6061048942763
15.9878241231909
15.5685581168617
15.1158335319384
14.8713171256659
15.3008668686431
14.2455542733128
14.9686224667881
14.5818819649472
15.5429619806357
15.8402867788942
13.7268328337365
14.3004747676975
14.1448356282614
13.6985764899605
13.4095703462968
14.387157558238
14.5676141292911
14.3170895022521
13.4932200305115
14.2575048149408
13.9025353583936
14.2933453016938
14.5717477841868
13.3703177767642
14.4201016192947
15.3161869395787
13.2216185082803
14.0964928404027
17.5658970041516
17.5311585587387
17.1264117107529
8.42043700821202
9.19312077889336
10.4341849993757
9.54968280970022
7.61217605006271
7.60616749214516
8.45184168638098
9.80904733270782
10.5878491694977
10.4757073598748
9.33512875391054
9.82782549870539
6.91127061543867
8.97523170148324
8.43070811095185
9.71939852232796
9.29352183290827
10.22136892137
7.2123736274781
10.1903752054262
9.82371182282193
9.17374500343915
9.4178761960635
8.77414662488695
10.5544305919646
10.4822020739149
10.2193520805522
10.3137595245872
9.61661684818947
9.17686534621941
9.41317444132724
8.14113942149683
9.08430782121486
10.4882076147328
9.60869386519957
10.1908710297105
10.6877331993384
10.1876863993019
10.2270096409017
9.00844686640979
9.57218023406797
8.9021411426876
8.43233490355017
9.20651285831559
8.14042620714283
8.93872816620724
9.55530617221953
8.14197468451167
7.8045452186288
8.32537740498063
9.76252311078403
10.5887052005828
9.39074881674163
9.51072377409119
10.357654675212
8.59871159634696
10.705343250428
10.1047772941796
8.99448866985594
10.1645533722848
8.3846946434209
7.50204845954478
7.50339205921117
8.76237957534144
10.3828117223012
8.10317182486168
7.30247586652807
8.81467896099358
8.51545301505363
10.1106443728093
8.35250454107177
9.33990410987259
10.065758142855
9.89495240296563
10.4653929236024
9.23502194831333
9.83910962285051
9.85190273786633
10.0246108378214
10.0567059090449
10.4956743458396
11.563201121947
10.4230410852093
10.5426524654854
9.35519181096525
9.79635753533219
10.5627101073731
10.8498167724852
9.27448968941871
9.90991609017453
10.3623524758933
8.42190084451138
10.2497599032876
8.8355342609908
8.41629791043435
9.64622158847471
10.7551736969974
9.14464708403351
8.1474673752704
8.15296872966316
8.26079348731433
9.90870601224151
10.4944960963791
10.1759922866821
9.55063412010075
8.62544417604423
7.10843327605062
9.25994189358236
7.85286359425479
9.14155400563088
8.71567731621118
10.3635807923931
7.23705436183298
9.35576883103647
9.01792528056471
9.69716486166067
9.10487865897703
7.79636537982094
10.2543626875637
9.29355411061059
9.06234522393678
9.12511156128289
9.34617250259237
8.73952839524432
9.58612661602811
7.12380961140107
8.15377757184194
10.4960223608092
9.55789398357035
9.74347636767733
9.72092863100086
10.0943333261833
9.5716934699894
9.58154381917893
9.35703158013918
8.76360491996326
9.28848353636225
9.27637674227626
8.28853919989789
9.03671614827101
10.373851110393
8.93169979055264
6.96993884423902
8.30595365779818
9.93966525471497
10.2660542456653
9.67371919418358
9.8222630429688
9.58166292852782
7.8227198496628
10.7600146682293
10.0700388487667
8.91817282178516
9.61040502056746
7.63752272886929
7.15180864690247
8.22758754470896
9.133556765185
9.5930866162602
8.0891520154519
6.95223605388577
8.0249538549526
7.72572790901262
9.80610859409559
7.77466002437469
8.49156437612601
9.92443932122049
10.2064916718433
9.41428027901851
8.24956614058028
10.1369155323713
10.0674081040566
10.2401162040116
10.2338480529759
10.4448744642104
11.6977900743886
9.4562365168718
10.8632842290267
9.62931180486109
10.0279243377386
10.8368301012689
10.4649958186225
8.5273177748671
9.48254194482237
9.55656593363609
8.97414053486546
10.156406830169
9.10452033837904
8.06605809779207
8.9655160748386
10.2062429738155
9.19510964415733
7.38457134600793
7.50051212611018
8.17685892249148
9.36956203930914
10.3173539524482
10.1213284494548
9.1071867283504
9.43089339679608
7.30820271734798
8.72079792064998
8.24565659838645
9.53434700976256
9.10847032034286
9.8244368194607
6.85799471705815
9.96243317986609
9.59576979726177
9.20057408021765
9.02094409415418
8.63063443270535
10.2000516815446
10.127823163495
9.86666634787635
9.95938061416727
9.26223793776952
9.16114123150854
9.14267922427772
7.92925883215293
8.73162208853901
10.0912755128235
9.38075183963942
9.79393892780118
10.3333542889184
9.91719118225238
9.9565144238522
9.16171282804811
9.55645611935711
8.54776223226764
8.57616382149769
8.93601764126609
7.93829938725561
8.69635704726086
9.58213524899804
8.16880376129018
7.57660319306865
7.95571384515589
9.57747159821863
10.3165168057892
9.20569730417624
9.32567226152578
9.96072257330268
8.20177949443766
10.4774012248679
9.66529200078098
8.59755656794664
9.76762127037546
7.98776254151159
7.54460165103414
7.73099676326594
8.71915649936831
9.94332642890251
7.97639761849651
7.34502905801745
8.37519366759491
8.07596772165494
9.85657115421941
8.16745302850636
9.06940889282308
9.81168492426509
9.79209140602656
10.2197294997704
9.08383519346468
9.61150491879573
9.62396071230617
9.79666881226123
9.87165439647953
10.2677323202794
11.3355964178922
10.0686621747894
10.3147104399253
8.95825970905594
9.3568722419335
10.1657780054637
10.6647652599198
8.8775575875094
9.68231138611975
10.1344104503332
8.52812606782033
9.97926468623805
8.60792955693603
