0
5.85485092708901
2.85362773310291
0.947250961018074
6.30901273186428
3.83181684435359
6.38514769057356
2.41511556745021
0.678269911357109
4.90759996607094
2.32440838595273
3.8138924931322
1.62552087237518
2.86664153211413
3.54491144347124
3.67683602404765
1.64613847459562
6.91887046566562
2.32440838595273
6.91887046566562
4.49216240448931
4.59047338919601
5.09920780258272
2.1753578217458
4.77906780537166
2.85362773310291
3.36236652846829
0.678269911357109
4.49216240448931
3.54491144347124
7.47009222289693
3.48455303486087
3.48455303486087
7.9863595116796
5.42961016805598
4.041080959293
5.75125704983796
6.64160733747293
8.52252260950928
5.53156875379704
4.16282294621798
7.52507261063804
5.1216979523046
3.59486238054149
4.71935087065011
3.15693578174777
3.83520569310488
6.06682256593177
4.44342804094749
6.42952696119507
5.1216979523046
6.42952696119507
4.27313229189859
6.68997973754627
6.99511023099179
4.75134025669887
7.27610021427373
5.42961016805598
6.15472592541154
4.16282294621798
4.27313229189859
3.83520569310488
7.54546502324685
