8.71443280237177
6.14477376502725
8.87306210652003
8.77287674626083
6.85140914944201
7.00530997660727
8.45541243425752
8.06280145517633
7.00530997660727
7.36754736811513
8.12885992864666
8.62767829460571
8.13808800546067
7.89392149050329
7.87834486122373
7.93431239568371
7.9749591014814
7.35022751540105
7.70696129582193
7.95050515363068
7.78162518895764
9.97235780653857
7.57626514526434
7.19866740344209
7.64960595350394
7.5349153158724
7.57626514526434
7.95546225549983
7.36353175047061
7.94648953598616
8.25409684855502
8.05394501446131
7.9950366339999
8.75183148605765
7.98785500107889
8.22282497913434
6.85140914944201
8.16391659867293
8.4816634958617
8.59931130097752
8.01635351546197
7.87834486122373
8.75183148605765
8.87306210652003
7.5152004973334
8.28424874925438
8.15990098102842
7.59088285033239
7.95546225549983
8.75183148605765
8.75183148605765
7.34873952195859
7.99275633957276
8.11626725446228
5.20791473005429
7.8314484168729
7.93431239568371
7.00530997660727
7.01730687606968
7.69643492381756
5.88574643334497
7.69643492381756
7.69643492381756
7.9749591014814
7.59088285033239
6.85140914944201
6.85140914944201
7.93431239568371
7.99275633957276
7.00530997660727
7.160698797215
7.00530997660727
7.59088285033239
7.00530997660727
7.95050515363068
8.35978306081329
7.160698797215
7.94648953598616
8.56625452448566
7.64932679422144
7.00530997660727
8.39737455981263
7.95546225549983
7.95546225549983
7.00530997660727
7.59088285033239
7.59088285033239
8.13034792208911
8.40623100052765
8.23735103585461
8.28424874925438
9.29209984624722
17.2983094347703
15.5887073396676
15.3999178745119
16.4874088241628
14.0122086301752
15.8315681668624
15.2553898772028
14.5895769305862
15.7254008385978
15.389400486583
16.6162035772861
15.2235359059096
15.1154090970735
12.4850981707588
16.3537798913001
16.5999484391658
14.7947876017874
16.0544847272048
13.8495761736148
12.861725591773
15.9804639274124
15.1447323531637
15.9019422749712
14.5880459723776
14.4077881985746
13.53691336962
16.4664117368612
13.798332924525
16.1712910676446
14.4263680072299
15.3300224616089
13.5808311899381
16.2445854997141
15.1056959719719
14.8662901063811
12.5997868897912
14.6639654663654
14.6418878152539
16.1909784101017
14.6844199404272
15.1443750467427
16.6201798816512
16.7861192890953
16.0248868072368
16.2520130442086
15.3578176287943
16.1942791105949
16.0612606350551
15.9392050904092
16.9928592902754
16.7876399622207
13.8509841334784
14.6858785973331
13.1597698726627
14.6407541958862
15.2583640841432
15.17791282508
14.0573679247716
15.6557514347671
15.0045698082156
13.1574865457949
15.2704658164887
14.1697394890138
16.1070206676355
15.3826868538342
15.4474477834458
15.4637503545779
16.8658444474389
14.5222923721639
14.1582818623225
14.0430692722608
13.9424797762758
16.5905301444123
15.6958402833516
13.0734246455121
16.4419437702133
15.4131615389895
13.4248503797795
14.4397253970752
15.7150119832354
15.8133757666087
13.0019197249895
14.21589232477
13.8304492084737
14.2194334768154
14.7779420648028
15.0733986283221
16.3559969077146
14.2259124018918
14.3207329036842
16.5522724879204
