2.74221892648294
3.69513312226547
3.45487682508909
3.41838830567874
1.88496376236607
2.06008376258435
3.49719677725754
3.7334652369461
2.783264912671
2.10802794680676
4.24101803634209
3.68158323193938
3.36362504939133
3.71952219048836
2.73922206177562
1.91226671853084
3.38406381136405
2.63830527669675
1.1295052110836
1.73369792970271
3.68158323193938
3.38406381136405
2.64515052822495
2.88660113902544
3.35901465122608
3.63251790765365
3.61866169206877
1.96301536432635
2.38698156522061
3.47987480396952
4.33788150001881
3.84172587650946
3.76539441511017
3.58863097243524
3.17158465350156
3.2841135756936
3.64596464823353
3.64596464823353
3.12377078854665
2.39902206497107
2.8632031407863
4.7610593663411
2.74308597107383
1.9864828658107
4.00041297167618
4.81346336772905
3.424699738775
3.61617391698388
3.21669191339826
1.49029857922318
5.01440896464008
3.43567903150545
0
3.88928939006611
2.86860057138504
4.59495464660326
4.2932140630593
2.01739606522377
3.34728786337759
3.0300848875179
3.89874958434153
1.55486951324592
3.61305266886754
4.17264063256622
3.96279632946175
4.01538680886774
3.37769782361103
3.37267186880653
3.07465079621545
3.96357171605626
3.44777264917998
2.01739606522377
2.12233764322084
3.32489626630234
3.25245287757368
3.0706346957555
0
2.34459613758959
2.25455860028044
