4.25445580872697
5.02967929239733
3.89336555491369
3.71876583244694
3.72042549909779
4.12468410618744
4.54400899015392
3.51585271174164
3.45828501081736
4.21021794608335
5.36491213726079
3.92338034403834
3.74487855085927
5.08861313328272
5.77202419489689
3.89592427370794
4.79562291334383
5.50656555576628
3.98290177843371
1.26124903193126
3.84852478888073
2.59427252776074
2.69941554841758
4.34676888523661
3.69773805592369
5.236536871313
2.28185352725709
2.20962310143202
2.73403921291719
3.22987919270859
3.47256472182511
2.93074795384698
2.66163264623497
2.32499485621536
3.2663412683989
1.03872976384685
3.68881492092532
3.00136416682401
2.83258232679866
4.16069840435679
4.10676202930098
5.08610044870972
2.15789275811897
2.34278987981309
2.73343341987673
3.72042321147389
2.92721234344997
1.3942550216013
2.09186925920766
3.39318215014749
