10.6674756648601
8.50884385011365
11.7543530636472
11.2377892015461
8.17973264449155
11.7841531690869
11.9191272275472
11.6108794361918
7.48136728876549
8.06206264103692
7.69017019398687
8.03663792674708
10.1837812000595
6.63952602808455
9.52773898541287
8.32978648946962
10.4481316633714
10.6990293873695
10.2283987387679
7.10401036517506
7.03115666588045
10.4700436943241
9.57088255590179
7.58231009623714
8.85230108947632
10.4953591993905
9.91131918536934
8.76607528962944
10.1451038656006
6.42737001621881
10.0385554831002
8.40704754158691
9.40378384360022
6.07399891091674
6.12737849407734
9.56496114567409
6.95010497766068
12.5509269456676
12.1036806183678
10.249056677129
10.1640177880071
8.93618727243494
8.64850459585955
13.1802758094282
12.0970411914125
12.9635005075469
6.11818356346539
11.6565832770405
12.4796066459966
7.22062392533066
12.8683581207595
8.04262600454679
9.42094787831286
6.15862610976595
7.89589587966313
7.90415519597731
8.68324320289757
10.0365077480668
7.14243602212566
7.47044105873201
9.62059062240115
6.66533768148356
6.31278393770427
4.99585170626338
10.6220552145488
7.15872882851365
8.04872227240927
11.9051817070937
11.7589507215862
6.72783325242695
5.59322283519728
10.5542032469583
10.4383114193503
7.00716462765003
8.63206905930213
6.66203981432412
6.25253337816799
10.8759637353809
12.3212375060546
9.3529926791537
7.63006559520454
10.4090841054555
10.6765621045188
11.4277778954382
8.02952939576208
6.63402781097931
8.19851894886199
6.30602277437296
10.3220104648902
6.88099821274628
9.65072807519098
5.65971739105319
10.3282908707861
8.32690794404406
9.02799943246275
8.65672194528688
8.32774480984119
8.30028982721601
7.67355850331283
7.29375663307897
9.54427439674664
7.7573930979693
9.48615353402313
7.58421237816873
8.17414008435533
7.71373089747925
5.8502527211115
5.91027686767761
6.38487200017565
6.50571611113323
7.85668447959748
7.64221771708031
6.67368827836746
6.88962547785836
9.12430005591938
7.61052843023226
6.87300847763976
7.2288505374787
9.60793227853736
6.97472092796897
7.0602328197491
8.95506121724461
6.28278678772516
10.0423275426745
10.5053335376569
6.17046607963688
10.825669246054
12.7505725733019
9.74436925641955
10.1189851909541
9.43452489808173
8.34907827317912
11.3938183150308
11.3252837186313
9.60861697941873
11.5312536366681
10.0328842862516
11.2903589773133
12.5859787787344
9.50767464064309
8.38274155570708
8.14008344708573
9.92164722343981
9.65565648125253
9.38186655847444
9.16384203201094
11.1747315808151
9.90643993977814
10.1669099406282
11.7293794696219
6.47902730716656
10.3491995566924
10.4529603033312
10.0684130458537
8.43456188943176
6.49194913052578
9.86904595886512
9.49193801742195
11.3632072757392
12.3093695176001
12.3102540103233
9.72365778187002
8.44130572175576
11.8635354006752
13.1364418273943
13.7030963167107
12.4884846005434
8.84606279372111
13.7229544650609
13.0492268801416
9.24930579291276
14.0653905447697
8.92246343204877
12.0614051064817
8.62986938813869
9.98686372238437
9.72834942394569
10.206265529504
11.2995050088896
9.85030443734368
9.52229940073732
11.848771179061
8.31958485337389
9.60410326453809
8.51719458078507
13.0830655754828
8.62043218503715
9.90740584871689
12.9121857630039
12.7393214645343
8.005858986105
7.89179629661027
13.1893528420622
10.5952572355059
7.02135405872324
8.31826585599807
7.02239416679374
7.55326883373144
11.0936295634492
12.1659193955543
10.2886975816079
7.59988737079367
11.1693147367628
10.2124735054684
10.6024863595973
9.5804639838689
7.87696325422083
10.7229379870565
8.20496829082718
8.04471345302569
5.58779540431696
10.514956155208
6.88926508829821
10.5905929827139
10.9472875261118
8.43709016558326
11.9257161234504
11.9023364190873
8.32375910210282
11.7866904635099
13.0796272968588
11.3049906424042
8.19253134813003
10.8974588100965
10.0007088757897
11.1293602700943
12.3561018668408
7.66005980210279
13.9288710771605
10.3258137279441
11.8451941921883
12.7625861346328
10.4453733302737
9.62960062902833
8.29791275832897
11.6987737062739
10.7359993031924
9.58154314528328
9.84548636354119
11.1421544916684
12.3078026532313
10.6581525770995
10.8730094136444
9.04885291912646
11.2575663009346
10.9463130167952
10.4769182769807
7.48688329273229
7.87706574854607
10.9572038207259
9.54253050093899
12.0735592441441
12.0015251938012
12.3634509002664
10.5216827163459
11.5806552670203
11.5123078714716
12.1759147711672
13.7051441006716
11.4905678821192
8.7714247598134
13.0013942273682
12.5078450647952
9.20272832323638
13.0333937031806
7.718050839048
11.2565317962796
7.82499607793659
9.02075318993885
9.36442187821763
9.11572387729292
11.0866033948004
8.49303753455285
8.1650324979465
10.6038075467314
7.79148870197194
9.13227698972727
8.07234839734491
11.7585862895221
7.58312345536422
8.89777560864268
13.0762062817129
12.143673748819
7.11053158770947
7.23030881761193
13.0558627543302
11.7123617192842
8.33432295555343
9.6792296503645
8.2564960389202
8.69881514309967
10.3930745369831
13.8580608718221
9.45033536056271
6.63353378203374
10.4204980560359
9.87216570897575
10.006138240396
8.89445384482608
8.85579789736683
10.0782776827905
9.18380293397318
8.74017598745242
7.24354143765904
9.65118629014388
8.43071227621527
9.68215600571915
9.82680760137767
7.31661024084919
10.8273779899405
10.7997910089308
7.20327917736874
10.6711887430556
11.981289163349
10.2024452322477
8.24603442837912
10.4569526763468
9.46642628432058
10.0582338795167
12.1448488360484
7.73130211186769
13.4638501800773
10.0925345257453
10.8622557702336
12.3779805373527
9.76049464172472
9.94242670469831
7.71057952188527
11.2337528091907
10.1113836755454
9.0311982088496
9.59545900041168
10.6771335945852
12.0471624138725
10.3239493739096
11.1088373971967
8.78821267976763
10.7925454038514
10.6121098136053
9.76139737893688
7.20953135758929
7.67002543140361
11.0768642769894
8.80190490774929
12.1932197004076
12.2236507064642
11.8796285088378
9.6038702355313
11.1434040329688
11.3042159543269
12.374997417393
13.5227087868479
12.4100719639062
8.97599001207551
13.367094686239
12.8714204121901
8.99668397893412
13.4011763272221
7.62972936096868
11.3410835145242
7.9095477961812
9.42144751569006
9.08483279655949
9.51437728248345
10.0013625519286
8.39099659926906
8.06299156266272
10.5673355948961
6.75753492191333
8.2142200845914
7.93295320795957
10.7890179587255
7.25932462183064
8.70059577761715
12.9415905088392
11.8927951963502
6.78540170092251
6.90360730473829
12.8801137806939
10.3846733151573
7.00663455142652
8.35154124623759
6.92880763479331
7.37112673897278
9.5672900500239
13.1373216882204
8.75139534060099
5.80774929507454
9.59471356907672
8.91360136586919
9.47552027152577
8.27734942141458
8.27714540876919
9.74241512473715
8.60515044537553
8.40328286423051
6.66786835829742
9.13133742301073
7.85205978761762
9.14684976297696
8.47488474729875
5.96468738677028
9.47749605642229
9.44786815485193
5.85135632328982
9.15142321546309
10.4904851821445
9.17852741477515
8.52780706584738
9.89748827076399
7.95329998780513
9.45642307433198
12.1743874753521
7.71429245682491
12.288208354237
9.91625117198602
10.9964796995403
12.8526613904678
9.0464426419794
9.05083183052723
7.03522388477937
11.4547800707501
10.3188975062727
8.39315429961615
10.1527386810321
10.5224286849514
10.1472633842008
8.87404899528291
10.0913655000801
6.96245975115514
10.8898880190439
9.7996742354609
8.02813756151052
6.45605926174942
7.77323699996571
11.6980223192611
6.25413336988188
12.2941287268633
11.8111888903006
10.7695375430011
9.66619962495568
11.7714322677196
10.0845613866084
11.528629855675
12.2421794570821
12.8406918496006
7.29240554810841
13.4967409645112
12.011854770469
7.41664602814703
13.4502433204937
9.24118675983693
12.3106326263446
8.88117907317236
9.83862759290838
10.5645875963963
10.3689140127344
8.62880457483999
8.01472498164637
7.68671994504001
10.0285567900832
5.40655638799362
7.53971848156692
7.00809033370022
9.62513739179708
5.54487404961099
7.27880565067058
12.4182944236034
10.5247037908469
4.64617288996067
5.24944693113123
12.0986501802608
9.67547398784887
6.34830289636356
7.47965971615723
6.2349718328831
6.52912226165384
7.53147318315045
12.3722184237708
6.98403804326034
3.7719324282011
7.55889670220326
6.68849138503063
7.56026605012338
6.58811390563597
8.53642164438764
9.9461919616282
8.864426680994
8.72273380402607
7.2324387647397
9.52799381910387
8.19272746920551
9.27502347707515
8.80643210522737
6.29623474469886
9.8070024937902
9.77941551278055
6.19327846891319
10.8043027836535
12.1423543949428
9.30735047565339
8.26654239634298
8.4845222430047
7.28425432569622
9.91216668872221
11.8563165509216
7.09307582658636
12.3394772960373
9.72025432350563
11.2408638377506
12.5279729810483
9.42194630370841
8.79530716306581
7.49434627734895
10.7079725004176
9.5672962589171
8.24997619589424
10.2654177448368
9.14653884667746
10.3736410239868
8.63168648127846
10.9189594533356
7.19087831150183
9.02222423199504
8.43500552180968
8.80537617230761
7.83976630439219
7.474354970502
10.7023475655141
7.65878874767666
12.6425657224805
11.5212164427839
10.5145724605372
7.8184793282423
9.94809438543002
11.4872608669662
12.4196224308989
11.8486975275107
12.7483237367801
8.0506415281591
13.5034724029922
12.4804531722325
7.52379215636825
13.6686307560592
9.27944394504057
11.6606522313254
8.26854832939548
11.1074830822891
9.53267412024199
10.7696343381479
9.11829712118438
8.7073283917704
8.37932335516405
10.7211602002073
5.8724285706084
8.61446891239869
7.72849489216581
11.4544326927463
7.19360328063897
8.59960056356091
13.059597751002
11.8454987037372
4.95816241464435
6.80214414800564
12.391242537783
9.68998997120207
6.36281887971674
7.96679840095128
6.24948781623629
6.55163974251431
8.39469100169512
13.7071530119075
8.52749699971272
4.63515024674577
8.42211452074795
8.32677435256896
8.18135425119989
8.10336549277935
7.06801023967926
9.93989768932377
7.3960152762856
9.05318397346709
6.09495947902818
8.6157730709472
6.91375515434186
10.1817700549662
10.3333412624759
8.01701982050751
11.2800751850148
10.3291108899925
7.90368875702706
11.0065896705244
11.3664655296935
10.6593497039686
6.51014400815538
8.43214510753509
8.48006822362886
9.10446067530257
11.7234053982739
5.60755268642572
12.4393783639955
10.8636385723455
10.2689916212113
11.3378570446498
10.3547069970683
8.48397598479796
7.19127442127565
11.1556938411724
10.996695353163
7.1874142463369
11.1712712177551
9.97006853489978
11.3253854623609
8.17066252566448
9.46058714010316
8.39033513445997
10.6902058972444
7.95399186543519
8.85947515414807
7.2513936715236
9.39204561748651
11.4601537415186
7.83945962807307
11.789644292376
11.3513963146538
9.74776186169679
9.13293236766762
11.2314133557018
9.86146806572131
10.479468574353
11.0723467013498
12.6477432691944
8.45609042778661
13.1114090512076
11.7041023460715
8.11376182578378
12.6933772834345
9.61746466799954
11.6687947997315
8.61427353415802
11.1818437323948
10.3161015290474
11.2987844188299
9.27458113554846
6.82050313502729
6.49249809842094
9.16477252794039
5.70067795876581
7.77846135643151
6.39903483344257
10.0615232174347
5.33154503173242
7.39107726743285
12.5786237128749
10.6369754076092
4.25521928813342
5.13877431455609
11.2566400146141
9.98651319463159
6.90284721108368
8.36819008668082
6.78951614760324
7.08366657637397
8.47584049361041
13.3640812847482
8.9725587341772
5.05314606685455
7.55726005980407
8.2341551849134
8.34637929831506
6.34087211503059
8.18732007019462
9.14208255111987
8.51532510680097
9.80638036556195
7.45236261291213
7.71657141309624
8.10079168994115
9.34244586109226
9.38199828566195
6.7117647767032
10.4692646110918
10.0409216238002
6.59944406861491
10.479546594211
11.5645625882828
10.1733472453976
9.33761843822553
8.60900249878128
8.03589237661213
9.69345598819822
11.4750147863483
8.56803971963226
11.4378392414594
9.26768251066083
11.286306992437
11.4919679116751
10.8505210956257
8.46702538857439
8.49367136262128
10.6116964163193
10.4174881049694
8.97813991263004
9.6407942115294
10.8668242275992
10.1935194847315
8.76625967195505
10.6801257739051
6.89607663294143
10.5423633024776
9.69495129372702
8.25458387479742
7.41697404576636
7.37940023753585
10.3974910667689
7.0233595202053
11.2498103647091
11.5368103398888
10.7034603166938
8.87388034708933
9.90985452901356
11.3763985368489
12.4040574135427
13.0898079025762
12.8679624469618
8.08074002550875
13.8518961470663
12.5642433980804
8.76585237707517
14.218354157873
9.08968614854047
10.9195155568749
7.49210292426337
9.37966417562668
9.79805555035627
9.52095685851747
10.1995856569487
8.21462635550629
7.88662131889994
10.2284581639432
6.98079623508001
8.15508763994331
6.59893206364032
11.7802498028587
7.52021720120233
8.42981398121609
12.6585675130364
11.5961250396789
6.37005060664339
6.70158707350296
12.7488522273885
9.92787232881135
6.3895437404169
7.54169030561431
6.27722303232863
7.08096794002587
8.46267088121564
11.662325267173
8.56257858645426
4.7031301262663
8.925676876198
7.59320276972797
8.16389277920577
7.83112186762648
7.8612412581257
10.1543057860537
8.18924629473205
8.70821498591954
6.48229181388679
9.62595681319554
7.40271609907742
10.5571986177319
10.2884444995847
7.61617007006529
11.3757108250146
11.4031343440675
7.50283900658484
11.5457966302817
13.006155935212
10.7487371467612
9.47627799456485
9.94441798976921
8.66219874146684
11.6253836486166
12.4254140634991
8.95324388345804
12.2100737808072
11.5804002260128
10.3079178476724
12.3666906403348
10.2227382304665
10.2697511964505
8.47656326861167
10.1253530117738
11.4823823094175
9.74916746062087
10.60128253737
11.8224456658411
11.9993536043137
11.2311437163721
12.789841020613
8.57194097170211
11.3911603290572
11.1878709032427
8.90949422548252
9.22243387735694
8.96155560221286
10.6992436803822
8.92403537495538
11.1515304924064
13.680535392061
12.1731588609848
8.33794806609863
9.32047233005042
13.4376627769109
13.5661297497666
14.2031277151869
11.5247655422109
9.6461448009683
14.3636736980161
13.7424021770607
9.44009428739651
14.2672639203494
9.14123912840087
11.644396436226
8.21286071788302
11.6933952398545
10.3324507945929
11.3662341582704
12.1046421830481
10.4994094649956
10.1714044283893
12.6757484606227
9.10362356696556
10.4290735448954
9.41218940092295
13.4130485835768
9.54089092345362
9.73608929700637
13.1892180345712
12.653952810976
8.22200910187196
9.48027092101497
13.2365961606162
10.7480005157587
7.17409733897599
8.60174815280944
7.06076627549555
7.57260267607671
10.7560822632382
13.4251027154719
11.1857369804414
7.21913577578031
11.2622542093613
10.1980705276372
10.1776367758568
10.3656387465483
8.00659252340209
11.9817871951088
8.33459756000844
8.63103329032847
5.65332494175506
9.65476910618167
7.80957115593014
11.4522589730012
9.90920113105472
7.39900377052625
10.9118124401783
10.4466020626784
7.2856727070458
11.1930394252838
12.0746691222081
10.2848387619248
9.18596622630501
8.77462303944031
8.45380428376378
9.6741714262039
11.2361743187793
8.62928958817981
11.9459525072258
9.99650650416681
10.9510425029121
11.9928912347222
9.49181204494804
8.51374754482537
7.05220732533903
9.85059712531428
10.1216076720246
8.16859976265093
9.24676423301286
10.8866935560816
10.6267886150295
10.0653307585846
10.9896729862613
7.3784359474162
10.5659854504301
9.81706398620783
7.90270092435645
8.43037511340068
7.8134541390461
10.8311230974006
7.91724207382932
11.3778311411495
12.4291752599842
10.8579694660695
8.53332703683023
9.39930563202404
12.0594470954851
12.4588582860104
13.4822869202455
12.450967873011
8.29199838912331
13.8953121531167
13.4321858424261
8.48888365216891
13.7956123153343
8.36062262036321
11.3753692614288
7.94383354308582
10.4246449986357
9.95906808787469
9.97681056307135
10.642961075219
7.84378828032504
7.51578324371869
9.8576200887619
7.49020350912046
8.05304498252242
6.96071333145492
11.6070307718794
7.41838861041887
9.19227069437554
13.2217176879573
12.4381688345519
6.23980734489792
7.47408927033106
12.7752249897653
9.89269219104867
6.50356923726243
7.8572403158038
6.39023817378199
6.90207457436315
8.73781810673074
12.3276178364187
8.94148434710367
4.97827735178139
9.2008241017131
8.18835881883712
8.2147385180991
8.1621415412171
7.71632819223191
10.3583658492955
8.04433322883827
8.32763752957311
5.21811902970054
9.02385726285286
7.53984061904096
11.2136810700785
9.84777737167993
7.17754386272117
10.9350436971098
10.9624672161627
7.06522315463289
11.4391398852186
12.8984686249803
10.9671313680219
9.29823080930585
9.88392199269272
8.46247077681936
11.7326490448201
13.0714825983114
8.70931299410525
12.7575152806704
11.5279203866531
10.6007328418769
12.2889954416598
10.9854050487423
10.9068071310099
9.20865350001912
10.8497463346411
12.3422333839232
10.5044229670827
11.2904517565914
12.0165981322494
11.6585840283291
11.2523722028538
12.7121458219379
8.24121671315702
11.0763216920138
10.7942797968404
9.42796099125574
9.34220551126332
9.30030794793637
10.8064555957018
9.00722505274924
11.2472589705624
13.5096226190145
11.7403094502086
9.30428706895842
10.2183352778661
13.4310079132317
14.3985905028108
13.6075540057122
11.7347477764711
9.72467408088708
14.0394101185155
13.4836821703679
9.73487242882197
14.4932496734613
9.4958997771183
11.7033386287916
8.27180291044865
11.8444958568284
10.4642062627565
11.447835441611
11.9303685783032
10.674248532484
10.3462434958776
12.835493938819
8.84729386298392
10.6023273932762
8.95107420191679
13.2824288859389
9.33048133504032
9.53104371258027
12.8724162750455
12.4489072265499
8.19990703026426
8.99889895499572
12.9518157208133
10.8655584319605
7.29165525517786
8.39231138779711
7.17933454708957
7.92864108010751
10.8632562246777
13.1289968995002
11.4070852719846
7.30125838053922
11.3694281708009
10.3832534771066
10.1517047702248
10.0862810915073
8.18088145748141
12.3780024544215
8.50888649408776
8.22136862937244
5.74458881196992
9.84523083534853
8.27644764605231
11.6311208071733
9.41458033188454
6.74230590236509
10.5018466573144
10.5292701763673
6.71833013012455
10.6961007806515
12.1522080533824
10.2922333069072
10.2334205453549
9.78629119495044
6.88753040211369
10.1527018133869
11.7449351075939
9.41742553387562
10.0243889123507
10.0070731909416
10.9556649526022
12.642268421134
10.2445416465157
9.74863071523555
8.5187806525511
8.76138620301431
9.94540566922349
8.46762047829399
9.67237235961302
9.59219965890505
10.7324232407392
8.66739819537749
12.6471665898054
7.3029284429569
10.0654639005139
8.97896522646545
9.16398583990312
8.282525314086
8.22205223250411
10.4865990323893
7.45276979007816
12.4980308120076
13.060047145666
11.1473051839332
9.52445173294858
8.3086068936585
11.6545778184483
13.6471800721815
12.7466618152477
12.4109918245532
9.58102240336861
14.2331821454887
12.5380440373425
9.91784400966163
14.6608488371978
8.53452310931833
11.8118619440868
8.38032622574376
10.3321364771756
9.85492474486642
11.3534354018673
10.4699618761933
9.98863513488163
9.66063009827528
11.9871018765989
7.52720892457723
9.6156619917689
8.5023894540933
12.8925939847829
9.11573010856063
9.33284355922271
11.7123089434476
12.17329439767
8.17453506536624
7.64321089657018
12.6569167709083
10.7239184623602
7.15001528557752
8.53648877254414
7.162381808824
7.08368108657545
9.96568834504596
11.7971279829619
10.740349689292
6.5140273175527
10.4718602911691
9.34656446915179
10.2534847427869
9.41329976363741
6.47210407185545
11.4038857308903
6.8001091084618
8.13204686585847
4.55696469460379
9.28855299993219
5.83034949564299
10.630336270654
8.71453977287211
6.04226534335265
9.80180609830201
9.82922961735484
5.92893427987221
10.479743260691
11.9690641120094
9.50283745665488
10.6700742382591
8.9968953446981
6.81642607491759
11.0339891548968
12.274915725935
9.94121954125217
10.7574988708873
10.4916089694356
10.9587258889852
13.2590707828547
10.8804843610097
9.97464602661703
9.15472336704507
9.77924315054531
10.0393224525372
9.61545183911985
10.7697744570337
9.83157987637472
10.8215949443468
9.65054581448985
13.0667570488581
7.39108979117236
9.24131245665347
9.86530843749757
9.10699368462726
9.06007005688821
7.24801039552597
10.5676117727684
7.54581990670282
13.1659913731541
13.0866058893172
11.8670210986997
8.64563950615368
8.09929167709348
12.385290747194
14.5001482847192
13.5531604458375
12.7220325197357
9.51475888734763
14.5473619367955
13.3425017473717
9.73409991115415
14.9785247903075
9.34152230137337
12.2970837090642
8.95738591739702
11.4524676603711
10.4543284295491
11.9166149256175
10.4941362537056
10.8065939673912
10.4785889307849
12.8050607091085
7.55138330208958
10.1450685342194
9.2218946378122
13.336935450947
9.55179803800463
9.89064525367145
12.2790990075836
12.7310960921188
8.29587801774787
8.26641494293685
13.2258319465202
11.4793981901348
7.90549501335209
9.17340562213181
7.87854428831965
8.03393398131099
10.4625827614288
12.5980354431762
11.0084536269231
7.01092173393552
10.9687547075519
9.73099841355385
10.554794583999
9.77593784319915
7.15034837125183
11.4944533833821
7.47835340785817
8.78027388343267
5.64245073743839
9.93678001750639
6.07125915313717
11.4333984983019
8.10156545553909
5.42929102601965
9.188831780969
9.21625530002183
5.44165754926612
10.4439041447254
11.9289729638443
9.0155607260488
10.6338927218943
8.38392102736509
6.15064211422101
10.4852654055746
12.197258454118
9.61230031320881
10.2765705360759
10.335532570909
10.7036581467057
13.116052471114
10.4547879849949
9.1682233704599
8.72902699103032
9.20994011562097
9.1683815276216
8.98479125242347
10.0149533522357
9.10743695301756
10.8990935799535
9.02556299624186
13.0688622156038
7.48358284252547
9.14480228681314
9.12758442097125
8.96397537288658
8.4886851845074
6.83572886028096
10.1122370815413
6.95058047860802
13.1746205606826
12.8245176191262
11.7818820995881
8.12277897213368
7.67838246612752
11.8698191676995
13.9718300831855
12.9607345951191
12.5534976928907
9.07773829951162
14.0481591163677
12.7468544296224
9.56556508430907
14.8156987404655
8.63116950006955
12.0907896916
8.82250979856201
10.7752563718772
10.2418993751005
11.7103209081533
9.77308358060433
10.5934519799188
10.2654469433125
12.5919187216361
6.83033062898826
9.93263947977076
8.76148545093612
13.2832458990225
9.43969877095869
9.70099629060341
12.0349885264907
12.5091370197053
8.24069403796739
8.00835022622575
12.9938109929458
11.0905416560641
7.63485631834767
9.18203480966029
7.60859208424135
7.43869455321619
10.096088434865
12.5966819958378
10.802517781296
6.64442740737178
10.6022603809882
9.53191956614126
10.3591521395284
9.77458439586071
6.71752149685232
10.9251503484577
7.04552653345866
8.59251754506303
5.45469439906874
9.74902367913674
5.63201734995775
11.1798876625484
11.2060957097031
8.55377243620766
12.2051007873324
11.286520353526
8.44044137272721
12.4182120232541
12.8629104367981
11.9501256266557
7.84602482602729
8.90646639742945
9.09063266646177
10.788709305466
12.3100631121729
7.46292585827089
12.9670304636493
10.8515808705557
10.8544031289522
11.3139742811421
11.6982022236878
8.23376227845293
8.55216531020745
11.6313221435142
10.7378483133838
8.44815081217968
9.48241576654068
10.4024588303926
12.5243072855411
9.45046025717255
10.9917078248388
9.26897694683928
10.7325753809237
9.09415230478225
9.75864945072774
8.0918166519509
8.05439558408321
10.5289675059284
9.00175273040958
12.5155992501546
12.3409382045354
11.4491821488175
9.32855519062191
10.633188180233
10.2510241223965
12.7100171137301
12.5088257525881
14.1386301525789
9.44715386155755
14.0781898382838
12.340762347686
9.37810687713032
14.5028052540401
6.88279203639551
10.405462505978
7.30037843907503
8.9492643620278
7.7760441441482
10.1522120841187
11.0642475316227
9.46135823286006
9.13335319625372
11.8056276257732
7.49034435484002
8.9621526827293
7.64907203455606
12.7346118099998
8.21934230503408
10.0513003078206
14.0208096102989
13.2878739532116
7.50964336172957
6.96533544090721
13.2907087758902
12.9474973661059
9.46038303353679
10.7562763243398
9.34705197005635
9.53929664184206
11.1417919746301
14.4737657580685
11.7390171500179
7.38328178484931
10.2922539228129
11.2744724337873
11.2086169097827
8.28053784173507
9.51480864619978
9.3937074718393
9.84281368280613
9.68094204350405
7.29552659570872
8.1813340919118
8.79456316831665
11.2896938044963
11.2195517776693
8.70199900440151
12.2185568552986
11.2999764214922
8.59904272861583
12.5204938725927
12.9469266929343
11.9299630013462
7.77931932056566
8.91992246539564
9.48420424245427
10.8155324671107
11.7122949523215
7.47744218041531
13.0954060028485
9.88773008316147
11.0534159200884
11.465015699735
11.6382475275757
8.6533699266255
8.49221061409532
11.5818991953882
10.87369544977
8.6432838651082
9.91924315533571
11.2549876120632
12.4147718429542
10.2844712567587
10.992758418525
9.2282599492242
10.6697870948028
9.83506598265246
9.86314040065572
8.79617266479679
8.21480817049874
10.4977614204038
9.43195578059664
12.4813737570485
11.5634339802941
11.4530126387255
9.35031233090305
10.6068201493225
10.7786177844212
13.1860248213137
13.197859670291
13.736252106215
9.59581700482401
14.1412631868823
13.2089388129027
9.04670406724858
14.1004272076762
7.76750481848001
10.029726187168
6.92255995509425
9.8572285309054
7.52086976758674
9.77647576530868
11.1946243492756
9.61152073163042
9.28351569502408
11.9557901245435
7.62072117249291
8.55876428097323
7.61964423031084
12.7829106034019
8.25013306287644
10.1992492058506
14.2298122920627
13.4358228512416
6.63058848150062
7.32128826397757
13.5007218130462
13.0387510253792
9.53663999721064
10.9751941071146
9.42330893373018
9.80068177695236
11.1587467581336
14.5460340524705
11.751088807719
7.40521154354586
10.2464592770874
11.3986100471356
10.7220401305112
8.28158843542128
9.42279521643537
9.33478334089571
9.75080025304172
9.5811162329988
7.19365986464278
8.07812269345006
8.8477095948428
11.6293760879448
8.9297596486939
6.25748521917443
10.0170259741238
9.14670298709597
6.29681201035532
10.80315268768
11.3754681648184
9.54271015053164
9.12349030190551
8.02003484974914
7.44348586154375
9.37483431873934
11.3312622929704
8.52317113263951
11.6718127293663
9.4748526391782
10.1746827443505
11.9368095353521
9.37531174571379
8.27214910802116
6.40392023305169
10.2584482121336
9.16859940950366
8.30445933050185
9.78959545681027
9.80461919489775
9.58536788502551
9.75291917710806
11.6008286691612
6.38344093954991
9.20303741273498
8.51752259259951
9.32635133246836
7.75282219884905
7.1096097919551
9.19029089538117
8.60360775767337
11.7140219032739
12.423315976897
10.6336411666763
9.07058366710957
8.79479362035109
11.2383503015694
13.3112314191824
12.4843797180088
12.9565809108943
8.586571739892
13.1890551291898
12.4738529531658
8.88763460762075
13.5298864515891
8.17827779976092
12.1087451187662
8.67720940042324
10.3928727408475
9.65234966311373
10.6026089810856
9.92702482792018
8.57291834693745
8.24491331033111
10.7116222484942
6.6675129057403
7.28586454931479
7.14392382347209
11.3265862402219
7.76585076509357
8.83427731427686
13.2773592296205
12.0460141993999
6.67410201091423
6.96846122325528
11.6602293239336
10.2507626440518
6.67685946726911
8.35094539691036
6.71618625845001
6.84041582579136
10.0264693829956
12.1021784693208
9.90026904402177
6.26692862804622
9.61716295892711
9.31174380743495
9.96290927149609
7.86352584579125
8.03655235476339
9.31217217867885
8.36455739136975
8.84209365253299
6.55895718070339
9.91607216138583
6.67825047772747
10.1037036400569
10.3434303861651
7.81703014539783
11.3424354637944
10.4238550299881
7.70369908191738
11.3281610078765
11.7842024681508
11.0434668221473
7.82984311240904
7.50779018876646
8.89635161676728
9.92890237683844
11.3495131609888
7.23014852775785
12.3466532393837
10.4978278545087
10.5120977337765
11.5370673907117
10.3079160309609
7.40629170186236
7.18218666789339
11.1291709757796
10.4311052987565
7.89291546473211
10.0592890913801
11.1796395254645
10.3036937300675
9.2816930952594
10.3569818736997
7.108334368838
10.1004004567012
8.93893552330854
8.71635960045
8.49286035836871
6.7719776431985
11.2762030560417
8.14761437747472
12.5866515885387
11.6867456164144
10.7670183153562
9.03597159430991
10.1686464741254
9.86405428792802
12.5911189772191
12.1011052966518
13.7978184141009
7.87019162566354
13.4608518094962
12.8416042453002
7.1729567714203
13.8278417663984
9.50728696870198
12.0425348363608
8.92466269142428
11.2104741321543
10.1889878817883
11.6897504848173
10.5391951323341
8.37240986616522
8.04440482955887
10.7166792590783
6.96529195555144
7.65618436317865
7.04668042731591
11.4192998413941
6.01885844508993
9.38482463325323
13.5701432151614
12.6307227734296
5.3113646659237
5.79763711528807
12.610420834043
11.5896038178212
8.24983607759126
9.40097228739653
8.13650501411082
8.45797792450481
10.3097276719386
13.5259751945584
10.2099092075109
6.86176832522503
9.40178185101037
9.92114804817964
10.0987453408597
7.38780316537474
9.28318659831477
8.87001480969243
9.61119163492112
9.70477736417424
7.6849550409334
9.3283262921313
7.9215328712474
11.2954834220877
8.27814305376008
5.60586862424061
9.36540937918997
9.3944602329501
5.49354791615234
10.1487510825695
11.6713904731315
9.06745109293502
9.98616136676073
7.40334498087539
7.57865449490646
10.971434528669
11.6548824659421
9.3324795230902
12.4409213460081
10.0492959243719
11.9613035325672
12.9985847040533
10.0681445150359
8.79752802646468
8.18039420349771
11.0681451313093
8.86704378158685
8.34136727414358
9.91029641555414
10.4395276770778
9.67070292926362
9.47651296835254
11.5376064532757
6.46643329087382
9.24807798289725
9.59449763946598
8.6703976044226
9.00018333665177
5.59037155654907
11.3255397020095
7.51177294079275
13.6175628246787
12.4980996245982
11.9881433615371
8.83976005935246
9.99444217596263
10.7604073873804
13.9942189993184
13.4550326133398
13.8540448689832
7.52636256084913
14.2472701391495
13.8664959602133
6.71849887150564
14.5886098633033
8.95728513784216
12.3204884942682
8.89103494109597
10.9470642412326
9.93538807647118
11.1181206657966
10.3954589231925
9.98546083428782
9.65745579768146
11.9992926427247
7.24270135709391
9.09738236824246
8.79911498889719
12.260010598777
7.33945023705501
9.78195336434351
12.6465535191939
13.012198419589
6.67759461191577
6.1829208906991
13.2630472916272
11.4469304372639
7.9086018488694
9.10303524263512
7.79628114078112
8.61636296450442
10.4570131618732
12.8720806316883
9.13281524820766
6.6974724069238
10.484436680926
9.29576518570206
9.87186753432903
8.14856237256379
8.89639130242884
10.0560731054457
9.22439633903519
8.69465268944198
6.88980739380834
10.3210141050604
7.25617230078818
11.5786177406912
8.89461374718212
6.22233931766267
9.98188007261203
10.0404259482355
6.10900825418223
10.348419047959
11.8285749479002
9.35490639435855
9.07637759004809
7.83052375819724
7.94744542857391
10.5353680645123
11.4590858519841
8.13877640219084
12.3750449482102
9.76912752018223
11.1527274814595
12.2045380358561
9.91575174897995
8.57800997947382
7.93325218096113
10.6845153647916
9.02841265030031
8.34940020957193
9.58171517980807
9.54802830427485
10.0938717810769
9.30097057582666
10.8466864092487
6.89372522841854
9.32617212802734
8.918494147064
8.62108373883006
8.45991784391566
5.44984714449313
11.1194617226704
7.76703388165633
13.2240498159997
12.2069121708428
10.7010508869058
8.36752142782868
9.69302823393591
10.4964857709374
12.8183367620728
12.3225231097355
13.140633692591
6.9975439098618
13.5199859515094
13.3920374503823
6.21847491044275
13.875637146492
7.82477563423782
11.4489027145692
8.01736699622617
10.381923840286
8.91738450081868
10.5745399227039
10.3040030716498
8.72735437997646
8.39934934337011
10.7411861884133
7.13554719659609
8.71505629294029
8.37649492238268
11.8398661363942
6.88192459257084
9.26972986550113
12.3828556978284
12.4814667506241
6.48630580892551
5.62751476644475
12.6226601140393
10.930297666756
7.35639448997335
8.81577253362166
7.2430634264929
7.68292090587649
9.97044205545275
12.3338234240036
8.93260357107157
6.21298346567412
9.99786557450557
9.16883174107002
9.71931508716907
7.87271661420611
8.65303849858172
9.39456168170378
8.98104353518807
8.53333059548
7.06784695386155
10.4374884538618
7.03512011370076
10.7126730220356
12.153283999823
9.49919398744774
13.1548617794041
12.2362813455977
9.39623771166207
13.3903119313158
13.8463533915901
12.6531688407066
8.95895308800506
10.0054290306086
10.8911254769483
10.2172438700657
11.3671351066844
7.68341020935748
13.5662777441165
10.6079230261142
11.9979629081699
11.5660619987248
12.1066658523504
7.99337514578617
8.99960774668182
12.2242954978183
11.2629438158087
9.3179372523283
10.3725649606861
12.1174860941173
12.1282088802775
10.0148358906225
11.0529240522898
8.72030734453794
11.8780576198312
10.1528733065535
10.3186171708434
7.97217600022949
8.89302442673248
9.9780996403145
10.1361495761442
10.5535167144269
11.7475450519628
12.7562987525221
9.7185460085062
10.4405602248659
11.2376679259761
12.2319034885021
14.0561815950703
13.0287535668974
9.87304521923688
13.5460875967187
12.8969368853857
10.3287421054987
13.8345006129288
8.59837037068197
10.5958310606082
7.4886648285345
8.88020641662191
8.35867828926736
9.03247847843922
11.1677939337595
9.01956045437504
8.69155541776869
11.3617476821174
7.59389075697681
8.28157778018971
6.8646081359761
12.9257490755066
8.5182939718588
10.1743821722988
15.0343217209112
13.4202803124752
6.31937951016804
7.79782479674977
14.2587649749957
12.0827565614382
8.5336303056554
10.1372154203406
8.42029924217496
8.72245116845297
10.5908723234431
14.6207054244671
11.2054709197253
6.9175732338752
9.67858484239687
10.8106823409152
10.5041003918529
8.86237734628482
9.01146736459085
9.14194231715574
9.3394724011972
10.5099902690835
7.83027513057299
8.97903691785881
8.24492925578539
11.0148418541701
11.4770787295759
8.9595259563082
12.4526835003342
11.5017192053119
8.84619489282775
12.7144012663433
13.1393990150588
12.4879680925007
7.70810217729352
8.5357770669161
8.99967319113452
10.626337073296
11.2476129831017
7.35392536995381
12.8370091744393
10.8925916325668
11.698710922709
12.0586652843535
10.6127335633801
8.47645636640495
7.60365111059055
10.825209649012
10.4802775990185
7.99239947085393
9.61910761989996
11.2067614264421
11.7761055892134
10.1950528533004
10.439657073748
8.80050119037586
9.94946329358248
9.51635814957261
9.77927396930853
8.78920883622395
7.97528028889321
11.1479654971855
9.962427939897
12.7570740455753
12.0504009631889
11.9407141455025
9.51876699256883
9.97678493951353
9.92057861660835
13.0667914469545
12.8615703256574
13.341254460383
9.66722584537627
13.0434940278058
13.4977172618755
9.22123361530095
13.4349527861798
9.32801836713424
11.0490046712736
7.92562008967289
10.7134116546978
9.23893001826257
10.4677492128079
10.2758542097214
8.9222146503227
8.59420961371635
11.2664840432358
6.70195103293878
7.96347910630219
7.01890783502781
11.4738834330855
6.94627797435923
9.35440531875754
13.2589807489689
12.6003034589339
6.22980100043296
6.38420893974328
12.9422681366487
13.1362983442284
9.80537807149805
10.7726343983116
9.6920470080176
10.0765304729662
10.596476211963
14.4956421997745
11.1223912236803
6.85089608323635
9.68853039103475
10.7256398745665
10.2855747710592
7.6124966201695
9.30768670390268
8.35044035121862
9.63569174050903
8.15381077287863
6.84460465122119
7.09952345718175
8.41431022280791
11.0161113516497
9.72968248455535
7.0594489755966
10.8169488099853
10.8443723290381
7.09205303686355
10.7737196511559
12.2288165684946
10.3379511770399
9.04596296973198
9.68472385320919
8.06122806097473
11.1045357580302
11.4084594002782
7.80634271017088
11.8706499652042
11.1763573519241
11.1607691732016
12.2307162795847
10.0306968115583
10.320795589723
8.2275231420714
9.83039749966494
11.1090803923899
9.52295731755024
10.6339417953371
11.5106134502618
10.9991778868425
10.2457968523735
11.9398669944592
7.56968308906025
11.1315936281553
11.2152862551579
9.40223776231471
8.26644052392136
7.44272308665026
11.3150852995363
7.96013360099428
12.2581236176559
13.0659637446527
11.9496005608334
8.92029411082642
9.29342963501744
12.0483683994667
13.3343645440056
12.9844794124289
11.9727907118799
9.35239786547096
14.1389479666917
13.5461217822539
8.41350575885395
14.1362412230379
8.92282206638521
10.8846546862386
7.45311896789561
11.1387785622133
9.71277206057624
10.9032560098724
11.0793925404986
10.1566000069232
9.8285949703168
12.171579388796
7.87690859776912
9.71500588776834
8.57379422364215
13.0502553207981
8.65512666255911
8.90716882806242
12.4166760653654
11.7914269461883
7.2492571436023
8.22938958376438
13.3804579032653
11.1193182614591
7.54541508467648
8.95253355851432
7.58474187585736
7.70897144319872
10.1058760105846
12.5194031793111
10.3559673704539
6.45701471246753
10.6128802442097
9.62278637177464
9.70082767846561
9.94459845442027
7.89989627331043
10.713826318688
8.22790130991677
7.7806596463097
6.49623319290667
10.4303543905256
7.52324675651041
10.2519254613442
9.27825569976047
6.60598127024101
10.2538157132708
10.2933287598421
6.57971703613468
10.1359621440748
11.6252829953932
9.74602809459753
9.96098623496114
9.24122858882751
7.40408771206699
10.0346552410247
11.6504083744275
8.95965271932904
10.7880573673161
10.7084089853211
10.1539336420642
13.0506859314996
9.19385097103518
9.60386298269812
7.48378828602569
10.368338550291
10.4472019762196
9.74318630470487
10.5235700725591
10.4141185145041
9.8038855024667
10.9412081960562
11.8454009777126
6.38103897208382
10.9570804825065
10.0014799106268
8.85053443894116
7.68514610415649
7.32551653315658
11.5392953822501
7.75480141631006
12.5970980300001
13.4514654233237
11.8060396594721
8.98611700214388
9.03862418031068
10.9800394406913
12.8863983716969
12.4756879560217
12.2051279458917
8.34244936981314
13.907836417406
12.8611053803921
8.46412692196506
14.2934213746039
8.17294502496192
12.2328466286007
8.80340089906424
10.2428692879122
10.4008814231144
11.4897790830382
11.082996715843
9.49481256839344
9.16680753178709
11.4932793101107
8.14024376422692
8.94134026098654
8.48362025608557
12.1785600219236
7.7575515981768
9.89966246124396
12.2012115663968
12.7078031903459
6.94446333343497
6.63852643965826
12.4787324900339
10.0541247950195
6.59843945730314
8.48684433239738
6.57217522319682
6.39359246243825
9.35045234956361
11.7650589767328
9.82900766799991
5.89879132207034
9.85662429568675
8.94221674993386
9.38836233865149
8.94877624338377
7.65452997220367
9.78154159997674
7.98253500881002
8.03400478915903
6.95053317601536
11.5264360419746
6.75294008079207
10.0397374651804
10.265674541548
7.59340011202852
11.3529408669779
11.4481870663962
7.60576663527499
11.5749317946412
13.1278232941257
11.1796698120577
8.68327389626614
9.59943630709272
8.21655931265314
10.299301106265
11.1427844781321
7.80877833312986
12.3557527250416
9.73858473206526
11.3882986572901
12.3534312027933
9.80868984767714
8.17884164701238
7.92197010130746
11.5644832959632
9.27491343843865
9.17846947417355
7.96398617287836
9.71467499865437
10.6642801922995
9.63992794162992
10.4147605793065
7.23478539451715
10.0469172393697
10.0456990581758
8.63275916808299
6.81506731662173
6.08250047871863
11.1466001080266
7.96752271273165
12.2080397768244
12.3276109277395
12.0254623933924
8.47780531986923
9.83137469367961
9.22801360419977
11.9199531470715
12.0377727730722
13.3238571855501
8.50080678199471
13.583731131002
11.9149398371307
8.81971342513252
14.2953757886364
7.93898029261914
11.2333582596964
7.80390470652413
8.5360801930527
8.61644661678078
9.77879738107477
10.1597706386024
9.80711383924515
9.47910880263879
11.8294309633928
7.0070130725038
9.0550879361066
7.59723623370795
12.0125138826256
7.56731806619622
8.81409018149545
13.0499361523627
12.0062896002285
6.5373134790606
6.78489484888598
12.7789672866525
10.9553848641366
7.3814816873539
8.94011677656313
7.39283785520822
7.30420123582049
8.94552586825646
13.7937655957558
8.98234100642736
5.18598511330713
8.97294938730928
9.07631389965996
8.95005255727951
8.30370783620055
7.99189071289351
8.65475801225607
8.31989574949986
8.61307442212727
6.82876196905177
8.82747686237571
7.39951348639146
10.4344331626362
9.11647338159898
6.44419895207952
10.2037397070289
9.8231579974017
6.33086788859907
10.1065762285969
11.1936331432293
9.57676602877541
9.48166717776758
8.65493854494592
8.14224947057534
10.0897177303848
11.9405594119882
8.50538888730143
11.9466961991537
9.52251656738159
10.9356309295074
12.5210356075547
10.224804593916
8.81766133873962
7.78314133965466
10.6790971688208
10.2590353890414
9.09056987329424
10.398850722276
10.7690646537711
9.67398204367056
10.232442875553
11.3011424451197
6.30420677523233
9.74337106080655
9.48264287262036
8.44043248373501
7.66167780147626
6.70017240905685
10.9824399110905
7.37860877312983
13.0507518881081
11.1510416639684
11.5864280176187
8.53785612257283
9.88810422671365
11.2670561977214
12.5330265872675
13.267075095718
12.4348036730298
7.21997656098667
13.4383929616455
13.1021859991767
7.68990874744765
13.667183016043
8.18330116843996
11.773445917457
8.34191019911401
10.7538252123941
9.61317094659794
10.7720233622059
10.5243732429939
8.8970975996261
8.56909256301975
10.910929408063
7.35591736794019
8.14111452743251
7.97725979222433
11.6775539015036
7.35224629182638
9.33285968191124
11.7624966221409
12.5445965670342
6.47813150724478
5.81974533749386
12.4446780397772
10.7373915040475
7.1731130031108
8.65124389413024
7.05978193963035
7.38125485002434
8.96452939765088
11.4361015831734
8.87540065949479
5.20498864270152
9.42753539263324
8.09474671830937
8.77073542190884
7.19782089333169
8.67152868809065
9.19650921421041
8.99953372469699
8.54174092777573
7.65614667922847
10.5902057032992
6.83282988313573
10.1485955983875
9.26378449043028
6.59355098147152
10.3510508158602
10.378474334913
6.48021991799108
10.7215990275557
12.1809277673175
10.3821281313801
10.0028100936883
10.7114704475977
8.81925450255481
10.9288469992069
13.0181069002846
9.13340889143163
12.6540916350768
11.7044427164797
10.9670195537369
12.1087290515639
10.5801870468336
10.2835325785981
8.7790955425174
10.8833566927284
12.1123031328857
10.5309633128362
10.8488543374818
12.415222988547
11.2293370681136
11.2275065228457
12.2321840781296
7.80192443550206
11.3895033353443
11.2869764975873
9.30344958092278
8.59616471601857
8.65619786559045
10.2861919436288
8.52316515289108
11.4080754266611
13.6595447411071
12.6104510694029
8.83631111718454
9.67034059845773
12.749002653745
14.4319997648711
14.3104785423769
12.3823377862233
9.71525217769008
14.1663802003216
14.0546910105211
9.91612163050964
14.6031674473342
9.5399490654415
11.4374429575788
8.00798940440647
10.7594226626091
10.3261793078609
10.4819016773971
10.8372118170157
10.4772722908588
10.1492672542525
12.5918088352949
7.71850727717754
9.62944237788078
8.37502316025687
12.8440290458326
9.20155029616257
9.76539434993711
13.3208604508113
12.6530312717593
7.86942781689459
8.79968459943123
13.7654059778012
10.7669410143375
7.19303783755481
8.29268361478189
7.07970677407435
7.34674130978902
9.75448631986876
12.9479651874066
11.2323212075805
6.19074045828916
10.2606582659919
9.96489268181042
9.56665936194968
9.57173187058089
8.1619764568336
11.0803992685933
8.48998149343995
7.52724562698606
6.34582712770764
9.85141624099447
7.92167467757109
10.6963187808476
10.0475407681921
7.53202891548498
11.0465458458214
10.1300063325757
7.41869785200454
11.6579881594334
12.0850680733196
11.0776231613413
8.75689408586743
9.68366194154943
10.2947544095886
8.87577240475609
12.4008169705276
7.71766656145779
13.7882812330883
11.3167682131303
12.1222130989641
11.6441224126661
11.6572557881609
8.93976872425269
8.69357784804264
12.0003303316605
11.0937930972582
8.80305655766311
10.2700148123769
12.1110673445966
11.9491553453243
9.50221198914407
11.2336961061444
8.75774650873256
11.0785249158918
9.78778747617789
9.59242428128598
8.266060373237
9.07481108872436
11.0872987613546
9.13718518995794
11.8625648392516
13.0988253445306
12.3931918426771
10.2553002523772
10.8525411360229
11.3562441660747
13.7733706721081
14.2299363210518
14.5548979990293
10.2952458782272
14.3003013367989
14.0435359921525
10.4929740954067
14.7302492460241
8.94445836534688
10.9560518946418
7.84888566256805
9.55879198602831
9.38741823568597
9.53932209508289
9.37336664031315
9.03499554430193
8.70699050769558
11.379264937215
5.79946346353049
7.68444586626119
6.35433070413633
11.7226922931931
7.79547359950899
9.50486851125878
14.843837109905
12.7414421566498
6.5740969399485
7.41885481075366
13.9139669757517
11.4953610378617
8.09562232015959
9.199925307031
7.98229125667915
8.55917364801019
10.3178787174833
13.9007134249805
10.8368534574482
6.66047532111594
9.40993289655505
10.4056437225825
9.93243878821667
8.05547919344791
8.61200163138059
9.52673026814533
8.94000666798695
9.15892757565476
6.41907674598755
7.60159808455735
8.36629611278497
11.3057404537262
9.71616636155062
7.12647753263244
10.7151714391799
9.7965910053736
7.013146469152
10.6948130834444
11.2381670141947
10.5688606521941
8.15110002422761
9.02587798505328
8.12248579425803
10.4524006619661
11.7767746295084
8.02826122223961
11.6811414207218
10.216865719964
9.00710081621234
11.6254454822608
10.2767878800195
9.00074636439975
7.14543244947775
10.2992867083606
10.6083850188238
8.431854949669
9.75413992286108
10.5807605194992
11.1038111189007
9.81442974624642
11.5836784388275
7.94798274344041
9.76635329430715
9.17573872548232
8.92252837362606
7.88232581908933
7.70453332827407
9.71530143541856
8.22891774661164
11.6045904087941
12.2689539438841
10.6931102958543
9.31850475959301
9.74906251640954
11.287088359128
13.4391110894652
12.5096305272533
12.5912424885331
8.54342103361937
13.1605278525605
12.1598067507746
8.61439645677159
13.3853963855894
8.16545212747445
12.0319734010421
8.60331982427083
11.1610729043429
9.66857944348822
11.2823895559857
10.8202327015804
9.39467418500195
9.0666691483956
11.5333780865587
7.44844066623714
8.8933908502194
7.98117007763101
12.3417705798978
8.17522605529265
8.86009286560646
13.2486190267364
12.1059910057828
7.34409716651612
7.52192219719714
11.9855609528203
11.6704221296461
8.27068341194398
9.16793390491565
8.18372931809662
8.43423977046623
10.8960399973838
13.2634398104629
11.0044978588502
7.13649924243444
10.4867335733153
10.6024346586252
10.6700484070756
8.42737489715547
8.16584571447233
10.4611355845015
8.49385075107868
9.00942826324931
5.97648159528488
8.74604328876444
7.46166298925301
10.5672176431389
