0
0
0
0
0
0
0
0
0
0
0
0
0
0
0
0
0
0
0
0
0
0
0
0
0
0
0
0
0
0
0
0
0
0
0
0
0
0
0
0
0
0
0
0
0
0
0
0
0
0
0
0
0
0
0
0
0
0
0
0
0
0
0
0
0
0
0
0
0
6.95788638298559
7.83855533289444
7.51205916932828
7.07344781894121
7.27103728911095
7.17051448612034
8.39099347080465
6.89283549231484
8.04034858761177
7.03874047022115
6.80672529053638
8.15943436029506
8.81890428098973
7.80075735826234
8.17275755631683
8.56649658578698
7.45635043015093
7.3724777413271
5.92258292047156
7.37831990808316
7.90423491613782
8.18216574570315
9.16533126057754
7.95680379278118
7.11006984630338
9.52817960200804
6.32257191466087
6.87210851940216
7.26722653600154
6.87805355250364
6.54387986488727
7.59810955627928
8.493474322712
7.53463002505597
7.01402089115171
6.30513623101452
8.063124346458
7.26060037635613
7.86784991018175
9.5640781553235
7.38988649216859
8.5950155662973
7.20742104792854
6.67224422355343
8.53406690906689
7.04499570642503
6.30353295951515
6.95063431688826
6.31989003826229
7.78604899569034
7.40834426482727
7.3443429521193
7.98208487708966
8.37873872614043
6.51377406917665
6.75844141107467
7.01174230381853
6.94186356316689
7.90713307527003
7.6052310217962
8.40134975757245
7.40399272117956
7.40776671931842
7.6043982775096
7.6508579310745
8.33439491995465
7.18366879054302
7.33682216482197
7.39268401833629
6.79338332564201
7.18774260670106
6.70726497603316
8.72362386295053
7.13178825930957
6.95244766573885
7.5817754757688
6.5866665651758
8.64963902975614
7.57633877885004
8.2753338622084
8.72608892398125
7.60164868016739
8.18716329691046
7.49621252931749
6.08809301790588
7.10085072292875
7.99686994430746
7.56688241814452
8.53282771002246
8.98566667639467
6.4729057215806
8.80836471817913
5.95442375771223
7.09829674981784
7.84073060500135
6.58326283338504
7.07135511271552
6.62227686051283
8.29828287886147
6.96453600498047
7.26336690528701
6.4763510503211
8.02943370491912
6.71598772746182
7.41810682162494
8.40314514149944
7.49107421842458
7.37422946359585
8.2395571795583
7.79742937139133
8.03383959556691
7.93412683157474
6.9054114310268
8.05057654476479
6.98935049197455
7.42419473818163
7.13920962650154
8.33342809579754
7.18899250000685
7.60242869854525
7.47111838191222
6.20456211762016
6.99603016928553
8.12873004986614
8.62756880932057
6.98678848726131
7.67957318450322
6.69023962519897
7.25093453161465
8.10551670389248
8.11565878971732
8.40272666100061
6.21664512277408
7.44283551196687
6.9009176673965
7.38140633835594
6.68181118448913
8.15902083812407
9.0729562504774
7.18410629119737
8.68210388091737
7.69322475062875
7.38948649590519
8.44827338661736
9.48666742087498
7.63241739558774
8.06722664196315
8.52709759023448
9.41358215430928
7.38851576025854
6.03577404091857
6.5420274165526
7.95542483244502
8.52062519507209
9.22724794237535
8.21361292510282
7.34460907829111
7.58699034884958
7.83602152518883
6.1952961356435
8.09946222860815
7.37392431708636
6.93790733751583
7.06274588358632
8.63689648893074
8.17959489030427
7.48219305429544
6.43116719190575
8.4292257236745
8.1505331804789
6.45459996143484
8.67438828550951
8.51770447275672
9.55200916169368
8.47199048573303
8.06904294423651
9.27594584592326
7.03341473877317
6.53216954739826
6.90331307593517
6.65041344517343
7.84371716838626
6.13611449431728
7.84109074667074
7.89382024161388
7.63658964790451
6.77574923594185
6.59052767001373
6.74773214573509
7.89638411581378
8.98320036580589
7.38800282544894
8.96691609674572
7.49501988749131
8.05554013837601
8.49143998068006
8.22735907448674
8.08543499832032
