11.9435543336341
12.6756505219618
13.1970468757503
12.9021009423118
11.5595461268053
13.0609189921241
12.8117784055881
11.8321510119071
14.1235334357789
11.6045283044761
11.6926049697232
12.2174194820694
13.6382759455467
13.9847299296898
13.3007670681625
11.6448453769452
14.6213775147493
11.5582858634718
14.5088019059412
12.5168324721495
13.1664479619111
11.307336499561
14.4655223648286
13.6626250617543
14.1928295034744
12.2816892244324
12.5630749131537
13.7629576922992
14.7386478699893
13.3558649255626
13.8263416308638
14.6260722611812
14.2408037910189
13.7105344818857
13.0551326164365
13.6041396424869
11.4469705179972
13.9436119861038
13.3899322004001
13.2530074753844
12.5146112869845
12.8580208465923
14.2116101010261
17.6617377374461
9.23112477431494
8.27890542503421
8.29845176388888
9.09613731740688
8.57673566580252
8.79894551249181
7.7784116764313
7.50657831067595
7.45002701639746
8.26348245999251
8.48633074253502
8.02661839813354
7.90738006080511
8.29075896904299
7.56150743730768
8.35250520336765
8.10579285136242
8.71108468685734
7.97006710385506
8.57609722994928
7.77077315995444
7.96629065507744
8.17545317640792
8.15518151546498
7.75104819607151
7.234872971789
8.14552436971104
8.26285181622418
7.88031575126838
8.0012599589738
7.15283521148239
7.77010357371766
7.25006348626007
7.99362144249696
7.52959903394031
8.56004362113925
8.42632524385277
6.92735811138835
7.7863553971903
7.38733997334752
8.31523156109056
7.33000590233331
7.67287529893998
