22.1697000681036
15.7440397046275
26.6277223879826
15.6928348172144
15.472789853295
22.1892953447353
15.2194052962584
20.9337608950992
22.5445295446761
21.8360900400111
27.7609117015842
21.327088269227
21.4078887265778
19.905520346518
21.4307045790576
22.1060104972235
23.6688231785433
23.1591889636072
26.5177846508349
19.5120577245155
21.1408478634302
15.8679775036122
23.8578502519192
22.899093801572
27.1690177840223
22.9563579472876
26.5544812544542
27.5958697006011
23.5827402989881
24.3377334259964
21.9865727017534
23.4236888755784
23.1511077500601
20.5276263992774
21.5557769704595
21.915721490304
22.1123515974123
21.0942155726744
20.1366461839845
20.278423338201
27.4665062031662
20.2446671312218
21.206057516072
20.7896535292905
21.7863005941269
18.9458079156713
21.3367581697986
20.8420219078122
22.3727213253228
20.7731596001874
22.5945658994823
25.6945400374145
21.5841849330082
22.4407047384604
26.370711438264
21.6038359838779
22.5902785429807
14.4227347707534
19.3023685572284
15.5083894043533
18.8368707759515
19.2602698346671
15.4223566945774
18.041515587349
14.4497103228774
14.7894462644742
14.8759427107656
16.5991583567679
15.4030143971509
13.6477280230568
14.1030164883876
13.3486292328819
14.7218335609283
14.944991840173
15.0891029729739
13.9497970522129
12.6490224376168
14.1216523681695
18.3583144280129
15.2158912903324
13.940440890198
15.8553133529949
14.7734994415664
15.1260096522322
16.328389571423
14.8849253884362
15.8370918543437
14.8865486483922
14.4355584558678
15.4413935133008
13.9915677074256
15.2151974468329
15.2005551719367
14.5809024976832
14.6983557121855
13.7663907313803
13.6413864387641
15.4996843382772
13.2806237887624
14.7076186001467
13.3970074923916
14.6027210046894
11.8462972889239
15.086300370559
14.5023443798918
13.5147653785709
14.2767109300371
14.307945389396
13.150059766661
15.1848626618182
15.1919285241053
14.0656363507818
14.5648769670264
