1.74837083261218
1.74837083261218
1.74837083261218
1.74837083261218
1.74837083261218
1.74837083261218
1.74837083261218
1.74837083261218
1.74837083261218
1.74837083261218
1.74837083261218
1.74837083261218
1.74837083261218
1.74837083261218
1.74837083261218
1.74837083261218
1.74837083261218
1.74837083261218
1.74837083261218
1.74837083261218
1.74837083261218
1.74837083261218
1.74837083261218
1.74837083261218
1.74837083261218
1.74837083261218
1.74837083261218
1.74837083261218
1.74837083261218
1.74837083261218
1.74837083261218
1.74837083261218
1.74837083261218
1.74837083261218
1.74837083261218
1.74837083261218
1.74837083261218
1.74837083261218
1.74837083261218
1.74837083261218
1.74837083261218
1.74837083261218
1.74837083261218
1.74837083261218
1.74837083261218
1.74837083261218
1.74837083261218
1.74837083261218
1.74837083261218
1.74837083261218
1.74837083261218
1.74837083261218
1.74837083261218
1.74837083261218
1.74837083261218
1.74837083261218
1.74837083261218
1.74837083261218
1.74837083261218
1.74837083261218
1.74837083261218
1.74837083261218
1.74837083261218
1.74837083261218
1.74837083261218
1.74837083261218
1.74837083261218
1.74837083261218
1.74837083261218
1.74837083261218
1.74837083261218
1.74837083261218
1.74837083261218
1.74837083261218
1.74837083261218
1.74837083261218
1.74837083261218
1.74837083261218
1.74837083261218
1.74837083261218
1.74837083261218
1.74837083261218
1.74837083261218
1.74837083261218
1.74837083261218
1.74837083261218
16.3449062615539
15.6191563786199
16.6464844209861
11.6867326338711
10.715004807429
12.8243675002685
12.0942647193385
12.111762829698
17.984325366912
10.7342032724235
17.6827472074798
10.6508403713951
16.3383126657219
16.3793824018709
26.7454108667281
16.9556875641769
17.1047253321366
9.79785641260526
9.55485522083045
9.27222770774804
9.63821812185886
9.95963571338726
15.3575437040627
17.0610961532359
16.1981172312703
16.5046748934471
16.2330516260775
15.9231362703871
16.7830457877671
16.7830457877671
16.7591498903818
16.4492345346914
16.5925521133697
16.1523038655658
17.201466780632
11.9397833810541
10.572373917786
12.9115112074962
11.5441017442281
10.805386138864
10.2420296386891
10.6396371710162
10.6159982393957
11.542175848727
11.8338546382509
9.97349786752655
17.1609832953931
11.7122747316526
16.6459671451048
17.405203908447
17.729549730898
11.5824285511932
12.0811945993264
11.9140531112635
10.0903695345384
11.2073801099167
12.2825243339346
10.9823781238967
11.887321458271
11.840120628321
9.7414454142657
17.1139069452378
10.2822823411553
12.0032901896384
10.8249891277958
10.9347394013228
11.4477928339652
16.3418220415731
18.0204822965898
16.6701583623641
15.7874175333779
16.9252646961907
16.9252646961907
14.1052514943167
12.1619712859653
10.5150438077864
11.8607908617444
16.4195714791556
15.6938215962216
16.2947594600081
11.7976561921236
10.8259283656815
12.9352910585211
12.2051882775911
12.2226863879505
17.632600405934
10.845126830676
17.6239510690239
10.7617639296476
16.4358291270783
16.0583670492855
27.0429013180021
16.6346722115915
17.1492175239454
9.90877997085779
9.66577877908298
9.38315126600059
9.74914168011139
10.0705592716398
15.3495111073035
17.0530635564767
15.7739101401875
16.6499425848406
16.2244554192031
16.0684039617805
16.8965921708836
16.1380587143591
16.7505536835074
16.5945022260848
17.0116457116591
16.56311540507
17.1797382510539
12.0507069393066
10.6832974760385
13.0224347657487
11.6550253024806
10.9163096971165
10.3529531969416
10.7505607292687
10.7269217976482
11.6530994069795
11.9447781965035
10.0844214257791
17.2356485129949
11.8231982899052
16.7206323627065
17.4798691260487
17.6400439840495
11.6933521094457
12.1921181575789
12.024976669516
10.201293092791
11.3183036681692
12.3934478921872
11.0933016821492
11.9982450165235
11.9510441865736
9.85236897251824
17.0842243350628
10.3932058994078
12.1142137478909
10.9359126860483
11.0456629595753
11.5587163922177
16.665270936289
17.87333461732
16.6164684191552
16.2914897213275
16.8664685577348
16.9999299137925
14.1859848285913
12.2728948442179
10.625967366039
11.9717144199969
16.7684955994284
16.0427457164944
16.6436835802808
11.7976561921236
10.8259283656815
13.0931944863091
12.3515732252417
12.3805898157385
17.632600405934
11.0021943560046
17.6239510690239
10.9188314549762
16.7078301704279
16.3303680926351
26.9746275779891
16.7052693050559
17.2198146174099
10.090453493223
10.0147028993557
9.73207538627332
10.0980658003841
10.4194833919125
15.6984352275762
17.2179748958946
15.7739101401875
16.720539678305
16.2244554192031
16.0684039617805
17.1685932142333
16.4100597577087
16.9342270104434
16.7781755530208
17.0873880979844
16.8351164484196
17.4517392944036
12.1250782693331
11.0322215963112
13.0968060957752
11.6550253024806
11.1200631438963
10.5100207222702
10.8249320592952
10.9085953200134
11.8101669323081
12.0445634346527
10.2414889511077
17.3113908993203
11.8231982899052
16.9043056896425
17.4829324371294
17.6991586999022
12.0422762297184
12.1142597444202
12.0202003536608
10.201293092791
11.5007612573144
12.4709399003472
11.1707936903093
11.9982450165235
12.0974291342243
10.201293092791
17.2491356744807
10.7421300196805
12.2376326775158
11.0405793564251
11.2188759268786
11.6633830625944
16.9043968653205
18.0649433115595
16.8555943481866
16.5306156503589
17.0501418846708
17.1836032407285
14.1859848285913
12.2728948442179
10.625967366039
12.049206428157
17.1359173565048
16.5074704783856
17.4643572920211
12.2253966323028
11.2536688058607
13.217014623177
12.1509387798808
12.3947716766957
18.7805127947315
11.1192289640146
18.4520728592152
11.0849977481869
17.2073370638509
17.2945582777208
27.3377331419813
17.7518749919964
17.9009127599562
9.97629667878248
9.33915357562103
9.76043540956672
9.42251647664943
10.1173766045066
16.2265681021917
17.8813426195781
16.9558050114047
17.2854528823308
16.9907394062119
16.6785320355541
17.6315545517133
17.6315545517133
17.5523492389879
17.2323861188822
17.3047380036634
16.973353652515
18.1190688312853
12.1925949772578
11.0605816196046
13.1643228036998
12.0323094460467
10.6301339224588
10.6459101378061
10.8924487672198
10.7175154286498
11.946056347844
11.8770617830569
10.4076552443184
17.9395222774729
11.9504496828698
17.4711887076229
18.210513453442
18.5080887129778
11.5536031783406
12.1329733676859
12.7449592167154
10.501654159434
11.7687182660016
12.630989250096
11.3308430400581
12.395637471699
12.3458020239156
10.1527300391613
17.9608139509715
10.2534569683027
12.0599642501807
10.9010144616143
10.8136329554233
11.5238181677837
17.1692168109272
18.9380843472431
17.4992663723628
16.6165255433765
17.7236244826247
17.7236244826247
14.4378636705957
12.2186453465076
10.4894979407972
12.2547051841521
17.2487115861608
16.5229617032268
17.3735236053083
11.9718562480983
11.0001284216563
13.0469894169613
12.1912447261251
12.3343847463907
18.132208420983
11.3441931732115
17.7341981654649
11.260830272183
16.9362904052018
16.8716275602859
27.7159350835492
17.0280030997669
17.4479094187662
9.93657522788375
10.1860309229972
10.0771855187067
10.2693938240256
10.590811415554
15.6230244970307
17.0494711712404
16.2757970844702
16.8660311564801
16.5498891114381
16.2299259913324
17.3605078930642
17.1287389855601
17.1305539178301
16.8105907977244
17.2549714256079
17.0407705804983
17.9370930888086
12.0700416412707
11.3773317287447
13.0417694677128
11.718493213766
10.6794698913513
10.852019539477
10.7698954312328
10.6487598430525
12.152165749515
11.9447460850104
10.5834877683145
17.5041673820227
11.8730127891668
16.9891512317343
17.7368799462764
18.1011520894952
11.5408456453294
11.7665153985468
12.6714684190044
10.0843780834651
11.6135345852378
12.5881770925459
11.288030882508
12.2426310077468
12.2462751036422
10.381827408149
17.5138258011128
10.2406994352915
12.0773041783992
10.8492901763908
10.8114539277631
11.4720938825601
17.0150577744211
18.525037953981
16.8164208988527
16.5918837704156
16.9786228759771
17.2518211123476
14.4266696991302
12.1125663451012
9.79814853319214
12.2143325625802
16.6938303818266
15.9680804988926
16.9954085412588
11.6867326338711
10.715004807429
12.9822709280565
12.2406496669892
12.2696662574859
17.984325366912
10.8912707977521
17.6827472074798
10.8079078967237
16.6103137090716
16.6513834452205
26.6771371267151
17.0262846576413
17.1753224256011
9.97952993497043
9.90377934110319
9.62115182802078
9.98714224213159
10.30855983366
15.7064678243354
17.2260074926538
16.1981172312703
16.5752719869116
16.2330516260775
15.9231362703871
17.0550468311167
17.0550468311167
16.9428232173178
16.6329078616274
16.6765765584803
16.4243049089155
17.4734678239817
12.0141547110805
10.9212980380587
12.9858825375226
11.5441017442281
11.0091395856437
10.3990971640177
10.7140085010426
10.7976717617608
11.6992433740556
11.9336398764001
10.1305653928551
17.2367256817185
11.7122747316526
16.8296404720407
17.4082672195276
17.8052921172233
11.9313526714659
12.0033361861677
11.9092767954083
10.0903695345384
11.3898376990618
12.3600163420946
11.0598701320567
11.887321458271
11.9865055759717
10.0903695345384
17.2788182846557
10.631206461428
12.1267091192633
10.9296557981725
11.107952368626
11.5524595043419
16.5809479706045
18.2120909908292
16.9092842913956
16.0265434624093
17.1089380231267
17.1089380231267
14.1052514943167
12.1619712859653
10.5150438077864
11.9382828699044
17.588915825946
16.863165943012
17.588915825946
11.7881380271533
10.8164102007112
13.2832381917007
12.0638668615858
12.5668486000415
18.8262410508213
9.31913545574338
18.6978858900106
9.23577255471498
17.2854592209675
16.8670166788039
27.1006694159196
17.4782537458136
18.0663396007151
10.2300144425945
9.72025112302718
9.74904956307304
9.52886390804258
9.5123714447574
16.4345899178336
18.035805381961
16.9780073005834
17.6566608220745
16.9593519817172
17.0975508206079
17.7512787463132
17.5194637418143
17.5550452601927
17.6932440990835
18.0272685318105
17.5748913652529
17.9279316315076
12.3823524148571
11.049195773111
13.3540802412992
11.865733161295
11.2209498845576
8.82696182200898
11.0822062048192
11.0849895924941
10.1271080320469
12.2595659392154
8.55843005084642
18.2998889314585
11.9429117296174
17.8899767094969
18.5070876073851
18.6019246804638
11.9919981175512
12.4729043429056
12.5552372593087
10.429793761338
11.5376729089628
12.4839466227976
11.1838004127596
12.212865616268
12.1704134273671
10.2873598442872
17.7439617265569
10.6918519075133
11.9728923318857
11.2423066175811
11.3833731048915
11.8651103237504
17.7905567298044
18.821129648042
17.7417542126705
17.3258321311275
18.0358129045252
18.1692742605829
13.7793469443877
12.1107092415888
10.7406590427374
12.0622131506073
17.0648520415881
16.3391021586541
17.1896640607356
12.1256705093607
11.1539426829187
13.2803660098638
12.2998072976468
12.5652669594495
18.5275050066616
10.4004839864006
18.1452776017137
10.3171210853722
17.0787226371269
16.8284596308655
27.465647117134
17.4047647931715
17.8246711121708
10.2246478809139
10.0085565622466
9.74368300139246
10.0222945945248
10.2947289385956
15.7575946665131
17.4611471156863
16.694007895994
17.2661712681527
16.9945480007831
16.6846326450926
17.543294691267
17.2976192953064
17.5206462650874
17.210730909397
17.6317331190125
17.1832028124234
17.9498308326339
12.4112386746985
11.0438292114304
13.3829665011406
11.8251044329123
11.2416979479415
9.90831035266624
11.1110924646606
11.0796230308135
11.2084565627042
12.2986259524916
9.63977858150368
17.8809290754273
12.1648318588861
17.3659129251389
18.1251496884812
18.4779137828998
12.0113926742612
12.4936524062895
12.7924574356927
10.3791714116333
11.4063935033738
12.7303576289072
11.4302114188693
12.0863348517281
12.0391340217782
10.2206998963207
17.8543169166428
10.7112464642233
12.2088327679467
11.299252326976
11.4041211682754
11.9220560331454
17.3105514987214
18.7493844105216
17.111914623153
16.8873774947159
17.3716091642557
17.6452104762249
14.30028673049
12.3675138642736
10.7544528958373
12.2717908336078
16.2947594600081
15.5690095770741
16.4195714791556
11.7976561921236
10.8259283656815
12.9352910585211
12.2051882775911
12.2226863879505
17.7574124250816
10.845126830676
17.3751850201337
10.7617639296476
16.3086300555469
16.0583670492855
26.9936691313291
16.6346722115915
17.0545785305908
9.90877997085779
9.66577877908298
9.38315126600059
9.74914168011139
10.0705592716398
14.9875020849332
16.6910545341064
15.923915314414
16.4960786865727
16.2244554192031
15.9145400635127
16.773202109687
16.5275267137264
16.7505536835074
16.440638327817
16.8616405374325
16.4131102308434
17.1797382510539
12.0507069393066
10.6832974760385
13.0224347657487
11.6550253024806
10.9163096971165
10.3529531969416
10.7505607292687
10.7269217976482
11.6530994069795
11.9447781965035
10.0844214257791
17.1108364938473
11.8231982899052
16.595820343559
17.3550571069012
17.7078212013199
11.6933521094457
12.1921181575789
12.024976669516
10.201293092791
11.3183036681692
12.3934478921872
11.0933016821492
11.9982450165235
11.9510441865736
9.85236897251824
17.0842243350628
10.3932058994078
12.1142137478909
10.9359126860483
11.0456629595753
11.5587163922177
16.5404589171415
17.9792918289417
16.3418220415731
16.1172849131359
16.6015165826757
16.8751178946449
14.1859848285913
12.2728948442179
10.625967366039
11.9717144199969
