18.275110132135
18.1421254422367
18.0571202325772
18.2082735606267
18.1007886589259
17.6731636633402
18.6903994981793
17.6218299175183
17.9220077494857
17.7411148791717
17.4955315269575
17.8899549727701
17.9628455684825
18.3801636090251
17.5416718205656
18.1357035049966
17.7267604136
18.0098486036992
18.0797785416718
17.9299995258986
17.884035835929
18.33729711553
17.4014508609995
18.1361923050508
18.222995000166
17.5940794771587
16.9139243751441
17.375309228171
17.8857349671288
17.2775462580884
18.2569197029634
17.8301838816706
17.4329313892513
17.8433896134626
17.7469511860373
18.0959682682061
17.6982334761454
18.4633301831284
17.6651499819645
17.5806681184126
18.0088176959159
17.8519445727804
17.8543884848697
18.2085618323408
17.5889441635464
18.2869559736552
18.4354286996537
18.3242449433213
18.5535704609081
17.9624020792191
18.5986689867059
18.5159885547438
17.9477682846935
17.9531453705698
17.5639799225315
18.1712834188127
18.8572405910884
17.8187610049477
18.1609751572314
18.5923600332592
18.6184807967874
17.9900243472711
17.9571455876619
18.1477951394572
18.9835389816492
17.988490473966
18.2957832672643
18.15267646782
17.9230384669509
10.4748359396376
12.441870798659
13.757146970762
14.2238207635692
14.2941577798124
12.8061341468821
12.4932744784513
12.773968631337
14.0157328480567
13.0150827483637
13.7555822161651
14.2097211529677
13.2423215177606
13.9959392569375
12.8071249040552
13.1618706192652
12.54931150989
13.6410989790683
13.6520817771046
11.8285451482671
12.7364476230627
13.6330666103719
13.3471805810417
14.0131900875882
13.3582124805712
12.0616085634444
14.7458294221392
14.003318741388
12.6857642739189
14.4426482210021
14.0766891582008
13.714597846781
14.0280528222147
13.8591155698905
12.9266515134273
14.4075527209863
12.4019013699469
14.6515968224837
14.1591159631175
13.5995470893932
12.5715107188948
14.4753423591191
12.2843258769697
13.6498727416171
12.5157169465123
14.9009496709044
15.4641783809495
12.531216517169
13.8560085794845
12.9099928987613
13.0886495918609
12.2002141155176
11.5536317490001
12.8810416591668
14.1978435696702
12.9229006917546
12.3048524714726
13.3925455064195
11.9912692858625
11.4126404941138
12.4324780363382
11.6102037844646
12.4438633474689
12.7193956382695
11.3181364612853
13.2593679154214
12.7793851633688
12.2084015517792
13.4758530147081
14.294371250851
