12.7286079766513
14.4992684481437
10.7301882058723
12.5533050937107
13.847576372757
12.9938342012999
12.0806777735945
13.0744813380213
12.4472104914057
13.1956376325852
12.5566010413934
13.315567436213
14.0501209302376
13.0400456884471
13.5989995746604
13.0441958545919
15.2216880373129
13.1273477387756
13.1921883173601
13.5825169761134
12.9320964288322
12.4201736326825
14.5096691412373
10.9801860728465
10.5680295205433
12.2013311696696
12.9622181114453
13.1048993742666
13.3843377531261
11.681239579666
12.6172171184416
13.7618877917232
14.400235644205
13.1772569496465
14.7715776919121
13.7143562935443
12.349812449989
11.0160155289818
14.6769302323364
12.9089942654226
13.5463305906273
11.6358939298048
16.0762119173477
13.8998762113591
14.1510312733884
12.5664154412496
11.9353419854035
12.9197286502699
16.1856423323568
12.1360220229598
17.3028282956444
12.212740462974
12.7833854549671
12.3341893058553
11.8258586348714
12.8219610471438
11.5565637096051
14.0895794332472
13.2318991099289
13.2697387244431
13.7125649500081
10.9891428375742
13.6338726517561
12.7058772092136
11.8882074040067
12.0425289565334
10.0439582635338
15.1922757455763
13.6926175039142
13.1842194450814
14.6262406572607
14.2277384072063
13.8767638132471
17.2352260671908
16.4191007686441
13.373658292751
15.312782895594
13.8826977147714
17.2672525699759
15.4466310319101
12.7878353842992
10.1505940468655
12.1466144005734
15.82592570355
17.3334143463306
13.5111494119529
15.1236753118136
13.8944222433727
14.1917853430137
14.1590436097638
13.5763100993164
14.1057209120635
14.7477424947884
14.8682765114354
14.8719336436258
12.2511478406845
11.1257502608993
12.2179781842566
9.61969361992166
9.96385621216352
9.85789755861695
10.9062838675631
11.4248195351551
10.6881305089517
10.919934487334
11.037651284038
10.8796068836629
11.2762726452353
10.5423576125522
11.5342528436964
10.8324628152875
11.0081255669351
12.5683445552274
12.6531591612947
12.3173683261546
12.2816580453537
10.7353856276266
11.0678479669117
11.0259557125245
11.3348229438222
10.6046224405963
9.77968054257378
10.6621424651767
10.4523610212192
10.1571956251376
10.0769628671874
11.6197635065731
10.6810061163105
10.4363939122591
12.2239926409242
12.7171633988416
11.1708909811145
10.9192139062869
10.3699456393118
11.2675128557972
11.6653061833028
11.9883619870133
11.5641244624955
10.7483937577659
9.38918789899818
11.2875026922769
6.02098318467334
11.7410979377374
9.12806804015203
7.75274545085821
11.0609209894084
12.7012843001376
8.72319046324043
11.9952739342521
8.83921817267454
10.0449299020557
12.1113408243404
13.6694206588175
11.9251401648297
9.82705652111333
13.4800496266562
11.4700179434311
10.0403231700528
9.90060510512622
11.9961152221219
12.9722733558477
12.5244515143933
8.40886156102221
8.30200484578758
11.2164737267652
8.81962924194999
12.2503233991754
10.8593669982731
11.7219659902273
10.7346984715938
10.5732526399005
12.9452559432253
12.0316700844533
11.0745939174055
9.70623181430176
9.71820496115161
6.62922718061376
11.6558966502907
10.5560561958782
10.3972669861961
8.0734622700345
15.7998720551818
9.96010738297488
5.38096103978947
9.90346881567565
6.39757282266059
6.08100546726546
15.4655713133218
10.2407666635991
16.9555887903251
7.50714077044927
11.9488478631048
9.13049160884785
7.55888077007637
10.3334866264286
6.40478990451702
12.6223406380086
11.6243323349676
10.9875956869608
10.8798504336589
4.642666100223
12.0159966659723
13.6405459146121
8.22910831435701
7.51907236819567
5.09635171772067
17.121657267281
13.3769775629561
11.072389154117
12.7724757574411
15.4485560511555
12.5385134651636
14.9775077842332
15.3727785898899
12.1682182300394
15.1479791538781
14.2500976365247
14.3871431774195
13.5361144117604
10.88345591344
8.12781617397341
11.1241832658922
14.9387277747341
17.6924645539876
10.84989291415
14.9021426137366
10.4551278276051
13.531834350431
11.5583801120279
14.4054973024804
13.7272304911987
13.1235671190044
11.4859950327956
12.971260263409
10.6240730936938
8.68005337171336
11.5929365863087
7.40243397285203
11.7781559716071
10.2062866710067
8.08584692081099
10.4088320935254
13.8089078345265
9.85590935731428
11.825302409027
9.36205885021838
10.75458484611
12.6514221385221
14.1714527655886
13.0830723062366
10.5545681564406
14.0412187250458
12.1325854079126
10.8299683003112
10.0035690773785
12.2386505866863
13.1374253917093
13.1530558516131
8.0766337878148
9.32486485470059
11.5081031938225
9.6135058245485
13.0041430118237
12.5599537522228
12.2540666565299
11.1637604994347
12.2223465087425
13.4729631581539
12.718569187161
11.5890366959459
10.9689258205454
7.24959206847694
8.26949847126849
12.0863050660488
11.8782889964511
11.2673564647561
9.46731201496587
16.953445551907
10.0079160988551
5.67053894127885
9.67067449967362
6.16598335000517
6.33504232043101
16.3833174266267
8.81877264427198
16.5502517548495
6.26853778928398
11.8936951445919
8.60384702938586
7.95611529552785
11.4264753461338
8.34507565464873
12.8486352073337
11.9018623807434
12.5281545283243
12.3022732611405
5.82344246573608
12.8588985625208
13.6480089112795
7.35649816370172
6.78716050669748
5.73943616026856
15.9436961516385
13.3801365203314
11.4842160190943
13.0125220644059
14.8780923763824
13.3931192750227
14.4700341101189
15.8891126298358
12.9156530361057
15.3974669814973
14.063203751882
14.1845491386556
14.1487589468276
12.2301643067666
9.23669227862889
11.6156180660623
14.587277240355
17.5157240290341
12.7089608407632
14.774876875552
9.37323321371561
13.6489873669368
11.3889057978342
13.5912622806394
14.1439600380775
13.8201399055134
11.4431092558694
12.6063126673378
11.1082996551475
10.0589145547539
12.5038394068523
5.12985832758405
12.1961768419527
10.5733204210155
7.10015822051355
11.5513030519177
13.3955238313247
7.92083760637311
13.3503150608517
9.48861738983263
9.93346756422276
12.0094172193591
12.8566623394784
11.7834279939022
10.1456839140069
13.1935582854471
12.1486708058012
9.79409658477328
10.3759239227575
11.9567690560618
12.925402304712
12.6978147182585
8.30933041450076
7.803199394297
9.27483931973799
9.76720318744176
12.57227192539
11.6381871139383
11.4816497107602
11.5812251094735
10.6773787021446
13.2629421851646
11.7401561023989
10.7605886494565
11.3192845094642
9.73301946316995
7.9805075857192
12.2720159170837
11.3453108206029
10.9080705128049
9.21127862977831
15.2927398045891
10.2610388375657
7.07292154385176
10.2329704462624
7.75185271281043
7.50087746536171
15.5233225985859
9.86872021970909
16.5726731794349
6.50252253402715
12.4727333266496
8.57607003102535
9.31395696521808
11.0805150075443
8.42262943903611
13.6102009512257
12.466327070069
11.9868246681432
11.7160825307199
4.32856085143213
12.0183693683224
13.0523436937787
8.47245168298709
7.47683808315286
4.54234023572745
16.626900242678
14.168951599378
11.2714275758896
13.3638335848125
15.2520955648835
12.6381361909777
15.4468313854257
16.1079275679542
13.230415138
15.569670586366
14.2490107234285
14.9298966284943
14.4554772757382
10.9513126711846
8.29864567553735
10.9152630295904
15.2459109312883
18.2504860922837
11.9739868530548
15.334603455594
9.41911869871088
14.0971193413947
10.6789536321634
14.6638322846525
13.8948023603307
12.0144243624028
10.7432947308402
12.3065658308753
11.130926611218
10.4745732790882
11.22070174081
7.38857641112612
11.3587938534006
8.70830346659297
8.22807024911537
11.0634853567493
12.364882623372
10.0330221994389
11.8111713105007
8.93834704407951
11.5174130655897
13.4338753266179
13.3106471683268
13.597780730882
10.5993319835119
14.568110964063
11.1015185162732
11.1283388024648
10.9068580608053
12.4876466912905
12.1919452090776
13.118980582167
6.72458867944585
9.73391244123273
11.6894571655957
9.77035812375117
10.8244119874526
11.2587970321094
10.6587053618453
11.5610020377341
12.2149976349253
11.2099486509264
11.1835238528784
11.7531072881414
10.1581893479341
9.07539461580511
8.59128125585259
10.6982258248713
11.8327143374813
11.0489152271808
7.9246081607822
15.6511301758447
9.44846982860836
7.51843132855774
10.9888197686488
6.61745097526693
7.11095194114919
14.5601650620047
8.59605473734403
15.4171952056592
7.5222928792292
11.1142507010364
9.90417757251889
7.43065510097907
11.0105558595214
8.51801331750491
13.4501715281727
11.8740405184809
11.7465060235078
11.9780500560178
3.63567582649203
11.0352012111682
11.573544297016
6.25374705338307
6.92429098799138
3.00693879590562
15.8273328205173
13.1645219784748
10.6505656967868
12.1144588840963
14.3161845422043
12.9854072801814
15.0921226719362
15.3726948499658
11.6071821780616
13.4244609161538
13.0207467082428
15.1751882805497
13.206102575022
10.7580756122964
7.03498974770307
9.19156818167557
14.4503863195661
16.3832661000485
10.7352032729707
14.0025341669321
9.85527976628827
12.4244220774519
11.279178197463
13.1075632328604
13.6150255931944
13.8808132212137
11.5008526309345
12.8770226178295
9.6486987700169
9.58635056445326
11.7606117741737
5.47573380809627
11.8585121899904
9.9222753836609
7.99756978673349
11.1946359365398
13.5465728142017
8.27973194319246
13.0189161477853
9.6132779773111
9.91432906397228
11.9434639802591
12.9238357671555
12.1423223307216
10.079730674907
12.6060199755439
11.2736010048724
9.77495808452279
9.52532709538698
11.5556336371898
12.6015810657107
12.678676218008
8.58644356207785
8.14907487480922
10.1020425031066
9.28552078478184
12.5485232309011
11.6068607453843
10.7863570100182
11.146357445663
11.0232541826568
13.2391934906757
11.8499236507689
11.4065366744812
10.4363212054692
9.45859652503935
7.91065390267141
12.2657316298835
11.741891801303
11.0958619913361
9.23692823616016
15.2476442336234
10.4559078078955
6.66670636682117
9.38237361889188
7.05543981898128
7.73109632682639
15.4505213186729
9.60731613788563
16.4883712813131
6.56847577312707
12.4489846321608
9.40327321439392
8.5718495256266
10.756693768543
8.35277575598831
13.2918208944664
12.4425783755801
11.2511747095297
10.8319990336378
4.22953889763325
11.9946206738335
13.1621655005545
8.4492431297853
7.41120214701762
4.51859154123859
16.6255275341936
13.86988433
11.6324206129344
13.3325072162585
15.2126544457397
12.4526258888824
15.0338482297802
16.1421868472312
13.2066664435111
15.5464620331642
14.6111239535604
14.5169134728487
14.4241509071842
10.0919003156802
7.6123940177946
11.0100653633852
15.3259793822504
18.2202799168168
11.25223266998
15.4536766506276
9.23360839661556
14.0657929728408
11.4636897904914
14.8148812675295
13.9205393281358
12.6603723874275
11.3892427558648
12.9525138559
11.099600242664
8.07724281716899
11.0917274682862
5.86805321369499
11.9006922437919
8.52395243891044
7.01523397809572
10.7527222633627
13.1449501646673
8.57026049226207
11.8998506968453
8.68266743526256
9.63542346589961
11.2734773649939
13.059016056057
11.9930746687394
9.6737382414244
13.2179139850504
11.6580795669425
9.48894488477693
9.22577902611361
11.1058318809607
13.160334979359
12.3191533664732
8.42964500759345
8.14907487480921
10.5547606865345
9.64486484166613
12.5387370092708
11.1664809027928
11.9367915190011
11.5599340713099
10.2395535275165
13.2336695533206
11.7332474979216
10.1876792753574
10.132002111498
9.51133535770046
7.37347607576189
11.981145153167
11.5306949648799
11.3643744350319
8.11715148701813
15.6016373140047
10.1315616821692
6.53888743071304
9.3610876496268
6.32482407122212
6.41028754856919
15.4235610507385
10.0385242772103
16.3445232153944
6.96475960440042
12.1162544015289
8.75522718129811
7.37859105440824
10.363097073784
7.30145407566172
13.1860310077061
11.8600176680587
11.0162339101568
11.3441797398339
4.48611536281102
12.0617927275835
13.9256077559498
8.04881859868888
7.7547577012868
5.3972123115873
16.6668460609262
13.8206952996799
10.8909258784862
12.5910124818103
14.4590289172032
11.5385462175844
15.0751667565128
16.0773687036591
12.350430768402
15.2945209148537
14.1825550190178
14.5582319995813
13.9579329323382
11.3705584772882
8.43312727671835
11.1536408662117
14.9430628867137
17.5979483297877
11.3029305090703
15.348123633464
9.62989222788892
13.578282962144
10.8208686392654
14.3379546849734
13.6562458053899
13.1455928256892
10.7484835600332
12.3001626935673
10.6705217054067
9.75013210938403
12.3322514826145
6.13386482835313
12.4183725358981
8.30730655871561
7.44918531265284
11.9367279746676
13.930302586825
7.73992328913687
12.9443137613406
8.17736559988614
11.7130443816889
13.651679393921
14.244712811381
12.9049908296569
11.49149995919
13.5505968856868
12.5803948851304
11.4573261646831
11.3725398369584
12.4230513978421
13.4825791937072
13.8665408313268
7.95500645044327
8.52555053531035
12.2235328003021
9.91578149022146
13.1183527862145
11.6917570933421
11.9845700864681
11.8330248232255
11.4487737651684
13.5885965380932
12.3574669201304
12.1193434481492
11.328752059694
9.57070497910516
7.63456383504045
12.7538635158188
12.1745011743753
11.9067128319973
8.90551898945319
15.1076468676898
11.3365263261483
6.65502136078432
11.4978465692081
6.15964096052678
7.63614553418196
15.1019428712505
8.76553240029511
15.7991715970177
7.93776998330056
12.7679857798972
9.52557614750658
8.73171343830152
10.0143010015673
8.06923206241905
13.5443711001988
12.3434662998756
11.5332138227753
12.1662063234484
5.66338351173347
11.6440459740924
13.8558709058085
8.61087006448166
7.90067654307393
5.61894111694738
16.337845706209
14.5464982486144
11.8054261512854
13.1639421514645
14.8385752638979
13.9317836214177
14.9006351529691
16.1084486233491
13.4750529268403
15.5836687469719
15.1364816282835
13.7768270212989
14.2555858423902
11.5409395021483
8.03446980051291
10.866694711225
16.0107612600196
18.3079362063873
11.2504022413305
15.8564084778343
10.3429944613772
14.6161550913847
12.2682062689819
14.9546482551648
15.1157895990411
14.6806836409303
12.4632655914206
14.4340856181248
11.6834744872738
10.3911811974831
11.4973311922945
7.4905450090797
12.4188223511284
8.10265217426103
6.84797402568351
11.8098655353794
13.1412554346055
8.81801074444454
12.2078540006529
7.3603859555728
12.6433036255902
13.8385653185273
14.4778088726798
13.5695265008107
12.3082884692204
14.0558857436643
12.4263242134901
12.4155053194272
11.7047010300465
12.6056249974866
13.5678249161027
14.8547120976276
7.50894966088619
9.30066363376173
12.1467670861218
10.6862766924524
12.6951342636708
12.3802536168725
12.2614321388892
12.4931910529199
12.3177294970317
13.1653780155495
12.4323842936653
11.893815668327
10.990505718464
9.29422422147986
9.01919520676295
11.4346553692895
12.6657108850613
12.4080601833248
7.58631084292392
14.5777148401076
10.5335597837316
7.0975115264089
11.8402963692618
5.85094928700421
7.74103278008769
14.3128348348886
9.14769670357121
15.4174261725412
7.59974061141465
12.059347178927
9.74956527728365
7.52431980788098
11.7269374098961
8.93818779428229
14.7163011889183
13.0021469859978
12.6317140616125
13.1238506978822
5.74843852590989
12.6605475342291
12.6507840686362
7.64948279196692
8.73002893100779
4.58132525521135
15.3876783295002
14.3992644901891
11.8150743345897
13.5719150866029
13.6103741020432
14.0239288692662
14.6868551642891
16.7720257995058
12.5136656543256
15.1355308770545
13.4238452199547
15.1743160182735
14.9191630185469
11.386868830508
8.06754830107551
9.66160787405273
15.4337520039661
16.9936245498924
11.2834807418931
14.9078981058398
10.5733699965032
13.6743167749904
12.5136604064164
13.1555979493513
15.4039191753879
14.6833542538398
12.5780015050932
14.5182124567949
10.7665555182532
9.12665878953513
11.4462577187393
6.08667391388227
11.7292344725278
9.23991887828061
8.02252023360105
10.539758724278
13.401683293397
8.94382098519806
12.0142164131181
8.79062751158362
10.8437176652635
12.2400534464827
13.0444706333929
11.9939115586227
10.4316952353194
13.4069021235206
12.2411938823859
10.8452401125181
10.3253222407788
10.6778573071509
13.0923041811545
12.8124432833006
7.9746931978152
8.61968054724178
11.1104149384738
9.97166624227288
12.6222420042437
11.5921810713192
11.4905934999484
11.7551612724377
10.8437181189529
13.2986889045698
11.9983191073926
11.1288082167615
10.8354992992462
9.3682348333314
8.19166387884956
12.1086674525195
12.5633847755538
12.2350167528115
8.76149902879446
15.379482677771
10.4450534111183
6.91609812381428
10.5909440438666
6.62970052234381
7.08426331359147
15.6789126311332
9.39388791912133
16.2305131012175
7.56308307101549
11.9666471536364
9.21649460241797
8.07663002061491
10.3870552559568
7.88969690101104
13.5034867672421
12.6636819386898
11.9059680771648
12.1500902238362
4.85903279159768
11.9281849469237
13.4582772259123
7.76593540170332
8.17043632886566
5.00956469864806
16.7763200137354
13.7421662312495
11.514033292071
12.8725492922501
14.7815241814178
12.5246048614794
14.8306755656271
16.4349910294925
12.6774205709938
15.2700134611889
14.0761434468118
14.2247932145993
14.2394697427779
11.6152246006891
8.28272960334586
10.470604437882
14.8480638630693
17.5152510640169
11.3852670202355
15.4964364685082
10.2435843086943
13.6766346857872
11.2181429572322
13.8730111842942
13.3573871319333
13.5274911566492
11.4132022796709
13.0385059303935
10.7439540816762
10.0067521723615
10.4215565727179
6.77105793887567
10.7955487533293
8.5642926204719
7.60454945872029
10.4837231441797
12.7116517124819
9.56937844789912
11.1452390953251
8.57184870105341
10.2605520148871
12.2264776189788
13.7028276185714
12.6662284269921
10.3297844883508
13.2628752433434
11.1802352614203
10.6721019691366
9.76523812168218
11.5072004360411
12.6824906738368
12.9910655648446
7.15163813788926
8.9292447967794
11.6768221039604
9.13322241513365
11.4469905370431
11.3113966092624
10.7788547421941
10.9940590760148
11.6138406283995
11.967441868279
11.9582403411572
11.3520319259004
9.70526183845095
8.90030391041141
8.26946746420155
11.0940553367257
12.0675599960396
11.609510915467
7.83567385665995
15.2784714624127
9.42780622986137
5.80246834887694
9.61034523826375
5.17838938038329
7.33317322261456
14.8952669400313
9.42935104301749
16.243418197239
7.10954115316301
10.4774518437531
9.43823970474058
7.09733622895505
10.8811504079529
8.09986864833368
12.9046981494135
11.669763680608
11.0675242500256
11.4265523485582
4.01275047583922
12.0461157329325
12.5429195371004
7.44465296170983
7.48821698032027
4.14011580706098
15.9902759505561
12.9292135764022
11.3719569284725
12.8848943595938
14.9999097269915
12.9474154253197
14.3249968074751
15.7419749930235
11.9719550342244
14.506797791259
13.7009786021822
14.6920074192307
13.7634389657743
10.7603408654592
7.59993728650403
10.3769154577567
14.4675259877194
17.2910705157575
10.618152694784
14.2590359187324
9.9120741650691
13.0055645689972
11.7127507052197
13.3412240593286
13.7398052109881
13.3493858037659
11.6403656259875
13.1920447595216
10.09780331226
8.88732680957598
11.7851326656934
5.41898491073281
11.1807837156396
9.62703247909674
6.88809105190913
10.5026906209364
13.5571915903504
8.2761319820486
11.7168142102492
8.73185009425127
9.52909720852526
12.0412253443431
13.1275781347583
11.7352510384852
10.1392824595355
12.9135146794491
12.2413980527108
9.94064716277469
9.34947626750501
10.9618362406217
13.0925083514794
12.723221905313
7.67322568628756
7.62398650748597
10.9083583534422
9.34635850977426
12.2525490873153
11.779330243522
11.661403564219
10.9889976755356
10.7721934859363
12.7730004185511
11.8504626870236
10.7962694583852
10.9931573277985
9.31469121372611
7.28877598740251
12.1811680405585
11.7471689118328
11.4261869046858
8.68310758796455
15.9361316874612
9.77035268066303
6.26763129147014
9.19458338408658
6.60730471135116
7.43270364550067
14.9980630124535
9.60836474852031
16.2913409419635
6.38077066193021
11.307988082408
8.80538206444629
8.34191191311631
10.4183525863863
8.01695728333531
12.9891027344865
11.6752713830626
11.4435421453598
12.1500902238362
4.03149820289147
12.0256735228449
13.0795065106176
8.50581575300033
7.46777477023265
4.85887717171425
15.9848111995703
13.6782758899346
11.6114228637967
13.1397289091083
15.1943438240914
12.2115191117209
14.5062939612405
16.2089365222352
13.0331178255149
15.3123563415312
14.5337255667313
14.2365002653372
14.231372600034
11.8215036567497
8.42142110526637
10.9135024312738
14.8074574420698
18.139186094497
11.6793154860745
14.9081944425126
8.87412272740617
13.9726805565509
11.0044497878948
14.0025882676074
13.6990342456973
12.9292294464746
11.05865324593
12.6103323794641
11.0649192998137
9.82227479228688
11.4558953732235
6.31832713754109
11.942634651996
9.27062638437113
7.54759545363161
11.262457703667
12.8788445022506
9.1223252726373
12.1795778958307
9.30978155349999
9.66696534914907
12.2885768802073
13.7310064361651
12.378487890034
9.78249366785451
13.3552106382541
11.5316037207787
10.0785153033985
9.93879723847195
12.1178995386721
13.0338591331953
12.4898128697625
7.85797190178848
8.99166820425404
11.0399632986543
8.64214658967961
12.1263640330079
11.1222641885942
11.4851885060934
10.5029832505608
10.8143090207093
12.6468153642438
12.069862217799
11.2995493815138
9.87245462821968
9.39252823417336
7.27853912266263
11.9865279174357
10.9470175181363
10.5773309686615
8.72814643736989
15.9290757104818
9.848896347035
5.19648657156166
9.79333129120946
6.44038123091126
6.51409236055415
15.7174560396339
10.1356848069167
16.8794684800308
7.17314979354538
11.3968846923974
8.69740471555916
7.99196766336506
10.6197747669431
6.8378767978057
12.5166185815267
11.8086362965461
11.321302817825
10.9094148912837
4.20957920693431
11.9718892641255
13.4047593535396
8.12402645767467
7.20089142676819
4.91984128960975
16.789000133916
13.2254642555587
11.1105812874627
12.8106678907868
15.3724357408612
12.9184783685282
15.1134762032919
15.5528425723553
12.6513285301892
15.1861712872238
14.080455827783
14.5452702478749
13.5743065451062
11.1117093248177
8.27931078246885
11.2237358012149
15.0003135520817
17.8576969135611
11.2975261907488
15.2398710305401
10.1211368507012
13.7118983328964
11.447169076088
14.2358554937386
14.0194233888512
13.1137243249235
11.3747839968558
12.8600492274692
10.8041370761592
9.91409085577162
11.7337604836747
6.00297281524416
11.4678756241291
9.87122879351934
8.36550293564684
11.0007977605452
13.0566589549423
8.93857645812366
12.012914707032
9.44334514510829
10.521044040317
12.9325391663703
13.091198849398
12.8012746691185
10.8888820406382
13.3489083724273
11.2665985071057
10.5442027223085
10.3951227762371
11.6479137298575
11.9029295764765
13.4817320823905
8.10824782700888
8.86398448521003
10.5730349796538
9.09349711341003
11.8170555911063
11.1846978477714
10.6828880780962
10.8769921435749
11.3244637387754
12.5077258508809
11.6907326129997
12.0733751706971
10.5296188220924
8.34609636983352
7.34185237252497
11.9727194321262
11.5646188287258
11.1252301482517
8.95883216185981
16.1783312100731
10.1540359014176
7.11995819330613
10.0981219258389
7.06399399592708
7.49119782377636
15.7757711058768
9.01789975343947
16.7971039560187
7.09059285558178
11.7175169923659
9.80536508627919
8.47982297435211
9.32105672615445
7.64905758564167
11.8292322014698
11.3831056991789
10.9823584206483
10.7567668861641
3.96898551788794
11.215734043689
12.638672355751
8.00131222310264
6.37767938315867
4.08914089427515
16.7108827778862
12.6811169218314
10.7322815107744
12.5885925926923
15.6041817491569
13.4871774002997
15.2390600957115
15.6587723108672
13.0111862317561
15.0943368865925
14.1796881771638
14.3651587557856
13.680236283618
10.6486877779073
8.05820770853385
10.6665662896154
15.1964874418891
17.9471095395748
11.4583673881911
15.1318444750311
9.82382237026479
13.8734663071764
11.7183410609333
14.3529185992661
14.3099389025071
13.3456911433626
11.7725445189686
13.2694017160829
10.9679069165462
9.24451889028672
12.3993959919502
5.07650214053789
12.2905614680149
9.32273457229618
6.76488233059231
11.6018875696589
14.203178114169
7.76069813772388
12.6407574392114
8.40286898138984
10.8459571529765
12.8520395959091
13.7981179332151
12.3941655501033
11.2737266733336
12.4285561490114
12.9525399616958
11.0248238226268
10.4336529273571
11.5501615144623
13.928745201282
13.8232817767141
8.54610106227553
7.72819566243478
11.4524087454263
10.1885688680044
13.3563832677992
12.6378892701465
12.3695915033421
11.8060285706147
11.3193809237572
13.8464876909148
12.7427801082871
11.6272204465665
11.604849054069
9.65066463074894
7.93894726295643
13.1248995193079
12.5534295589834
12.2856412166053
9.1228088539335
15.3773413129979
10.8118292083464
6.55764324967821
10.0867905467773
5.78435777726269
8.26590430942483
14.7850545363209
9.57037167012203
15.9714488378122
6.63194817178778
12.7054090818742
9.24710521108231
9.09490615838141
11.0067651721472
8.64757779071262
14.0688512794685
12.5884845741872
12.1527828128654
12.9170034061682
5.34214732127976
12.9418058797067
13.6494291591785
9.44866124335716
8.3401826122224
5.51888792620193
15.3836629431976
14.7011778028366
12.7705441193511
14.2988501646627
14.6263657392501
13.2994840773696
13.7714450854053
17.0866308899363
14.0693913054674
16.4549648796933
15.4362777814549
13.5139113049379
15.3904938555884
12.2583799362243
8.88524032119835
11.6780064692813
15.8465550147513
18.7762103815951
12.243246631439
15.8815623390549
8.90710382753252
15.12630609557
11.7725784642232
14.9264393717298
15.0160849336007
13.5810575838121
11.8267819222584
13.7128679040356
12.2240405553681
8.63780634943446
11.1667917209712
6.16809550694726
11.4346717942695
8.67117249474502
7.88311913304015
9.53176326082915
12.6814421351078
9.00190829329765
11.3237698358824
7.67049793489788
10.6969398453364
12.412335375147
13.1781059849403
12.4927993886875
10.8125962515775
14.0457248446984
11.7777830132655
10.5504612642137
10.4162111367802
11.0281441311181
12.4880374476306
13.38066974591
8.28261829768107
8.6367877713144
11.2512630852085
10.243953720745
12.261980350172
11.3546614142249
11.9552210982511
12.0816813196724
10.7272664240217
12.9569128942219
10.7516048894238
11.0709330444922
10.2696011251544
8.79646578609591
7.31497908268174
11.7043884940682
11.7179551243466
11.7338089856347
7.9854933912961
15.7405175447321
9.29077493807495
7.28732257110028
10.5515197602934
6.43048199315547
6.70862158369066
15.5364913689237
9.52333713230156
16.4574535335796
7.96156049057475
11.9605048141013
9.45172957997217
7.35743863632776
9.96806610933358
7.24939784109265
12.9050144780717
12.0481981794908
11.4600186626071
11.9288203566878
3.68664714544931
12.2499732390156
13.6185423864306
7.77206193959009
7.96888812526112
5.21667232325397
16.7725755524529
13.1709202189702
10.8701536343203
12.7264647162382
14.5979091479306
12.5507157179491
14.8279616695132
16.2665213201391
12.0736741093032
15.0177642557549
13.7495738813251
14.7232358061084
14.1461134437703
11.4902619236112
8.55707342201464
10.8646874902362
13.9911193756238
17.3451339024768
11.32420121606
14.9462265482563
10.6420617282536
13.3977429738106
11.5775338711327
13.8744466554139
13.8324060469036
14.028846594824
11.6317373291679
13.1834164627021
10.4899817170734
8.54385585932536
11.0441692205058
5.99614853752252
11.3799112413003
8.65708151835862
7.75632276655448
10.3717292563649
12.554736191018
8.82996132387292
11.2011473354171
8.53741780912063
10.5249928759116
12.2492317806426
13.2672683086796
12.2921486223022
10.5656445937601
13.9867904257088
11.6510770691757
10.378514294789
10.269532369667
11.1695321432356
12.3613315035409
13.1666775343499
8.27945430913083
8.46484080188967
11.0360439762158
9.70503888312857
12.1352744060823
10.4877415400021
11.8325985977858
11.542766482056
10.555319454597
12.8302069501322
11.6185247636466
10.9441366780066
10.1428951810647
8.76434025115759
6.9199973446476
11.5776825499785
11.1790402867302
11.1948941480183
7.95336785635778
16.0655841119119
10.1576948122977
6.84298814263527
10.4048409931802
6.37784655166211
6.16970674607425
15.7488108379423
9.49357619625829
16.6977241935942
7.81488172346148
11.8337988700116
9.27978261054744
7.23073269223805
9.10114623511083
6.71048300347626
12.0380946038489
11.181278305268
10.5930987883844
11.061900482465
4.55356701967206
11.3830533647928
13.4959198859653
7.64535599550038
7.10196825103838
5.09404982278866
17.0696909286368
13.0482977185049
10.0032337600976
11.8595448420155
14.9034990161421
12.4277416403053
15.0692426849199
15.3996014459164
11.9469681652135
14.8910583116652
13.6228679372354
14.195341344994
13.2791935695475
11.3635559795215
8.52494788707631
10.7420649897709
14.8580392498466
17.2184279583871
11.1974952719703
14.8195206041666
10.4953829611403
13.2751204733453
11.4423411336597
13.7477407113242
13.9809429428393
13.8568996253993
11.4965445916949
12.9450555903566
10.3673592166081
8.75448588176247
12.7149296325774
5.68495585266176
13.1747499408488
9.2759708340217
7.41893053972183
12.1380049609606
14.7727980009853
7.99461858602997
14.0072314029725
9.32849974646342
10.2154037617223
12.7635568528925
14.4947593984995
13.3838620954609
10.0284824854357
14.2271471703102
13.0723364006628
10.2107970297193
10.779089498176
13.6340248107872
14.9920061552909
12.6811171424423
8.62114483609155
8.37355564052134
12.3754698234307
11.1235873533863
14.2225877452238
13.42286276633
13.1112844838349
12.9592445511164
12.1641956270826
14.6247808307553
13.2650262815221
11.5062094561704
11.7341954945769
9.30598289105238
9.10406126017005
13.5606327610939
12.5149132084684
12.11744380826
10.5050395837983
16.2899029382233
11.5142044634175
5.90027757323551
10.704551863937
5.87337788812892
7.69269485816448
15.8646572402816
9.69535201776365
15.7591048315327
7.10210488689065
13.1539908174909
7.59189026097864
8.92676575998229
12.5077565720298
9.87817062396726
15.1270087525858
13.0492822655434
13.1388572221987
13.6514961977818
6.69509611320237
13.6836828138756
15.2904592766721
8.86383320682438
8.25199039354695
7.29997677954803
15.4007833712549
15.8294053160718
13.1839637015269
14.4992879727924
14.406834307668
13.4603746485217
14.0236224727184
16.533346352246
13.7269657520598
16.2930950357589
15.2641369803582
13.2700277400907
15.3179595905093
12.9832555544648
8.91169428203629
13.0220278233533
16.0995646516378
18.3905171904021
12.4166138095365
15.7603313157192
9.40168677711932
14.7846248685173
11.5654429051145
15.2584278305248
14.6082451167783
14.2203684619624
11.5783278364171
13.0823096443086
12.2206698454785
7.92706058462571
12.3520220605826
6.52507761373741
13.2812171240167
9.26016415474002
7.83465970328183
12.083597831593
13.9277014588428
8.8404179731784
13.7456861729539
9.19054880322579
10.6311329252823
13.1068852208645
14.0501068197841
13.5378370239867
10.2158754454445
13.5838030879605
12.5453159481474
10.4304839274564
9.85461765398258
13.2897242186557
14.4929368937715
12.8883644145551
8.80968839180158
9.40082657379988
12.4631939503844
11.4515923899926
14.3403173577915
12.8425633962765
13.4416942593406
13.2420989847837
11.6634793688427
14.7517745667313
12.7308071785356
11.6666541725692
10.8738626869452
8.86829377779065
9.39383815992528
13.4472345689823
12.8041487922252
12.4950419231146
10.3402813746054
15.814505862371
10.899385994481
5.94542817617457
9.96081766377063
5.14195577238424
7.57778890630325
15.8970329514066
9.5522336215789
15.5846061401859
6.3583706867243
13.0625529229784
7.02360431471959
8.43863580083425
12.2999824795794
8.98377442058144
14.4015387069743
13.070591469192
12.9531193159521
12.5031324384424
6.52318863273349
13.7110439923741
15.3559704641452
8.39465958461976
8.06020051245045
7.39487832980404
15.2853069486795
15.0873785510882
12.5523050603718
14.2311976382055
13.4936391673307
13.4358599703698
13.7249613036148
16.4051648644441
13.7987253269938
16.1962828728529
14.8165108990297
13.1519041319044
14.7593388574565
12.7825052114989
9.43296899341713
12.9660458030072
15.156741146095
18.3081473204887
12.9722255263674
16.0027819439423
9.31396265016567
14.9104968768649
12.2795411639544
14.9979509213992
14.3499817268411
14.4050409345484
12.2071560847222
13.6851879800715
12.3659179769761
9.16802871703166
11.5796441002354
6.91646517182684
11.8915337856185
8.36625131945784
8.50974776856968
11.524246710228
13.6448859723834
9.27783474126024
12.8719458706305
8.78618412422922
11.4986199169525
13.8543740817404
14.4829294356652
14.4746793243088
11.1192997142836
14.712118577008
12.0347574082388
11.4940131849496
11.1926323334452
13.4435929806321
13.954427162867
13.7719343712901
7.49323280748973
9.6567717957516
13.4662870522786
11.2543929923769
13.1883027099475
12.9998586720272
11.9833724552331
13.0228451623828
13.2550128559305
13.5997599188873
12.899604770043
12.5970266850183
10.6062834659751
8.30070305648444
9.21679089099316
12.4649441488575
12.6113769290789
12.2139075288705
9.43871991256452
15.5116180629827
10.9708582760147
5.89412283557978
11.1180946992062
4.78256065928107
7.68654012050874
15.2835419256621
8.56743998916183
14.9849414037851
7.51564772215984
12.116411825067
8.68270748982651
7.79885373138048
12.1545078266491
9.87201588631152
14.7040046582829
12.6960335201627
12.785608476818
13.228492103479
6.29516166365579
13.3304340684949
14.2528802842482
7.75482564297188
7.89874164816626
6.26239778712409
15.0004358680694
14.7218337743074
12.760959607224
14.0762838784896
13.8590348947858
13.8739174837909
13.3099007024093
16.1224327662567
12.6179581882073
15.2639124143224
14.1362249517564
13.3300633074964
14.8949554962064
12.0117104702313
7.88251166059975
11.9844488309294
15.533412339553
17.2626051618003
11.4450687253031
14.7358613442371
10.0013627998752
13.6493393361753
12.6562601339623
14.130515801923
14.4178132866233
15.3111856908103
12.6691450652649
14.1731268731565
11.0853843131364
8.56738735465187
12.1890937036776
6.58122484716834
12.7845201221729
9.20902408398657
8.17434366982494
11.5559758655815
13.7732553894757
8.89656520660932
13.4813954740727
8.74647065108437
10.9708168918254
13.5189699829957
13.7393462683963
13.8112701889577
10.7838956155388
13.8299788456835
12.3824735914052
10.9662101598224
10.4464678359813
12.878611680684
14.3021433460334
13.4365302725454
8.54539769292047
9.4569738072308
12.8028779169275
11.6289509414062
14.0771230144654
13.0991398614543
13.1774035604595
13.3974031114122
12.2635986839731
14.4885802234052
12.710571172075
12.2616225862736
10.7319822308918
8.60509943446456
9.4041996678196
12.9564896990405
12.6844732622653
12.3753663931547
9.93026546274752
15.4709559374259
10.6041703314321
5.7803049402618
10.3719302017423
5.19813878994354
8.06109806953805
15.6332839427835
9.61594795930414
15.7967143018695
6.76948322469598
12.7982622240973
7.69129331786905
8.51083242609737
12.3419166034756
9.43019295438719
14.4015387069743
13.070591469192
13.1601664258473
12.7866691715546
6.22797296968454
13.9180911022693
15.0362875503937
8.45947027790001
8.06020051245045
7.04580505326956
15.1694100737568
14.831570139745
12.745999337143
14.4248919149766
13.7057473290143
13.6429071951362
13.2810593920858
16.1556163994015
13.3226028231355
16.126782806298
14.6610544742704
12.823899095298
14.9682867730913
12.3594266533977
8.88623791697884
12.7678560970749
15.1895305196524
18.1617330287201
12.4487949816822
15.4115825640099
9.72507518813736
14.4459381118204
12.6192251304975
14.8424944966399
13.8262885659118
14.6477765554592
12.5468400512653
14.0248719466146
11.9079330013238
9.58720575434967
12.322254465272
5.06219302669969
12.3460407203645
9.30791803743214
7.76057637034811
11.5093676536263
13.464060539591
7.82484559544942
13.032476813543
8.46034156100812
11.513646156126
13.2785207480712
13.3870053952434
12.4498450550246
11.3796284105968
12.5484980288229
12.6575005727952
11.5310795198902
11.011161648151
11.4451772620588
13.392497961394
13.9012323229814
8.87264517583164
8.36989662180928
11.4426567287884
11.0224009257186
13.5764980877079
12.1053488205303
12.3466996337172
12.779239277412
11.0030548170876
14.0666025108235
12.4920327487323
12.2190038509519
11.0065873438944
9.41455651362492
8.17385052183391
12.8625150169171
12.4853102544927
12.3583777765181
9.06178636745256
14.4607335187981
10.8446185819038
6.41793154931486
10.8259081213554
5.74313724919647
8.46567673954745
15.0839598836234
9.69123013599243
16.1835569994959
7.37106574636581
13.1188022532433
9.04147960517886
9.17101533712508
11.0749948218542
8.31234721929372
13.8301598362179
13.3789155425986
12.4081616347752
12.247530364468
5.51022537315541
13.2624932509618
13.9738277064519
9.12963508913536
8.75631523622805
5.72184146540019
16.0105733271065
14.1897651504751
12.5489976991927
14.3841147556201
14.3398368046227
13.5999686659574
13.4329409829873
16.599431042426
13.5526363671655
16.4133462793262
14.9248132568993
12.9747703308074
15.2004816869437
11.4263430098048
8.45030584520525
11.8534531828723
15.5958076551965
18.5896583730829
11.7934986683471
15.8905412214395
10.1613756109198
14.8429305280413
12.4402674673726
15.0709849203869
14.2391497179835
13.8058737297267
12.4944709254079
14.380556907185
11.872832252123
9.76915424059177
11.2474706948999
6.52675181586464
11.7342099736725
9.06220170604757
7.75602013195516
11.0540330253434
12.6704198239271
9.33074995096085
11.9711532175071
9.10135687517643
9.87539002747263
12.4970015585308
13.5225817578416
12.5869125683576
9.99091834617806
13.3411909530455
11.3231790424552
10.286939981722
9.90250574909971
11.9094748603485
12.8254344548717
12.698237548086
7.64954722346493
9.20009288257759
11.2483879769779
9.17857630460952
11.9179393546843
10.5858344736643
11.2767638277698
11.0394129654907
11.0227336990328
12.4383906859202
11.8614375394755
11.5079740598374
9.66402994989613
9.1841035558498
7.81496883759253
11.7781032391121
11.4834472330662
11.1137606835914
8.51972175904635
15.7909345132657
9.64047166871145
5.73291628649156
9.74778841357946
6.23195655258771
7.05052207548405
15.5793148424177
9.92726012859316
16.7413272828147
7.1276069159154
11.1884600140738
8.90582939388271
7.78354298504151
10.0833450520132
7.37430651273561
11.9801888665968
11.2722065816162
10.7848731028951
10.3729851763538
4.00115452861077
11.4354595491956
13.1963346752161
7.91560177935111
6.6644617118383
4.7114166112862
16.6508589366998
13.0170395772351
10.5741515725328
12.2742381758569
15.2342945436451
12.8902584745116
14.9753350060757
15.0164128574254
12.4429038518657
14.9777466089003
13.8720311494594
14.0791240140524
13.0378768301763
10.9032846464941
8.07088610414529
11.0153111228914
14.7918888737582
17.6492722352376
11.0891015124253
15.0314463522165
10.0680162990061
13.5034736545729
11.6555937544115
14.0274308154151
13.8109987105277
13.3221490032471
11.5832086751793
13.0684739057927
10.5957123978356
9.2939770169406
11.4287172991531
7.44756171240046
11.0392957220843
9.59634046801682
9.43614240119502
10.5824066603466
13.0581057671331
9.90103709686272
12.1109587191942
9.68516987748628
11.4190447062881
13.799518392581
13.8910544592835
13.8723268455452
11.0003610294874
14.8211855537866
11.0992188315664
11.1793736124487
10.6652757373465
12.9268235921347
12.1040588153632
13.4450952461883
6.7597304783565
9.69799763085537
12.6279241350615
10.7764761656906
11.9825744104934
12.6168484596184
10.700045370604
12.480663808893
12.8458522145697
12.5402202979384
12.2627839964963
12.6516547433947
10.218123753152
7.26657494829796
8.82803844247648
11.6598426566257
12.2685959881503
11.6883514432726
9.1955868966831
16.2292894543788
10.4622058917479
6.51858134972733
10.5557415128635
5.95747203350385
7.46479645768643
15.4585210144984
7.25232086977105
15.1164827542958
7.25561707405662
11.5355501588359
9.19646147096446
7.64806664135565
11.4572348969739
9.33397392750069
13.3826964053379
12.3585384323519
12.6758108470135
12.546317140739
5.49061109623158
12.6322565368043
13.1639178408835
6.85832683471351
7.07567268979012
5.13913328354857
15.5062826777974
13.1415151591341
12.0562649352991
13.4223411557816
14.5440833015116
13.6815606697331
13.8494728052903
15.7041731676383
12.1084619741982
14.2018705803221
13.5680059255069
13.9081411463892
14.2305730015969
11.0369135156454
7.73263979696771
10.8730077130512
14.7389776084071
16.8582963778299
11.204908359102
13.7415102992059
9.95662685825393
12.8994926588946
12.2115195244279
13.4240694908707
13.5903261550115
14.7585594146809
12.4065788468666
13.6686298281368
10.3320589154001
10.1171043862142
12.4597344134444
6.30764697145914
12.2408777008643
8.70390408147792
6.06380859775092
11.7985974821857
13.7920087673924
7.7010041492399
13.0321951161746
7.49077568332619
11.3922717431049
13.5393304041418
14.1085011571192
13.0630785599161
11.6206173333827
13.3176982688799
12.8908609561266
11.3886955762704
11.2035244888586
12.6637352509347
14.2135451268138
14.2403061204836
7.75931970718671
8.18365703855708
11.5679183496391
9.68247457373106
13.013821661935
12.2422638181158
12.5496524963895
11.4786812492166
11.7898506095623
13.4547110982708
12.3382134919592
11.5022246400155
11.6434701628897
10.1780406376495
7.38096117911561
12.1557379536932
10.8712523788201
10.6136016770836
8.34281500457517
15.0112666510135
10.443038725931
5.63105805677411
11.1063493002741
6.30934405136394
7.06932452560169
14.491156940967
9.67654781520005
15.8783127875723
6.95364586451285
12.2965738954488
9.10510721544664
8.99174550167525
11.1306023198618
8.08230387020655
14.2782388456491
12.1796493877619
12.1657192262495
12.9858608991255
5.28551743639432
12.2215129668005
13.2554382948611
8.78890344915484
7.96396155113228
5.15658911865329
15.7606728188546
15.000516397406
11.8262301604035
13.5906311327199
14.6700264307039
13.3744263225073
14.7056428842025
16.0679839036442
13.113945337383
15.7105302881387
14.7545557491686
14.3847524452944
14.6822748236456
11.904245182525
8.3852634751802
10.9188698544823
15.663502795242
18.3305832763136
11.699494751934
14.9700090389262
9.744720930324
14.3378142009264
11.8925496346821
14.4863084785652
15.0058643890749
13.8014822859891
11.9568907333589
13.7894156386879
11.3571955437375
9.97909228823129
11.2454331620157
7.07316977263378
11.4693843016966
9.54340153986745
7.05417350956095
10.4612023167612
12.8284694515119
9.66757149807262
11.5586892463038
8.31884068785946
11.0804303174122
12.4019439750339
13.2884818573703
12.7382284973681
10.9915924054928
13.4656681587576
12.0732819828275
11.1518900304775
10.5057994154093
11.2799408364652
13.1172390936841
13.644240638851
7.60604551311026
8.93427628754021
10.5384733781878
9.36705545422476
11.5501181382109
10.6045268358985
11.4131909125987
11.0011462731634
11.818412760093
12.4086918336453
12.0130104988757
11.1130697419949
10.7195776600674
9.30619167572786
8.26061388019746
11.2228489426012
11.7028821399626
11.3167898103658
7.95238520715702
15.9077932792003
9.26634139111136
6.99311070192647
10.1764489857931
6.79785598562278
6.58302177529718
15.5188089798875
9.97642971385497
16.7284374294246
6.53090338188183
11.3106092063495
9.7428709927193
7.9131955723644
10.3081122999832
8.09250502751727
12.6443007924699
11.0021419258219
11.0272727883792
11.3601552678904
4.16054518000212
11.1810692949107
12.2014956612675
7.42211343538929
6.56923904527284
3.85047888678675
16.3812184150991
13.5217514737954
10.1725920370745
11.9369930093909
15.0829005380321
12.6235495067904
15.3931915971914
15.3351777641721
12.2172848825861
14.8021669589647
13.5194866777217
14.7017721587878
13.356641736923
11.5065278871019
8.41991747847037
10.0048290656725
14.5347502179461
17.1298145464029
11.6405992198849
14.4876152866478
9.60483288136026
13.0292336986671
11.101026294307
13.2299405177195
13.7968173342111
12.8514248948559
11.1653673929838
12.6178021327815
10.1557808625768
10.3115259986416
11.2182099817551
6.31272249623038
10.5969946976839
9.1684769626941
7.97876639582053
10.6131741251407
12.3575206338706
8.90712422166919
11.9558586635589
8.54145436443859
11.2648109338272
12.9745792808974
12.9319449400117
12.6681703370143
10.9366048724907
14.0354581439066
11.5309045937577
11.0734408710617
10.8909614028238
11.7673094500663
12.5748617046142
13.4154377951881
6.80709165886265
8.50183404774315
11.2103967754334
9.82522026036887
11.0064181885497
11.0445113178237
10.5163164885594
11.6057504820503
11.8755697109012
11.8649918839842
11.6594891956222
11.623752828282
10.2486288424262
9.48713093037825
8.22981395599889
11.0073864328388
11.4888974692358
11.102805139639
7.91909708853077
14.8303969169209
9.6525173893875
7.15277734065463
10.8233443934835
6.51520483849229
7.02300625722237
14.8663986302227
9.04047261697141
15.8260997449708
7.19960210240853
11.1945077601097
9.80002794352745
7.88500016794432
10.8740463160358
8.37515617464776
13.5384937093189
11.8539074597375
11.6119790595738
11.9708114516273
4.06621533837761
11.4079546920907
12.2402974549738
7.14884425511584
7.25033287737676
3.7613377084813
16.1820844359983
13.4470864874275
11.1112532574177
12.5751464447272
14.8870326603775
12.4426996821184
14.7942276800258
15.3824963870712
11.6604789692005
13.9592817848879
13.3041421010988
14.8495022284531
13.6667901356529
10.7105475354674
7.03498974770307
9.62207979614811
14.6515849132447
16.613962184773
10.2757259238372
13.9897062010721
9.97432641797257
12.3233199392401
11.3881825301303
13.3426009777029
13.0041111612925
13.3618180564285
11.6098569636018
13.0212413798689
9.5090033880258
10.2262226420096
12.0166701320423
6.43407227353789
11.7368242341407
7.94209994955119
6.76247712017133
11.7384369639509
13.1887555817219
7.68074720852627
12.7589482455641
7.28895738414421
11.9500379045107
13.8976515906553
13.9836530217354
13.342808800703
11.916878745155
13.7828015902009
12.472793795438
11.9454311725077
11.6440503210033
12.441947913755
13.5678249161027
14.3787749521743
6.85702303129789
8.49140513444981
11.8849056293889
10.6530881755196
12.2688583208408
11.9952962007751
11.5558927103938
12.5901507154086
12.2441845497711
12.7886314280022
12.1988172493891
12.0435598276412
11.0412273326113
9.66149223255884
8.27675585969151
11.7440622130373
11.9103210494241
11.6526703476876
7.90866817523744
14.0849866177902
10.405606307567
6.71577300022669
11.5435407854855
5.92335008259224
7.82281554253277
14.1326424423767
8.92078462978747
15.2264919853028
7.39076915691461
12.0633952778242
9.40953850398868
8.60460303459564
11.6655943098612
9.07789516037786
14.4575471711384
12.644535366924
12.3914784347846
12.9095649835965
5.12105323827031
12.3690651234182
13.1639369989918
8.15668720622187
8.25817582848279
4.85397656675259
15.4900315945378
14.5389718562847
12.0055384858927
13.4694316732023
14.1949798189169
13.1990630287467
14.4113344337893
15.9292272636068
12.48172909445
15.019906533439
14.1802641098861
14.4314970388764
14.561075364128
11.2315647038795
7.26982958331357
10.7663576657704
15.6769946688994
17.4557838520242
10.6607253886703
14.9078981058398
10.1654934724787
13.3283684623299
11.9364311573498
14.240021875889
14.2469186270251
14.4147289956586
12.1581055908213
13.9259852424158
10.5504432887879
10.2024077428462
11.8474130799679
6.33243929565691
11.4713091044971
9.76972886991099
7.60810291000647
11.0184480821656
12.9607738195412
8.92738116238282
12.5571105707758
9.0304759931862
10.7468991245698
12.8591958898555
13.1288967159074
12.5572528676453
10.490936698284
13.765723370826
11.9489717544463
10.5555290618043
10.7818431470284
12.1747343654127
13.2205819153253
13.0027290672387
7.38138329814512
8.52209098845676
10.8355363887409
9.04175583078322
11.5807098278322
11.1208072333528
11.1875564734741
10.8222860524646
11.4334776536586
12.389754167984
11.7883482839106
11.2530893424679
10.8508716727046
10.0036793354689
7.33401927542298
11.5696165060531
10.4498287986318
10.0637364690351
8.52391561968016
15.7566769501443
9.96051902518978
6.22861462191189
10.7142261376881
7.22920384387035
6.09884353847963
15.3727257729074
9.61476425625388
16.3301079031459
7.09048384661313
11.6125749207983
9.5073597115833
8.45929180722679
10.3390543260364
7.37956488447644
13.3591853838296
11.5696329785523
11.5733690232416
12.0471073671563
4.19245943021475
11.0897308336613
12.6598037874495
7.61038879623715
6.95611860002624
4.15145367817404
16.5995472288469
13.9086310285488
10.9319449319284
12.395838119238
15.3620792721645
12.3139893485082
15.3251961061353
15.2057816360537
12.1251770564124
14.3493977545807
13.8784337403813
14.5999104218564
13.4874818101636
11.3832280141129
7.96327446736683
10.1091441114731
14.9660980761936
17.1882538240555
11.1294080702924
14.3798221707649
9.72422557762957
13.0322578928297
11.0175190443163
13.9168926169854
13.4283940167631
12.9911545706144
11.2391934777878
12.5946226252059
10.2110756349066
10.3589157481957
11.1569360767724
6.54367698180759
10.9533556179579
9.10720305771143
9.04966435155708
10.6277956590648
12.3216258880675
9.3507799902494
11.6997366680346
9.34414553465834
11.7296958633853
13.168909616933
13.7264792563224
12.0921060890962
10.8789930070231
13.7799537914276
11.3982021173464
11.4391220417849
10.8571103319371
11.7473540718162
12.2028428341672
13.3391759830923
7.7392544726631
8.92045913657328
11.8555279224585
9.87397070793843
11.5482193035185
11.2379090718069
10.6810921568876
11.6183904994136
11.3825011011921
12.3781838460237
12.4273872104775
12.336662272232
9.76193328563362
8.85396628785473
8.3090773375141
11.3198916376251
12.2779469476971
11.8817169774588
8.2741907512522
14.9563115467748
10.3349805400726
7.00535328500381
10.8958238890698
6.42243181748325
7.54440904781193
15.4889979578252
8.99788084746244
16.511479306275
7.86796291621864
11.6629225968828
10.2256774251287
7.90951309318839
10.4911984521368
7.81798941045154
13.1222544997955
12.6338483518515
11.8621930786992
11.7243896528954
4.96106808223565
11.9393323685452
12.7582053119002
7.31625396532409
8.00131222310264
4.26910792476609
16.7415992538527
12.6778264216822
11.9059354026846
13.2720116231671
15.2590424687403
13.3447716986511
13.9194455270526
15.8056439416832
11.8589747175932
14.4874259080912
13.948627481964
14.4226479301444
14.0801185809806
10.5778450590562
7.23029230789817
9.93294054317931
14.993595233042
17.1585896782504
10.4243771018197
14.3958391839968
10.8112939297284
13.0367078595022
12.1025308241884
13.7454952194464
13.5893498221447
13.7484954466524
12.2975901466271
13.9228937973497
10.0607701710102
9.22159409101026
11.8291205082476
6.10124557777279
11.8720819782814
9.67012873338666
7.15984896351606
10.7383288391046
13.3253077399308
8.69564730321163
12.6112374935455
8.72340287143823
10.8908043539287
11.9714861790032
12.9274793473209
11.7384583457685
10.3277884235334
13.2061861450774
12.5701202712464
10.6002305323283
10.1268646647701
11.2854356514835
13.6140773821029
12.7855388452121
7.8342432826129
8.29035712928557
10.2073036735392
9.84301051121387
12.2803179047033
11.2059701821079
11.6466332560605
11.617957194556
11.0163490628224
13.1102824472086
12.1093527432815
10.6829418111959
11.1974001880657
9.95758822549691
8.37994119375412
11.7799085274005
11.7805520872247
11.3944597576279
8.49452866849939
14.7684268639168
10.0745255196255
7.00052074826372
10.1655782219027
7.38894514081564
6.79077486470499
15.4357973670065
10.0942211882147
16.365228306249
6.4147984070735
12.2130683525111
9.16940818173377
8.64165133648029
11.0425293793294
8.30988234087494
13.7444208770973
12.3018952586491
11.9865370086031
12.1322703159114
4.6531712556812
11.623856745734
13.1792130180726
7.79274832549065
7.66935912990024
4.70025327158015
16.5393750110985
14.2462946844307
11.0626106228752
12.5265038101847
14.80222434036
11.3985893438958
15.103701912828
15.6114602007596
12.3354690777598
15.0647690787071
13.9883737751447
14.4073777749371
13.8934242607126
11.7084926014359
8.16253148926997
10.3539482493518
14.9590974989582
17.2835480946654
11.5962952557196
15.1013226741489
9.33139457175722
13.1143173076934
10.4386727225107
14.0268326517488
13.0364494806606
12.6867299911406
10.6603471559821
12.1308953761358
10.2931350497702
8.13767220566452
12.2306340056161
6.66492250008955
11.9341482295473
10.310100400393
8.28719995492851
10.8784007862433
13.9865781747958
9.1183978845518
12.6042507171697
9.8615181860191
10.0589992412991
12.8348627279446
13.3600345045773
13.0118317706693
9.75661505033431
13.6743610979999
12.3966223630789
10.1353930508925
9.7925076591826
12.3062685857411
13.4289161299222
12.1873701274352
7.65320551380172
8.91535841854444
11.7411447389028
10.1283277956204
12.8498032086978
12.6084899131111
12.0908745838759
11.8296498934259
11.843731336835
13.1173962721634
12.0510091938956
11.6495338656599
11.1570393162508
7.88193598366876
8.52437808464477
12.6162450065007
12.4132841469047
11.5938703022138
10.1984790382824
16.4706831545562
10.0301739195908
6.43899704273807
9.39943670158742
6.50417952338032
7.30113378455061
15.9448470586216
8.66006252139562
15.6805890039568
6.09931226278056
12.0857211937779
8.19434059322973
8.5869822044545
11.3868839196227
9.17031125436488
13.2976037947928
12.0494201264353
12.6757122740161
12.8214953273438
5.03606364760692
12.4433618902899
13.7532190759446
7.38536180600613
6.41956404358009
5.63138966494208
15.4204298764682
13.8997777165161
11.8283515074311
13.1944277279135
14.6704109190182
12.7670490660545
14.3431227076823
15.7961666077149
13.2217922096972
15.2680465257452
14.5069214886057
13.5541225076097
14.0130993456304
12.5040872838856
8.51466846636851
11.937357233056
14.6342385207226
17.7867687854925
12.5362405653245
15.1252481257992
8.07913671298966
13.937700813644
10.7857804259027
14.3525418985334
13.2465278130982
13.4732896227334
10.9808397483414
12.2601617458644
11.372093754481
9.60280237305892
10.3195793090672
6.89251900697366
11.4086255481867
8.7937287436633
8.51341007494013
10.813263205925
12.6248914947282
9.64787522176034
10.7695098661719
9.02014811461076
11.6293957489954
12.7889852232497
13.8748989684403
12.5829553677732
11.0212629284437
14.1342804126948
11.5803765084825
11.469484890364
11.0323223807374
11.1981758165874
12.4314868072511
13.4349704226823
7.7392544726631
9.03320623473445
11.6343457294896
10.1575074410506
11.8469682491483
11.3376424275054
10.8720381612966
11.9952350399781
11.2209584017889
12.6388491388305
12.2396449169553
11.6518914435754
10.0721946203714
8.78380824593459
8.05446401955729
11.2601077850939
12.352818310036
12.2051831659732
7.73802327973483
15.821138573002
10.586079106291
7.54449425913431
11.1823351852126
6.30447532309778
6.65127499330013
15.8573492970047
9.02484111539685
16.2558750652567
8.41335720100223
11.6349714058869
10.3120184068983
6.83317559324633
9.81131221180506
7.46496855422971
13.4502595364019
12.3550563285738
11.580619492808
12.1288843127187
5.13088549302721
11.9503897433434
12.6979382558771
7.06064972430578
8.28387673205537
4.36749676412907
16.8409790162772
13.0048592341291
11.4807806318716
12.8392966320506
14.730358566189
13.0833802232595
14.8570478850585
16.410053288838
11.5837857647838
14.6325897312874
13.4354177214737
14.9617889042749
14.2144770560885
11.1925034322442
8.16377266498308
10.0517694060555
15.0659960286301
16.5364908489904
10.7274814899544
14.7265956423638
11.0938584386811
12.7274490362422
11.9064428027665
13.2322854589561
14.1865430830503
14.0569137190646
12.1015021252052
13.6440195091701
9.74747621960503
9.06742578467338
10.935340028559
6.39706390504306
11.6818607714664
8.84859826186949
7.79703966312937
10.4892314771259
13.0051161780894
9.15101797726529
12.2337211636775
8.81497802213699
10.3021402448896
11.7291357563024
12.4530142240197
12.4615475748494
10.0449341230131
13.4222614010065
11.3578028521051
9.84903676184821
9.77510450232492
10.9762929288803
12.8600582645216
12.6903551479447
8.39231584764905
8.91418049316218
10.7409604334027
9.71910616213043
12.1907160179715
11.3502842802065
11.4438568470361
11.5454407672691
10.4603087755147
13.049289713406
11.5547079877199
10.9248396025973
9.99657657245953
9.27938244639726
8.08764944952723
11.8647693829531
12.215568095471
11.7780195985001
8.40328851558812
15.4143118676534
10.0955168840711
6.95573678736014
9.97031726881548
6.3617817415177
7.02654219206854
15.5902286847685
9.68370630026186
16.3280061028962
7.26312504421094
12.1065770206046
9.26455609487275
7.57615548587079
10.4967524650297
7.45675820229017
13.4574801686958
12.4586842702315
11.297807496048
11.11553576675
4.19089969976208
11.6264346545698
13.4512774750996
7.60982544081742
7.64201060312563
4.85145345930846
16.720766596795
13.6828500636512
11.0291388167259
12.72922542005
14.5131482931923
12.490091606957
15.1290872923816
16.3365395686099
12.6885336211264
15.0116822772292
13.9082282167226
14.7280494103729
14.0961458705779
11.0143599481283
8.01484476845825
10.4609547423488
14.7027586825951
17.45011863068
11.3999466943006
15.4266877602664
9.92825766769943
13.3927963908347
11.4197234707593
14.0636278826783
13.3947398461267
13.4408084887382
11.3473383915271
12.8885588909894
10.5193435547444
8.94207838969136
11.318054480925
6.96892013206676
12.1999381437783
8.78368631452194
8.6508376831386
11.1931581076733
13.6642573853142
9.45032029997473
11.9592111376722
8.63728807635043
12.2328971351557
14.2280807059652
14.8659897321673
14.5072407771789
11.8748212998919
14.9833886754129
12.5679130040773
12.2282904031527
11.7913034414244
13.2187390088468
13.8364376450575
14.3092584617787
7.75838905073261
9.81724553102318
13.402428306783
11.9862894141622
13.4918039773099
13.2890016805913
12.5830157873718
13.6773999534518
13.2687573625073
13.9032611862496
13.2552453582263
12.7534852137776
11.0680104903849
7.4849829516933
9.25072746028115
12.0915796555454
12.9579880520156
12.6901997096375
9.06535541925242
15.8875582571658
11.2897003819868
6.41292017262
11.7167658071854
5.33676346376612
7.69214639596072
15.5610932804822
8.53721474289934
15.4322720381641
7.92068760564673
12.2821883058854
8.91636461704302
7.79384057724786
12.1884443959371
9.73966810970385
14.5836687051181
13.1723257009298
13.5175048986033
13.7472894405192
6.78997223537474
13.8326761618042
14.2261847478188
7.40741106220203
8.3750338289333
6.35577347235446
15.2803062073991
14.2181433069531
12.735977393781
14.080859588773
13.4856704014737
14.0371972054071
13.1145695538834
16.4105452096524
12.2705436074375
15.5663831165162
13.8602389424151
13.1977155308887
15.183067939602
12.5448660660697
8.55652312084163
11.9694111285177
15.7507099295177
17.0269071140231
12.119080185545
14.8837316412269
10.5636431466721
13.1570648232203
12.6564941841278
13.6831470363113
14.6819973057067
15.7315941884875
12.8515535065664
14.3007638293811
10.59414036535
8.92954549673043
11.5886339165578
7.21856813673252
12.5569505223246
8.92271968491407
8.10938357837702
10.2763876402834
14.2425407341144
9.52823087010074
12.8809356869529
7.4668824257863
11.749016045793
13.3131540271443
14.6909294570881
14.3825322315126
11.5620947695065
14.371248111869
12.7038407413984
11.7444093137901
10.9541491131439
12.9692209848617
14.6235104960265
14.214729426513
8.55647967551921
9.57916288798575
13.2530720342888
11.3957507310015
14.0704851278522
13.4692214472582
13.1884855430582
13.1642029010075
13.3698028745471
14.4819423367919
12.387424070664
12.1707125822834
11.203938227706
8.53000647903593
9.68615366622418
12.4811484866639
13.0807397043099
12.6832703041015
9.45492425037089
15.9663280985803
10.1214480437502
5.82238148945933
10.8796114789049
5.1199723593808
7.82789785913342
15.5835875569118
9.62702994190287
15.932165809747
7.41802036626208
12.6003285655753
8.79749750844307
7.81289921548678
12.6238706018801
10.1282795767974
14.9602683487688
12.9522972106486
12.9269662154427
13.4847557939649
5.8174939023443
14.012895928471
14.6260283941111
8.19722815026849
8.36810442339728
6.71429859191412
15.1197136878851
15.2018527244061
12.6892182611036
14.191691704572
13.8159873820255
13.8225834356925
13.4633876573792
16.5658456289455
13.060360695504
16.1201449196848
14.478275472469
13.5836676583858
15.3383683588952
12.6807938033909
8.87960003036563
12.36925477481
14.5990131039383
17.7918048547158
12.442157095069
15.1034830615538
10.0196573805549
14.1658307736115
12.7414142112525
14.1445612860293
14.7778717546035
15.2128766246817
12.6690291320203
14.1470610273696
11.6354782508104
10.01539989478
11.8626505425557
5.84039218066735
12.1184711205162
9.02161363835964
7.55476041449672
10.2297794283282
13.9333458842297
8.52458817785335
12.4320170264232
7.18075333571005
12.2918453100936
13.2135606566232
14.3385885839352
12.9084530219682
12.1578275645644
13.2023467029406
12.8380118583849
12.3092786738579
11.5188429253136
11.4143200334283
13.7138651113871
14.6794314769491
8.88372715843037
8.49208570256426
11.8928508461497
10.9300565797174
13.5698602010947
12.4761176311704
12.3569763464693
12.5460390670074
12.1092590076616
14.0599646242103
12.1964596332533
12.1540437595039
11.3350168241297
9.49803164538459
8.59666038464196
12.4131237170828
12.9081201173007
12.6403317749227
8.61239506761817
14.9301557674102
10.2210404298185
6.74596252629263
11.333589398518
5.66080478659717
8.2324765291428
15.0602134102939
9.67334292577598
16.3190085073734
7.87874702352844
12.9468185072635
10.1476837957529
8.61393799091795
11.4978046846623
9.01043384170395
14.4916611422766
13.2865711965975
12.3158172887741
12.8047611224747
5.07379639327291
13.3572980771635
13.5274152932353
8.86739296150385
9.03826923463264
5.41041859495194
15.9868268537771
14.6549670514894
12.6438025253944
14.1509145452155
14.4347844346807
13.7796449065137
13.5798637808359
17.00966027197
13.290394239534
16.406708392713
14.8828901195014
13.7345388938952
15.5705632727475
11.6068542953944
8.44366795859206
11.4070407696556
14.9722295031111
18.2197301990787
11.7868607817339
15.55589829822
10.4819077158795
14.5628231898323
12.5624565481276
14.3730517097763
15.1907329066753
14.3969237114914
12.6166600061628
14.50274598794
11.5926685202962
10.3737695455123
11.6540841546481
7.34546872864246
11.7797490956842
9.73484883364619
7.90633185994307
10.1911112491067
12.7898152263415
9.98991451695528
12.4630877744502
7.93032189970099
11.7299096241244
13.0278752946206
13.2340158661416
12.6535878570169
10.6673298972627
13.5609448125387
11.8178553286716
11.2274087544542
9.78728741814
12.0052174287656
12.8808282384296
13.2474118925102
8.11879580808355
9.36279972214271
11.152153871056
10.1130174017363
12.0410369271152
11.1434416735149
11.6062697603332
11.7861834593646
11.1864314616595
12.7317071868898
10.8625538915408
11.467519158503
10.5716684400754
9.55877260807832
8.95253365747175
11.6010756840848
12.4258115522183
11.8557046479822
8.46772990190334
15.2517294738989
8.33424625611313
7.18184088937316
9.99512271630003
6.5194545468876
7.42298138158552
15.2785383198729
9.3946488801797
16.2046300362978
6.30510880889459
11.895226841337
9.37567698801353
8.26854548953801
11.2180599839694
7.87799317671745
13.2534691088305
12.3673010946135
11.9157895257906
11.4084862624994
3.55020177095715
11.4958959887222
12.7807963801466
7.51680344376072
7.71969565260778
4.44392500941893
16.3396885810314
13.4451623238896
11.1046871720727
12.8690881443892
14.7204166313386
13.310261620718
14.8693842040646
15.8740926017885
12.8102141855264
14.8696265881579
13.9278881156282
14.9016615832958
13.6327267987085
11.4221032776721
8.44967841451365
10.0331461703992
13.0562885740048
17.5992762827062
11.9692966060859
14.8483339925717
10.0350483815857
13.6724942609467
11.8309775853532
13.6866996036394
13.4996647826285
13.1621070062168
11.8953186840301
13.4469978175642
10.7669348703164
8.98127865288146
11.3134163228601
7.17705174722266
11.089669832367
9.57245585177163
9.45540710943522
10.4446581781108
12.2354280598905
9.70468566006083
11.9950618442714
9.59511367444664
10.976689094809
13.7237944281326
13.5316364506632
13.7347629160611
11.2019863936279
14.9670161992569
10.8152922088466
10.7853190320435
11.0139877312342
12.8496934317707
11.7067301112863
13.8005053689535
7.18969097825833
9.60766459467748
12.6557331678996
10.8488769612787
11.6427713988712
12.5918894701377
11.6395921769289
12.553064604481
12.3885670743518
12.3993644335349
12.0112631991023
12.5948498830382
9.62730625683501
7.15382785013679
8.35675941584205
11.5470955584645
11.8289771724927
11.5736030666578
8.86716501290582
16.1158878381141
10.506674195242
6.49064885763346
10.8886806459979
5.9275382629563
7.43983746820569
15.130515977892
8.15787940802636
15.631636963105
7.64879737143846
11.4878130280453
8.86011070645846
7.39149017617787
10.9729866828717
8.79386072921073
13.3737771558231
12.202295254856
12.5421367568658
12.6871730051425
5.40381391061266
12.8918065045952
13.1328741293247
6.93272890875522
6.96092431317529
5.13913328354857
15.178277641191
12.9039519365353
11.772728202187
13.6290392841049
14.3374574303404
13.7154020049265
13.7757252493521
15.9108712959616
11.9681614867833
13.8197578258486
13.0123478388781
14.2130207817396
14.4372711299203
10.7819955081953
7.59178393256423
10.6546522853042
14.7834459119012
16.7824299972005
10.8820202617202
13.175409057141
10.1293277682318
13.0080680515021
12.6890258911471
13.1859732854121
13.7985555570161
14.8226144823693
12.7432293491823
13.903279147456
10.4564291358184
9.84929870254496
11.61872113503
6.60829660267216
11.7852016057917
9.26411148025471
8.61654371797898
10.1997173053048
12.9314031328088
9.46544367398793
12.2425635124986
8.39894261861516
11.1234163107685
12.9179006138664
13.5676967988943
12.3231477492728
10.4535323294904
13.6643093911185
12.0224345191916
11.1227333199015
10.3324731192553
11.6768594861922
12.8735448179602
12.8622315684675
7.88946085979457
9.14130323603166
11.9043113230823
10.2735181783698
12.2482303866151
11.1024043957367
11.5490944728968
12.0570132085346
10.6379021631015
12.9742066422238
11.3023401597192
11.8346065751411
10.3673688702569
9.50457082325511
8.21536153150142
12.2013960134333
12.6137212982614
12.2853532755191
8.78451349813968
15.6246890822945
9.32799484726122
6.73079989628806
10.5991144571745
6.50674756294541
7.38194410380731
15.7149843765862
9.30359991331684
16.2935638135069
7.6982910080776
11.8849776251264
9.18828763371501
8.14550953305925
10.4818600821586
7.32849165400006
13.2258182533433
12.6850569150093
11.7937257934714
11.7098429035364
4.05127896992258
11.7383954440562
13.5485876849314
7.83073147052328
8.2207728515732
5.11567391019602
16.8393520271228
13.4354558001238
11.7704307266144
13.1365069470969
15.0722279437296
13.2951159144729
14.6381220368983
16.1415114044962
12.7701491319077
15.0792052889905
14.1450229592561
14.2840834009803
13.9001456014162
11.7028921098145
8.30831977356206
10.7729862841881
13.8240798787896
17.5841305764612
11.4729345293609
15.3335607884038
10.7067972823628
13.8842748278863
11.9427588169253
13.9418906967385
13.5825225990452
13.7624273355653
12.137818139364
13.7144166202719
10.9515942237753
8.47485802162784
11.633797814546
7.23655044403361
11.8066050091686
9.81239124360626
8.78112875246028
10.0259083822973
13.3690350264443
9.63791327418445
11.9215079712802
8.62268337439532
10.6344835481372
13.2831542576219
13.5397363627343
13.4050669068194
10.9241918915157
14.4929534963093
12.070958322244
10.9340047256329
10.8227533276704
12.1557314128483
13.1032520890872
13.3549469686166
7.15324026692716
9.0946669568898
12.6075124460242
10.6244841359083
12.475666796587
12.256116854816
11.8934485335292
12.315594675198
12.2707641178457
13.0249806339158
11.3830815455045
12.0379460573452
10.6313947471805
7.93946671166908
8.45692732450387
12.5152016925322
12.2075599313076
12.0825579281921
9.32418491095378
16.490237787511
9.32843853041127
6.7660514612886
10.4471462479516
6.11790808926028
6.94067319182171
15.9644016915764
8.71759324939595
15.7001436369116
7.30067058686759
11.5008862879921
8.9118178815461
7.70249698533173
10.988995314199
8.80985066163596
13.4368769244887
11.6619626460257
12.3180558168652
13.0172146937775
4.72783937803167
12.7507241362215
13.8154931384833
7.62579900723605
7.0722101383367
5.871826866172
15.439984509423
13.5741136756811
12.2105731624896
13.576649382972
14.689965551973
13.2428518475355
14.362677340637
16.1252349117955
12.3921718117122
14.9104197520954
14.0053527650196
13.9858860340912
14.3848812287874
12.2517151742937
8.90020423097519
11.6322694722894
13.8844060279092
17.1328008072353
11.8117462401534
14.4114883066822
9.60850007368304
13.6932256881976
11.7927169357619
13.8509731749473
13.4570302799909
14.4321290289588
11.9877762582006
13.2867353772801
11.1276186290346
8.38129980620966
11.7195999924042
6.89190246306845
11.9190312683413
10.0067249455434
8.40075710471201
11.090811511611
13.4548372043026
9.30269222937523
12.0073101491385
9.69802792694162
10.2601782791208
12.9027826098736
13.8414464505285
12.9756109652566
10.4584756006161
14.3612230888773
12.1526770564778
10.5223250640846
10.6748883689813
12.4887336349208
13.184970823321
12.8929127625028
7.2390424447854
8.75944591208057
12.1728340550049
9.54913958336204
12.5573855308209
11.9256266955232
11.9792507113874
11.2402501226517
11.8471203305294
13.1066993681497
12.4584260980508
11.6575744095969
10.7171969250388
8.11576585505432
7.44270387694925
12.596920426766
11.1322153787613
11.0072133756458
9.40590364518762
16.953445551907
10.4037830829576
5.78528731789369
10.3535880325335
6.27369732609046
5.8653286392754
16.3148623578112
8.89625699167623
16.0795658495345
7.2071123714494
11.582605022226
8.53144623379782
7.78829916318997
10.6585051549061
7.73450610908966
13.1063867651958
11.3314724867329
11.9875656575723
12.6867245344847
5.77800193808245
12.4202339769286
13.8972118727171
7.70751774146989
6.74171997904386
5.95354560040585
15.8857564954114
13.655832409915
11.8800830031967
13.2461592236792
15.1242117699809
13.1492936321173
14.7420995532599
15.7947447525027
12.4738905459461
14.9921384863293
14.0911549428779
13.9241378067993
14.0543910694945
12.3334339085275
9.07650337436043
11.7139882065232
14.9597505804555
17.2186029850936
11.8934649743873
14.4932070409161
9.56009246120392
13.7790278660558
11.4123452880136
13.9367753528055
13.8139918542501
14.0517573812105
11.6074046104523
12.8399498266111
11.2134208068928
8.63893916788736
11.0683821891138
7.53240949175981
10.5907380066251
9.63666807168791
8.78110455214179
10.2470323685612
13.0177288411494
9.98588487622207
11.6523967544992
9.27597003894794
11.2425511364021
13.2504008254415
13.5911427918984
13.3744604205606
10.3944817061046
14.6124157693156
11.5126589400246
10.6871239235204
10.0102378882933
12.2879833702921
12.5729038978637
12.9896290444989
7.44172859534414
9.45484037360836
12.5982650371689
10.3320467909802
12.452288091649
12.377603755852
11.6655802207038
11.878238983432
12.2352826690106
12.8087068962294
11.7175734154629
11.8224182107043
10.1892003379966
7.5945799849043
8.87548024858377
11.5740558263989
12.4842707737664
11.6903340228243
9.15628985818054
16.1766969799581
9.69518459295448
6.48961980333925
10.1684675361692
5.01889745133843
7.1541231824914
15.700479855831
7.85586241519496
15.3296199702736
6.92858426160974
11.348400986633
8.54142362191123
7.204341003975
11.1289468348096
8.88061978359695
13.4441065806358
12.0128811410644
12.1057451792739
12.3764997299475
5.04470790624882
12.2889858740147
12.8678164811032
6.38946593370369
6.64828789075929
4.91623329728714
15.504067710284
13.3727427452235
11.4731983663757
13.0015044116873
14.2160782649052
13.7585508897129
13.833983827327
15.7969375682599
12.5539013740011
14.4045989242789
13.5380721549593
14.3290590885699
13.8201760294042
11.7617464589355
8.15788517462914
10.6689112900116
13.7248513690817
16.9791187115068
11.9581587733698
14.0136316527224
9.23539776370899
13.2261903361498
12.0394323482317
13.0556875282807
13.7284016116809
14.2168327568367
12.0936358062669
13.293072248294
10.6855026243605
10.198587454106
10.5827948595562
6.94854059114606
11.4182043810122
8.62393394950062
8.64979883995858
10.9595572033309
13.0723378101826
9.7468611001695
11.8885993802841
9.22270184626841
11.3059495284243
12.583297921907
13.6872450203968
12.7959794494347
10.1712094625702
13.7632970109794
10.9557006926502
10.850451982005
10.0989948531979
11.8881042664869
12.4305023220203
12.7701550056712
7.93423546067655
9.43473248565613
11.2975345313832
9.3551733708982
11.8329367249076
11.4888792615327
10.1754464835256
11.2160100317794
11.6577978332078
12.4740776293997
11.9672533071271
11.6904143885268
9.96103460144791
8.87494117749706
8.80094319685321
11.3814346613201
12.5840537251632
11.8741281224552
8.50882010262819
15.2206963785413
10.2996751672128
7.09809771768212
10.301774483574
5.97056357913377
7.04313917866209
15.6512265136132
8.70107328127805
16.0651208960555
7.39774777195626
11.7683373296811
10.1507620752698
7.37732972150945
10.7510867460322
8.20788587639646
13.3128439317044
12.5853578172862
11.5720397147429
11.2055923158551
4.63001303871766
11.5413464040251
12.777987672119
6.94132412653317
7.73811912708072
4.13441371280312
16.7548041577052
13.0907452799304
11.230690950762
12.5489189893771
14.8573270178605
13.1871129053304
15.0523790335844
16.0540788979463
12.206802376205
14.5042728530624
13.8108470601559
15.1076535820116
13.8536617650479
10.2775644220885
7.20719669578846
9.8331355129828
14.8104865356571
17.0456634343965
10.4727100611385
15.1100206726634
10.3908854320511
12.9036311597652
11.702740694881
13.8294961224829
13.9080865595584
13.6634654893217
11.7156256261836
13.3419598420748
9.97212185659271
