37.486709106018
37.7526341511947
37.5938693804343
37.5785665621686
37.1507122484313
37.2475717103522
37.3180756553082
37.0233262267296
37.2228626129338
37.304871230352
37.8376475653255
36.4760579559539
37.1122571114804
37.8182598463498
37.2854835113763
38.0560257315862
37.334359825831
36.914248915684
36.9440004533458
36.3274485016071
38.5709896514151
38.5426335862993
37.094213709993
38.5664079540473
38.6988233463669
38.1860358463417
36.4893440959645
36.5732586131822
36.5636578360749
38.6244471577126
37.0183147908266
38.2909221514546
37.8539537060727
38.5103768202379
38.1428317794475
37.6747379049918
36.8445851641272
38.2172645615532
37.6757338792743
37.589631322328
38.3225737227406
38.5240539655857
37.9957136005366
37.6109346748692
35.2367044194003
35.150601862454
35.5888258404219
37.7262763718121
36.381065675814
37.7476265375769
37.3080997048325
36.6480694441011
37.0612686600549
37.7043515569698
37.9521099968669
37.7664400726416
38.3319847961951
38.5797432360921
37.1014102941237
37.2913537285777
37.7747368664607
36.9954329411109
36.4596888899645
36.3735863330181
36.6732069060513
30.8985930707984
30.4942577047364
32.7923903474351
32.8021786115837
32.4507190286283
31.9126893521827
31.4110532788195
31.8365501451584
31.5470502393125
31.6739316055053
32.1408764696788
32.1146017040361
32.7256916415797
31.2336353743045
31.668419638765
32.5119572591857
31.9008448556453
32.5634920632198
31.7113919000995
31.5656384387108
31.7031194582956
31.1121388002775
33.4728373002748
33.3836052829416
31.629473222596
33.364944778057
33.4696571544582
32.9684858308429
31.0551292588742
31.0288544932315
30.8499564984029
32.7459092152733
31.1616312231354
32.8128042735377
32.4279977053752
33.068669309714
32.7050916776733
31.8023149689963
31.1875180493635
32.3332503963247
31.7223799505787
31.7438459816781
32.7904801222111
32.6790188938231
32.0683342702719
31.7706255570085
29.6705769909413
29.6925056764366
30.1841252176678
32.1051347553913
30.4795260367925
32.1319143307217
31.1095222790048
31.2472098869155
31.7624265074279
32.2773021407065
32.9476098512017
32.0500323436494
32.8585915550215
33.527645416287
32.070541665593
32.1815472961064
32.7034244327375
31.9952028102621
31.3841128727185
31.4073437767725
31.396718668025
32.4393824207794
32.4480107510188
32.097015369786
31.5601921370159
31.0593610897903
31.4898390124596
31.3613189858834
31.3271074789588
31.9385238055046
31.907145366874
32.5186653894173
31.0312827101303
31.4640472341773
32.118604543231
31.5071905395151
32.3770819107068
31.5245237355896
31.1719616565837
31.3155125649617
30.7256934305732
33.1198293736191
33.0346849758164
31.2373490872325
33.0119368514013
33.1166492278025
32.621549448981
30.8507568542865
30.8213981560694
30.6428242274132
32.5336441435679
30.9594763373013
32.5006800158805
32.1164545509214
32.7571382967823
32.3935485232195
31.6040048836296
30.9853631635294
32.1209853246193
31.5103372120872
31.541000055238
32.579252961659
32.4669867071334
31.8700241849052
31.5677796305684
29.2786843822751
29.3011973080209
29.7928168492521
31.7504048071686
30.0860659767579
31.777184382499
30.8962355603178
30.8955176978863
31.4105119851848
31.9305910080077
32.5966334948881
31.846991243225
32.5060404363157
33.1763481468108
31.7233829505172
31.8303486065789
32.3504165060818
31.6023983296877
30.9913083921441
31.0206670903613
31.0039141874506
