15.4502514472129
14.5106291135527
13.4046155668576
14.9997624502282
15.5585296556093
15.5336012893648
14.2531797856928
14.3209577281562
15.500651889929
13.2678239479263
13.2459168308218
14.0139666300841
14.8590535641823
13.0538551609561
12.2135359263108
12.9014312201976
12.0553189698947
15.9943310204106
12.9375421881896
12.5994246732714
12.4080814438867
14.7012424595047
14.5988026269724
13.9666091441493
14.6543268653414
15.824568487108
12.523459691225
14.0060259371814
13.7485848450015
14.9162548825239
12.486212246587
14.4971059457892
13.0094752433999
12.0659098088976
10.8183311073415
12.5276872132086
14.183312119136
13.3627840394077
14.4624516606366
13.9723887674138
14.4969995523483
13.6591641654132
13.8992653195464
15.3239074784046
12.908948964838
13.4393986323207
15.8582113280528
16.2191253568986
15.4556479326181
14.9089930994434
13.5898458159808
15.6349849556413
15.0185361875929
13.9761887705987
13.5946418542494
14.0786719091445
14.2334173047577
16.695673488915
12.7973938790091
13.6858374203641
13.2912659831792
13.2113700256596
13.4443220910576
13.7866234092684
13.3861187690335
11.1885062961384
13.8478822024009
14.3795278926256
13.9365127641844
13.5105444009306
13.2486174702976
14.7846297638764
13.9395428297782
13.7871188890196
13.9790599313759
13.824432171309
14.6878797694898
14.0043440352358
13.7760526522252
16.6764964391888
13.435218055914
12.608032804097
16.4748845471329
16.2509763161314
13.5184460284865
11.9966559503936
14.426061909144
12.5766770723132
13.5929027256145
14.793504039276
13.3756131064095
12.8795554614709
7.12225620111102
4.90090075992308
3.22681898648574
8.36458301664904
6.39430091333652
8.57493501430543
5.26573271607986
5.31640338633176
6.46212566465405
4.11379298903671
4.52391394293224
5.42175950259696
4.81028961139643
4.38378309209384
3.11903706622489
4.16648504445538
1.98674739875019
6.33506493332347
4.34531954768583
4.57672406957967
4.07440332572104
6.93169673046297
4.51575561299639
3.0616488466194
4.65647786582802
7.58245052923961
1.5509285755039
5.16198652843335
4.88642092325026
5.39972391344642
1.79449199351708
5.42882687419606
3.15501193466793
2.21144650016558
3.46592326002588
3.39696498329806
3.56674967565136
3.00372401042029
4.76061970659894
1.94622029869061
5.71919420715165
5.24377315917518
4.61839945534407
4.7254344124613
4.17998546797036
2.00886420999924
7.82718719952259
7.05793490665589
7.02333753418704
4.01282241281931
6.54564297168459
6.58585359178002
5.77026432674998
6.50823919056385
3.91044981985255
5.30006008250466
3.26492890443038
8.37961748386064
2.73756433171887
2.68432953085196
2.60312259936609
3.80603861867249
4.21091716154123
5.51355573382101
6.23393394804535
2.24528784683505
7.42189641556283
4.32562105418465
4.3007619632568
3.99333241517149
3.24731201869943
4.78595361918738
5.3974235103879
5.18012546274944
4.47179461405666
4.25829896274031
4.49858058775719
5.01481725169215
6.08409313549395
7.97079842584592
6.33284738639071
3.07263921300363
7.18633123509778
6.82850098621123
2.22835059165005
4.06386259180044
6.15489787064605
4.44790036348856
4.00341718318361
5.32002126706419
4.43456224718231
