9.62797859022533
11.6973678589221
12.6836018652949
11.1413513507868
13.9083180759562
12.432657465567
13.4139164778216
10.3524170773602
13.616997755479
15.1483449092023
13.3615796396504
14.2326856363406
15.0692718398246
13.4984205742058
13.7047405088205
10.6025882250619
9.7970029511952
12.3226684136612
11.7356684786391
10.2038603340172
6.027297569739
5.9181589402555
4.6436408332838
6.49497996732477
7.94653677822029
4.16121705840714
6.54097322607899
7.06956306794565
7.41031032654433
9.24941108700035
7.33379796835501
8.39966635907902
9.16432363310185
7.75972000764071
6.20465210795495
7.09598897101847
7.67772559347381
6.438053639846
3.52169293005596
5.72648268525485
6.63723988783751
5.72949565359785
9.83932672202526
6.32979114553889
7.30133100501511
3.62545230487567
8.30092304147185
10.0296168755075
8.59058300362292
9.93185604056837
9.81889817580771
6.41009186202116
7.25706090637702
4.94465694046279
7.17183228492059
6.03074823164729
