5.56445607473263
8.67078215326698
8.44832287785079
7.67916051420515
7.03038215003694
7.1825784174474
9.0325771716905
6.85536152209733
5.97574589954999
4.45663848900884
7.62805964841143
7.79470639949562
7.08008466243539
6.72443716293323
8.47357027388473
6.6416149586954
5.89857244144819
8.80216621834732
7.47772622047803
6.01878784057963
8.72324910850336
9.09286009675819
8.45309689314041
6.50258161951923
6.91230453851523
6.94446419309103
5.8562159297396
5.99479584003004
8.92190267110946
8.60793930734211
9.89142786071664
6.37947963466684
7.96545846800961
8.29130985124524
6.38487571652821
7.33663781025943
7.76357700041002
8.53006419343696
5.29806097439715
7.94810526899074
8.51525387117797
6.22322923581934
9.75350957299258
6.59187973569639
8.28197149321933
7.10886713361012
8.7026857139228
9.05919242253415
8.64556755640449
9.06666921526904
9.86735741352007
8.19894298876618
7.6400322482373
7.15912918090559
9.50525113492635
9.23577246564017
8.14285029099269
8.66740401447287
7.90620189093396
5.80757138135677
8.32387140874805
8.51877869621421
8.54120872614256
6.34970294200582
8.1498051867196
5.4185588151842
6.67759285287637
5.75370741481995
6.14991237890009
8.77927649509176
7.46160184688108
9.37718331801637
6.35537780777432
8.86394010459398
8.98676072472275
7.63686758426878
8.2394518287615
9.7525560394397
7.62342299686328
7.25426141974358
10.4120027887166
8.54160008198063
9.27153276961081
8.82378200455064
7.39893819386209
8.74745822554613
6.12558333180103
6.58614611242492
7.63824711601288
6.03793114041006
8.29236903236537
7.40195954760524
7.34578193741744
5.20648221818748
4.71162875375379
9.7188306339932
11.0087611976159
11.1123258055282
11.2851403633936
11.8254511240067
11.8370069731975
11.6396249273537
11.2952151563293
10.6753861172488
11.1211905032395
11.708615988729
11.3066845221708
10.8783420387645
8.26624178791202
6.7132793016124
7.17169459496692
6.7896289663512
9.94881758882605
9.00761642310006
7.99246712716448
10.4071713116625
9.16874846129785
11.2512662809524
11.9925447430887
8.81331540226987
10.3886009048214
9.99788538349074
9.06721445260643
10.4797506471399
10.9430210704127
7.16600441652252
9.23353212427961
11.3307484501709
9.37113114949729
8.27659111705686
7.03825367882349
10.4994249080905
9.38304884129069
8.28418706976598
10.7913743621429
9.97021768641027
6.65735040863494
8.64339212134315
7.62227745089418
11.2014878670825
9.28899366352061
7.87814468083321
8.35433697353537
6.57676338049943
10.2630011528031
9.75752103968378
9.31868424299224
6.97678376386218
7.52843989560753
10.1989578883566
6.37360480972271
9.85725405353221
9.07725039535555
8.45657346106907
6.51727656010887
7.48146255998791
6.54291267327835
7.21554244791643
7.24596085211319
10.0515149017901
10.8372482143746
9.57876152823034
8.20560236804012
7.3183199444789
11.2150726700615
7.35228076603607
10.4169776575805
10.4213961374771
11.0064129391026
11.3114820048848
9.03462958264537
10.9913598993739
10.699107352481
9.95564894506766
9.23744155915008
10.3317945212054
11.9974915453155
8.51011679575479
9.88628876640595
8.80026271637013
11.1797619775769
10.3710003385517
7.47882159363214
10.7086190485695
9.40068390997101
8.23618653403357
10.5889765069651
8.87498451721272
7.04320035521065
10.0736181119723
9.94032286807044
10.3502514278197
10.1299661987079
9.17212333334123
10.223577143722
9.4984242344792
11.3729997077525
9.76063684722423
11.3718519489397
10.0378763320714
11.0913109969071
8.62922790023973
10.4573987857797
6.81475378456591
11.3464950087921
8.15228787653658
5.93382380336066
7.2569199343752
9.33895560148929
10.2987879090565
7.41775508447035
10.7158808675663
10.1076940737582
9.98709562225071
10.680776045467
10.3991775520943
10.2139275595712
10.8166654394932
9.91846115243277
11.3988768246166
10.4215178549549
6.80080765707619
9.05995987234981
12.1775738291666
11.2598032549362
8.48721470743549
8.51921715600675
10.3323737340916
9.11032343961902
10.0830041910289
9.71012001598783
9.49823055732099
8.24213804346891
7.74635428492868
7.84245753134159
10.8825740728141
10.3598396835354
7.29798713514938
9.80427934672043
6.7281738307453
10.2525063246912
10.6506688155797
9.69756414159143
8.08970989301449
6.9316440592525
10.120977482878
7.0893016958318
10.2930807603403
10.3692407761063
8.68395275217384
8.17370383575332
8.0019953204343
7.94131162751773
5.7414113852
7.5441081936665
11.0889617275745
12.0100683227163
9.56240071842801
9.17091495943998
6.3612247067739
10.2744261696648
8.41979757579035
9.04646395626131
9.85930301125864
9.86390923386976
10.3127980194901
11.2067929701766
11.1060578108688
9.40399755616084
12.0683925822022
9.5538692770234
10.3110221426766
12.3397946901944
7.38821975130395
9.31252638287693
7.77693952056752
11.517282210406
9.21067780740155
7.07168725825365
9.64944506806442
10.9593484166515
7.62302346493926
11.0248647985735
9.6320843798463
7.78790108513319
9.50898667852289
11.0882651255385
11.1397312258602
10.3243680563566
8.06677483420979
8.78943079806832
8.06427788882554
11.0108015210045
8.350779009498
10.9365181953965
10.1801566975793
9.44132933262367
9.63522268824909
10.3979283162455
6.65680109211819
10.9869151763459
8.24045668948171
7.30874382636985
6.49445248074696
9.7950997236343
10.6404760062431
6.75583242021295
9.92929247869591
10.7843178602989
10.5960822594951
10.1188201350885
10.0273376583671
9.54526173261753
10.5457266029629
9.7969470921831
10.7035964281759
10.5033041152579
6.5065507946635
8.86845029642981
11.4433174138859
10.2863266477816
6.55372311030352
8.51147361668647
10.2236042878118
9.88884165477037
9.19187038737277
8.9096814867293
9.73700448793046
8.38872579695831
7.25483036867292
6.91615242829735
11.1527399419312
9.83838091719169
7.00878809935277
8.90778231468008
6.84394493252318
10.8356423854022
9.89691883465124
9.60021810031412
7.82307952082007
7.65033213150757
9.50938291883256
7.10301111679747
10.4369722252673
9.24680892492943
8.89276496178146
8.71357888323588
6.98885647279323
7.49425069005824
5.82134979906001
6.88482607347721
9.81777873508244
11.5573674404332
9.32990406706296
8.09507568205921
5.98406296718612
9.99644411565833
8.82508942327798
10.3222922424984
8.72569379430266
9.39358083363664
9.69040726681482
11.4781084618885
10.2716760063141
9.03171345748504
12.2786477565083
9.66658616135773
10.9726188896404
11.3921833195402
7.43891031681715
8.14950465661996
7.32097329682556
10.6845447973153
8.8917109190071
7.03898251486656
9.51551925037759
10.5213066795141
7.15255515339835
10.2139833215344
9.05021274288292
6.76853017321592
9.43514837733255
10.24998558762
10.3470538730833
9.00232606128546
7.60065971590343
9.65706571969139
8.93191281044861
10.2418476657662
9.21928833993243
10.338665396508
9.98126018518201
9.73940607955982
10.3893551892078
10.5665058177492
6.16146230786651
10.9365549488681
7.77297196723728
7.57296749388357
7.60293571322152
9.07754792906081
10.3763374787904
7.73892033056884
11.6027902772547
10.4161975936543
10.0539589706604
10.7181411676477
9.64357193910715
9.94656910999542
10.4889047537496
9.66492166673017
11.4885576899886
11.4035319550384
6.45604997900063
9.36609031310658
11.8621689684655
11.1078442663396
6.32724632083288
9.12909658033884
10.1405077088613
9.80097019922421
10.6189268215909
10.6425960813947
10.0397173804229
8.60758648482507
7.21359219892197
6.94833233830448
11.8719389598867
10.8470325126232
6.65190574642539
9.90547257434444
8.17646114244743
10.7369418280685
10.3104165533703
10.2136197452149
7.67439060466852
7.16527682851222
10.5811671293811
7.16005896498483
10.7836998561822
9.87555431433298
9.27193188246801
8.24739553964366
7.8390155783861
8.31474121700419
6.9029144613644
6.16089692435482
9.56431608540544
10.7009521199484
9.65678194415203
8.02636835711451
6.48904308640947
10.4448411089343
8.51201398506475
10.7072580684991
10.3239480444326
10.3504193180509
10.871212851771
10.8922699138587
11.1571952317644
9.77824758755222
12.0706372624921
9.52083246172378
11.2060936920228
10.7026850956038
7.61847429451898
9.04111126101768
6.90388951817522
11.0366628149728
8.47462714035676
7.17333858210355
9.64515043803465
9.69747070025822
7.67374193391451
9.96160510979075
9.70839157087671
7.67810276676207
10.556949937963
11.2586579542019
11.6853758220673
8.38155757066088
8.01312047819675
10.328772889758
9.60361998051523
9.90786264064231
9.89099550999903
11.2170753181579
11.121759060944
11.0470773981481
10.6068890599669
10.0839452454377
6.53533657436226
10.6024478901127
8.10796885600885
7.2978077058615
7.84761097129448
9.48461341971132
8.58742904871284
7.42927678586666
10.0739877623905
9.57498542572611
10.9369685289316
10.9711999823538
9.31192490037044
9.62623547553651
10.2341856296393
7.67425437358666
9.65198784106678
10.7509911501549
7.27493039724256
8.13132340103108
11.3402719405392
10.2282839227938
7.98531974505283
7.22766802425182
10.3509361530557
8.57250127721801
8.61797037230578
10.3976067560403
10.2869098179816
7.39476055101828
8.84642340566425
6.78253011871504
10.1257105851378
8.33365239595441
8.61842901574065
8.62509003005097
7.29776351777357
9.67120001681698
9.97745837089273
10.8117437132904
9.11802762694931
7.77667593316226
9.81428199495823
6.60495752076853
10.0244855585136
9.33558989618582
9.84621003022549
7.24103666911527
7.35599754861539
7.54012421791957
7.60762533449237
8.73767285304208
10.7391112764894
11.1929370995165
10.1269556998916
8.48103620524113
7.87695203568323
11.3344916735278
7.56853283212961
9.70998227076178
10.5556324439841
10.912466063324
10.1169450321485
10.0359233750477
10.0583137123106
9.79931849143912
11.4481900550165
8.70109381217355
10.801081746432
11.6847997482409
7.6402614006222
10.3492328286806
8.4023403896984
12.1182121150458
9.94458624613749
8.3527265455788
10.9373987603982
10.2582015234705
7.80559727316511
10.4045817981783
9.71230471066252
7.00098865981838
9.23031191416882
9.07209122130752
10.151719825641
10.2892557069414
8.93943518446083
9.44916316733225
8.71099827390404
11.2874579943066
9.97877013049668
10.6635658901696
9.60654152268755
10.6599761875232
10.0270644462517
11.2748319860189
7.29097901397579
10.0760468345016
8.00639564628884
7.37650729461301
7.42562552381095
9.49590692505427
10.8704885648419
7.41703033272659
10.6785111310663
10.2485643536431
11.0488084947089
10.7309019610874
10.4885078462907
9.8541031996717
10.0986931038056
9.94678928887808
11.0835693629796
11.0031629983357
7.05145012158545
9.59494666523312
11.7682576812007
9.38051211914399
6.38995336306912
7.4039565707609
11.1201795441522
9.56302284484234
9.57477909170887
10.244228822904
9.58697888774969
7.49959302359238
7.59972922412037
5.57818955016781
10.9587720842336
9.70717896925022
7.46764086306526
9.50697596262843
7.12716360837289
10.6444123038846
10.5073275806598
10.1520288500556
6.85517866866821
7.339678829591
10.3699541604641
6.98017680063285
8.99173013279589
9.8062840264077
9.4495759739395
7.94021458327499
7.75336598101634
7.3089144570556
7.81085090326645
6.50547768720205
9.61977400715674
9.33352318313278
8.18534505055232
6.74856508636535
7.0655335586259
9.70525308478324
8.27973521933744
9.93980030581066
9.41060207510758
9.47847263381836
10.2596878163443
11.1813922104952
11.067752962661
8.20540814846017
11.4396902308749
8.98406869289965
10.9291904739895
10.9395241770038
8.12559129015725
9.87223846968264
7.1588898777987
9.82918858851973
8.62618073172157
6.79393160745561
9.92887267161367
8.0571591062652
7.30211776325953
8.93763959406577
8.62092453917067
7.25905148834539
9.7914593068742
10.4002371444811
11.0170444336207
8.58142464763753
8.053525248348
10.4023513913259
9.67719848208316
10.1903936616869
9.87274442816152
9.3770765097616
9.92591985020922
9.83290622371355
9.98049659097467
9.44579399921953
6.89095816489181
10.491293509092
7.68944713824203
7.60627758898719
7.21760592419512
8.68579919931589
10.1905092492839
7.70734161426751
11.0476182475944
10.1476931988876
10.6772647272543
10.9307504373082
10.0549607992752
9.89128641186826
9.79110812826116
8.62328572389794
10.6165390744535
10.4138550165099
5.96935792792046
9.10713266756261
11.5190127962463
10.375632906824
7.25003036639776
7.18767307571
10.1940705053976
8.73961082683956
10.3231591361533
10.0995153698322
9.82458468180362
6.58702044384671
7.47906752829299
5.81901757094673
10.7582300961671
9.90828486425696
7.22489161618132
10.4942456066052
7.83927018767559
9.20723920954266
10.3385819236574
10.7072269069248
7.34986113081895
6.58774322445779
10.5591760309045
6.96198322708398
9.94624166279085
10.1402324159965
9.52914522142635
7.38969224220433
8.4474966545832
8.5215907335885
7.78698704166791
6.98436867147546
9.32441032617
11.1690932349128
9.344864481408
7.84543235117376
7.36081278525823
9.9260928071056
7.81429948054443
8.75639359697521
9.81556165611121
10.8423923242753
9.85401292420548
10.3129482114539
11.2704457534001
9.57988848730311
11.0240455484805
8.16253710705697
9.26317689523725
10.9638553200261
8.03296278771078
9.28220567808692
7.46788598685517
9.97838965299822
9.03862360903671
7.89339055152646
10.5709764949423
9.6546334181608
6.95457864263825
9.52316544383125
8.95770778473086
6.64602356819346
9.13725772762562
10.31270701127
10.9264255678232
9.72215032193651
8.00709689360053
9.17898069976172
8.45382779051894
9.76687734380945
9.70858766292614
10.3434983244058
10.174040393752
10.1482447996882
10.1354712020865
9.76755933136753
7.77754658162329
10.3631462867401
8.62666734442226
7.15799316828496
7.80764959504187
9.50763844971542
10.7082590673659
8.42876344008084
11.5750690198957
9.6994735440741
11.0608073895856
11.5177790051536
9.33245591668616
9.64803031879372
9.18652760739268
9.72210589975711
9.9264752401271
10.8370277716561
6.5850124743461
9.5612139383359
12.1594950883826
9.80922106735964
7.56358221564464
7.69235043537386
11.264730885974
9.99074162924859
9.63464712093191
11.5407094577312
10.084146505406
7.1953666236635
7.3641863968845
6.76225036475326
11.175410329664
10.6427426974275
8.05750863999567
10.2727964687612
6.69344597829998
11.1293195903053
11.4592304146113
10.5472657184845
7.41250240526119
8.07173163468652
11.4421482602698
7.36583904687006
9.41998328706832
10.2358517673165
10.1244563735765
7.04120833190284
8.13620636660573
7.87593413798978
8.31418538263867
6.39923013980416
10.5820549716567
8.68825966215036
8.91321114716956
7.73486718857718
7.64358680822334
10.6235337764049
8.36374694421475
10.5597633560489
10.1528368584715
10.3271999020963
11.2304680542411
11.1708644385458
11.1868123058139
9.91282684759143
11.6752572594963
8.78086966010618
11.2581713590559
10.4429217332351
9.25156215336919
10.4708068369868
7.98350125530558
11.2646946301783
9.55336446867576
7.73102617201936
10.5754817969169
8.91950031524269
7.32005424394779
9.41909926418169
9.03859364964335
7.62501881048699
10.3966944984598
10.8614760576669
11.512983045703
9.08081404661068
9.13192502236893
10.1926498313409
9.46749692209807
11.4860156337063
10.0652299381532
10.2952767982343
11.161956363421
11.1187536671815
10.3078818285419
9.9315649234313
7.21634156454788
9.08517497963516
7.15014327547059
6.89024637813856
7.45727701433858
9.47974448609013
9.87769425431043
7.77856328216355
11.1853876690594
8.54444964996218
11.2920466085731
11.8073772474265
9.2830691812182
10.287526679934
11.0029416964399
9.36700942044093
9.85255392716851
10.6852750506283
6.35478998154772
8.77380575930059
11.1584623978996
10.1940897719426
8.14900876755221
7.2824635264205
10.4390693054553
8.55250487250467
9.32078276169695
10.9172699205162
10.4741644870442
5.86033135784277
8.12439155477258
7.82079251642378
10.215573437374
10.5196945787937
7.83398896156589
9.69079848507864
7.78227124573325
9.90769391852017
9.8258552876779
8.31083313463451
7.04852571106139
6.9124290715922
10.1972810045622
6.49094446267299
9.14893631630012
8.79727332573497
8.74440098830702
6.48338071991853
6.7855485086255
6.9504067940163
6.27296340936768
6.91497815718666
9.89388585183909
11.1811763440651
9.48504355560359
8.03741467632994
6.5057453902598
10.4614656667268
6.51857669467702
9.61175689122481
10.722669986446
10.9773113726729
10.5549914245075
8.81628781339982
11.1864893978454
10.5716949376687
11.3035497393475
8.94223956094161
9.51521061043366
12.07885653992
8.17571452602435
9.83528156928057
8.50541077454704
11.013764392502
10.0645312118753
7.81945365146525
11.5622833071386
9.37588441709821
7.74821329734003
9.43375098472915
9.1945284496618
6.73024030904647
9.67475264827631
10.482503918447
11.1753869603626
9.7679918537395
8.78755537245858
10.375119882135
9.64996697289221
10.7893972044285
9.91217958563724
11.3388946058897
10.3667858951262
10.7664742627534
9.73214405791134
10.3902760670215
6.62239372216946
9.8637694907576
7.90562777710193
7.15553638970119
7.8422227007181
9.99873521476113
9.79163007676875
7.11274268328502
10.8299156491556
8.87863943279537
11.544638040793
11.3598125383876
8.54161240284296
8.746296205846
10.4544127786297
8.79577882339508
8.64151443566689
9.69794799870769
6.40747690909684
8.45637011863721
11.2978676633515
10.0228795078628
7.09413204036337
7.75146609304219
10.1525415199384
8.78052481046338
9.62493123239489
10.4745960505382
9.71167756580832
6.02434198246502
7.99308713418255
7.28661274250808
9.80430892034895
9.86344798636915
7.73613399908677
9.10421980212273
7.75839873877129
9.79538144583891
9.05948789468108
9.55553443866759
7.4632378693415
6.69162093484884
9.58678605673132
6.30081015045852
9.54792023087857
8.72919985301913
9.09125919953779
7.18553588644097
7.19918025631176
7.27742522308003
6.97036351062669
6.89807424254318
9.52615732085363
10.5703152339841
9.91683227538677
7.74169003902252
7.0878861928791
10.5494431193946
6.53825659661415
9.65355635239148
10.4387753528738
11.1076519159816
9.95734338529191
8.8869418817718
9.82774675977179
10.7273272899088
11.717756575205
8.59110190632352
10.2663482650517
10.8930636843408
7.98896434419659
9.90306068121991
7.54841582164924
11.9682767311634
9.23178013854563
8.53092188660558
10.5813482962259
9.82906953073463
6.91945450762337
9.16125536080599
9.29674742309283
6.20938456570879
8.92080355804841
9.95948378956697
10.6161417250615
9.34370681549738
8.59072606422882
10.1497357764616
9.42458286721885
10.7925839319755
9.6201288132972
11.1664685536992
10.2377661590821
10.6374545267092
9.99289083013607
10.6555052434224
6.34615459347901
10.6936357597682
7.2997266819448
5.88555726192057
5.86862214118821
9.55432958230649
9.50767610018548
7.33215033734817
10.0402881986226
9.02676080361605
10.4812735831217
11.2462232244495
9.86416959590783
8.84052121316858
10.6284476110425
8.97578651088977
10.3104225608788
10.4737713566435
5.79289236265176
8.21523948270753
11.3764495628627
9.58313169913356
6.6906644245577
7.43515668379086
9.26003598751827
9.55235597097677
9.51054105518143
10.3319412573865
9.90545964343732
7.47460892133095
7.68224205408923
6.20981559139684
11.3214163070348
9.30532155065389
6.44400045700885
9.64616373060978
7.01010686973169
9.58607555941229
10.7626817945094
10.9400772699954
7.70904850021056
7.1240723413658
10.8783252767339
6.48374211040004
10.5435594215236
9.69928672380141
8.90355099551778
6.97599169090746
8.09911922209656
8.34038366271014
7.11631917503307
7.49697404584064
9.66207174748514
11.6714543215763
9.49683771345534
8.089733352697
7.35194952713313
10.9119343268498
8.34944009843226
10.0347362808334
10.1793732826085
10.282545792402
10.2368764153452
10.8496997706298
9.7990969215361
9.24287986523227
11.6958485743958
9.42594589301535
10.5039109673239
10.9925187947422
7.69755973031609
8.79723730389456
8.1545163430557
11.2327363272259
9.75041688197602
7.88730658461876
10.3654059672248
10.59147062988
6.88135120539719
10.425198924293
9.16095915555849
6.31749287832317
9.61061582760937
9.87448643192292
10.3283887979106
9.43230481004906
8.788199939131
9.15480153749412
8.42964862825134
10.7722507227411
9.02738164430644
11.2032211707216
10.4710895788658
10.0686358087862
9.84900333775474
10.533875400308
7.27158317671952
10.3046080427237
7.63830549185576
6.92413541335386
7.06780088901839
9.37695262900838
10.2825182433091
7.48595472907056
10.8209872438413
9.75768443440725
10.8561887883736
10.8713632859682
9.43189612841231
9.49373568355104
9.68600149809188
8.51185292907485
10.6342869288288
10.0664285553152
5.83984196660017
8.48660154066628
11.1117282203114
11.0031431341014
7.02994700907902
8.06553512035561
9.47006079953409
9.12915206900053
9.38104608863163
9.93620002479319
10.1015137476019
7.50639504696228
7.57249433275561
7.12645908487729
11.2101484055862
10.4160843349219
6.6872583464088
9.43475384821976
6.88325112173178
9.52991255561572
9.90506989027659
9.61723747980739
7.47779671856787
6.39033839021302
9.87160357787874
6.75906418990812
9.51020164433763
9.10305676507886
9.07396656777183
7.15127711831704
7.48364739231109
7.5235376008517
6.42543881978763
7.10542674379042
9.48200479448769
10.8254471750064
9.7983248076884
8.00306207883454
6.51312820686977
9.97340762087541
7.29000936033854
9.01292326210995
10.1406452242115
10.3663399090286
9.87638960178898
9.78805852163457
10.9047214697236
9.67555991408921
10.2400803750955
8.71064859135779
9.49044005480384
10.8923063471549
7.55361016248936
8.81042959998228
6.64539965585039
11.1780498076938
8.22057794003403
8.23290265763943
10.1730743445499
9.83890900061255
6.0145817246
10.1258967233322
9.46510749074532
7.12655454576864
9.32685108299993
10.6267995284405
10.9485103401218
9.14443369787801
8.25678626835162
8.8709737611835
8.14582085194072
10.2796925818465
8.34136679801908
10.7498351654287
9.73948438717465
9.38951396877967
9.86912843390559
10.1030287453608
6.33948205787995
