7.89271281488297
6.98489940082404
8.06840359922427
8.14539692189306
5.76234488888127
6.93036604729279
5.94314865436569
8.64560819130831
6.30892431232628
7.33632313970033
6.16085971649736
8.27440310231011
7.2636535590804
8.25676331569679
7.37815526331435
7.10283102406532
8.17873017437421
8.94829009510705
3.90260795468894
9.58734398841295
7.91196494777245
9.55062996703775
7.13869313721398
7.91448289508434
6.49003164461686
6.57407475988082
7.66409556304448
7.42569675053171
9.37445078929129
8.24733888526654
7.01370063551317
7.2116416461496
7.11046301588263
5.14345649468442
6.89422228859696
5.53724555827516
7.89417590919518
7.28526028518727
6.93123404632215
8.69426010225875
8.09198797370018
7.01135704173396
7.0227601298994
4.79334631821531
6.29604798495475
7.40326593569206
8.3298055193769
7.32265103347415
7.37011675346236
7.19502748638723
8.68064081235847
7.04747328271709
6.28188993866603
7.80704997570081
7.36394307507153
7.77049511845604
8.79937835988396
5.14217647856491
9.25324593585623
8.86853509865873
7.59425169615076
6.97346546322385
6.65726793607828
8.15188454817397
8.20246550256871
7.6471176650223
8.9739622697777
7.05223750786671
7.7819801612461
8.43983095110951
7.09150638826232
8.1367049159164
6.98529471187497
7.22266016041578
7.27603241424648
7.7286079074154
7.28490016871282
7.61641076288226
7.39758200387259
5.90226239334088
3.8308969115677
5.52538892344123
8.21789897880638
3.03570416010007
8.03051497424867
5.12597721279598
7.87942753221507
7.12020523445671
7.20365479181585
7.46500360238105
7.94287390757049
7.75691497638554
10.7773121218379
11.7078428475216
8.95381102338988
10.0084308752392
6.40732615658586
7.97416472969569
8.08494168393394
7.48105384204003
6.76386873938003
5.7133032811612
5.82229221910356
6.83598972448355
6.55436402142761
6.38563488822803
6.80578273555754
6.73319853046131
6.97298657467972
5.35118960080676
4.97304966851707
7.61684697595189
5.25020257563082
7.05398645134324
7.26182927256596
7.94450660537326
6.31678105451036
7.74771133114906
5.82119846899346
8.49763548122002
6.77156062410723
6.32785511224533
5.66549871634729
5.18581944144341
7.6775023583273
6.4261909250563
5.58149695381755
6.47849944631452
6.05768719340431
7.11137355246305
5.7438192730343
6.48478878177181
7.77957473078593
4.53453710328033
5.10517694238635
6.19222630992424
6.37382427997402
6.57718948508011
5.59529719083844
7.10813014984008
7.38214000871756
6.38341460559869
5.92435534011504
6.31099091597903
7.6787183180302
5.87354394369908
6.59328108709445
6.46252069030642
6.52394575799816
7.59317290660429
5.88249109271892
4.67245927504768
8.0026914547897
6.15688786909586
8.79326274169048
6.14755380257657
7.44960036722745
5.01725764297201
6.41152911288561
6.16461751919675
7.57276649685996
6.62471412823986
8.91842957521739
5.81413641178833
5.68943100443504
6.60717504315637
5.84226466447414
6.24279997968601
5.8184632452833
4.85287179157969
4.59181677599062
5.75300753270044
6.89164303109963
6.40139181121855
5.09516650764537
6.44022962776579
6.51414818609395
7.23472759395362
8.41703047740029
7.49806983790722
7.58712786311255
6.28472089818894
9.01991650300451
8.72426768564691
8.80131142748547
7.9883669095026
8.67215247488853
6.26915370803938
5.49659563732568
7.24018355196777
8.07459370284709
7.14235344342754
7.88824174836758
8.87755178900598
7.42513428646285
5.92852439972472
6.97571302633163
6.72447296005266
7.21309805565878
5.24201689235689
7.02615420741847
8.08428059805279
7.47759915891793
6.75106887705991
6.51005971750804
8.38161348877252
5.83963880365303
8.04137697295156
7.41610984659872
8.55587698538876
6.74844160033881
9.22012919073971
6.17288674643417
7.47903730172764
7.21650628628579
8.01003982275962
6.86187779792297
6.01400218857401
7.9944604127254
6.05395026036647
6.14582622881849
7.00557548504879
6.51961360992095
7.2605037731984
7.32590364816006
7.01541890775017
8.65049805910719
6.41486247818269
6.78726839803264
5.81736680478866
7.22370425845813
8.24183819089559
6.11311352954351
7.59794252960992
7.721262747647
6.56473122211984
6.95035031669221
5.66205969310479
8.35634011854022
7.35853337914116
5.69460337013795
7.29892106185844
7.22513527791836
7.47903730172765
6.98375741978541
5.60590518007301
8.65921003848658
7.50075500535413
9.32148710549891
6.03341819769992
8.19416138611576
6.32123939682064
6.96606331111811
6.59249282562452
9.26583535868293
5.52355161805776
10.3511165136415
6.50688076836777
6.1339604809901
8.40550706287407
6.92396706630367
5.60899131288119
7.35809213472002
6.49776383891115
6.37917138953163
6.09878375986676
8.60532165045324
6.86331822773518
6.49140232801597
6.1419504723557
8.01339914962374
9.23063874131194
7.43183378909704
8.09547706726703
8.75199132794557
7.40777427310961
10.4526034414287
9.0891917401381
9.16378565964668
8.78195453189147
9.72922905842819
7.04472411293239
5.987155341391
7.82664851463357
