7.1945148794813
13.3516757009464
16.7725107405908
13.8428851051254
12.456121480131
7.61267406424513
6.86106817350033
7.26886622237989
7.52203402404925
7.38211043955219
7.49450112818676
14.0101248451089
7.60597929688528
14.0101248451089
16.5604231747851
14.2413847508053
14.9504178432533
16.1115448900419
15.2816856920231
16.1115448900419
15.9309886006578
15.9309886006578
14.4097711165297
13.630006075398
12.7001601126682
4.60822402125
12.6777509510143
4.75063437702462
15.9309886006578
12.0394357210496
13.3516757009464
12.4642499738198
12.0394357210496
12.456121480131
16.7725107405908
5.30905553033348
6.16588191931538
13.3516757009464
13.11708733068
12.2712681381322
14.8780321944015
16.1115448900419
6.3068783343605
13.0944367100958
14.2170663438525
13.0944367100958
13.630006075398
7.34670524427571
7.61267406424513
9.29452409691665
7.35164429852645
4.23333508938757
13.3374126454369
8.2669451474342
4.77905039273663
5.69929029589511
15.9111202661504
4.18582393795655
5.08319223937844
15.2816856920231
15.9111202661504
5.08319223937844
11.8545823790507
14.5660163186822
13.8428851051254
13.9167134100474
14.8780321944015
13.11708733068
14.8780321944015
6.3068783343605
12.8659057000458
16.7725107405908
14.2894519927044
12.5153067706694
13.1378165020518
12.5153067706694
12.5153067706694
6.3068783343605
14.0101248451089
14.5660163186822
5.69929029589511
8.95007475927085
7.89057649504023
6.56012419081419
7.38211043955219
8.34793316683017
7.12283638694262
6.05433991227433
14.2287292857667
13.0944367100958
13.630006075398
13.3608219364742
14.0126415514954
16.1509471183885
14.7321104971912
14.3280329217456
12.2134134118297
15.3387627307015
15.2688357607271
14.2215135009453
15.3346310141278
14.6580364231171
14.7817496222365
14.449386453618
13.9855582281384
14.7869808244208
13.8278000958722
14.2907494259865
12.4742488624142
14.441850007674
14.3771552783972
12.5393654837573
12.812412870469
12.1343085306849
13.1809412040731
13.9707079806114
15.8283926435412
13.3891419384473
15.2009266296038
17.770478783708
13.5606587337935
16.8260665022128
13.2848871599376
14.8993306995634
14.8090947384406
13.7545124696837
15.6179405165319
15.495872683861
12.9604904202026
18.8325152293841
18.9795346073677
15.2926676869037
14.9247960237278
15.3575486750011
14.8582170950923
12.7998936559173
18.584715476619
13.8336729459582
14.7859612923247
13.614121641255
13.0810997301166
13.9802240366307
13.1241515821688
15.6287541860774
13.8216572748605
18.3944639227288
15.7098932549022
13.348992778055
19.0734176867515
17.6727638088338
12.0975912924353
17.4385718179684
17.5867044671099
12.0800794870249
11.7964802952274
17.8878154643178
14.3394510023814
13.4998271296543
15.1610621436885
13.2231398920467
14.6041922015311
15.2259070209357
14.2961499932004
16.3019736867823
13.6779837103183
12.4404503349635
14.7049560071279
14.5429309325953
14.9936625766483
14.9672221077088
15.0459556611299
18.0275145656245
14.3896949602769
13.6677064847935
18.1521536276597
18.0519365963206
16.4869172260706
15.2155095591638
13.8590736157177
17.4367258645679
13.9362252691441
14.7821659752165
14.4514603294643
14.2654497395023
13.8134331135607
14.0487064788148
14.3940682708117
