3.6184773860498
3.1510458979075
4.804787639487
4.08246583920273
3.51458082684377
3.97836356819057
3.92881432447969
5.17559820780836
4.64270781383152
4.36532293739631
4.82774719877474
3.72509700056725
4.0660783333878
4.46335983355482
4.68196019230952
4.1141343590881
2.40124447441425
4.06598066831509
2.10600618872203
3.33042105842284
2.7422258072348
4.40696200113564
3.18785344111058
4.24737850073427
3.6184773860498
4.58835983355482
3.96383422948346
4.30481556230401
2.32654279519278
4.04624812794146
5.14576897230755
5.16872853159529
2.88477897787327
3.82064954639172
1.24469554280422
1.97839395098075
2.3193752838013
1.97839395098075
3.04824110099325
3.95945871887034
3.43912940577309
4.28663087921227
2.7072597681727
1.76502485590147
2.84687210829002
2.63071658481025
2.498723264078
2.9215737875115
1.97839395098075
2.17086400316977
0.646605660849573
2.96074534778786
2.8480448641831
1.96526531858958
2.74530744225907
2.08477203278054
3.20748183561883
3.53700168328166
2.54631590984055
3.39701353788845
2.63016185219516
3.15049116529241
4.05733099637891
3.75560204203636
2.59149344587166
1.5442621873923
2.90575288127627
1.46256422536847
1.64092303178894
2.06459150048955
3.42608219437352
2.68974079085427
3.19164483984799
2.17086400316977
3.19164483984799
3.01494469013134
3.01494469013134
2.16941147775702
3.82317074182854
4.00140397398236
3.9173428509857
1.68716559499325
3.23527272893911
1.46256422536847
1.89284057277791
2.41316988587516
1.89284057277791
1.04065862619449
3.21152262936427
3.21152262936427
2.91152135507478
1.85345253014832
1.38602104200602
3.03976278358552
3.35809960949575
2.26988528403954
2.21333871228909
2.16378946857821
3.58992133218358
3.39801227102729
3.12062739459208
3.58305165597051
2.48040145776302
3.00073077086027
3.91834158412454
3.61661262978198
2.34910950318663
1.67687824470727
3.34161443860811
0.520329313097243
1.74474418279807
2.19720755780452
3.86194375170536
2.12250587858304
3.00268295793004
1.85345253014832
3.00268295793005
2.71913868667923
2.71913868667923
1.60217656548579
3.50122987851118
4.08042140978002
4.10338096906776
1.11975412197179
3.09628331668473
0.520329313097243
1.25402772127376
1.77435703437101
1.25402772127376
1.98289353846572
2.89411115634281
2.89411115634281
2.7009540035875
1.64008343506904
2.03683098487959
3.11980035066432
3.54833315943645
2.61392130481829
2.39552939305611
2.50782548935696
3.73558966198696
2.9347609657211
3.31086094453278
3.6630892230493
2.69255316734733
3.21288248044459
3.11071524133346
3.36695164648812
2.4533679798629
1.90947705716192
3.49811744708329
1.60217656548579
1.95689589238238
2.42980637025916
4.01844676018054
1.56098793929173
2.9347609657211
1.97931647639393
2.9347609657211
2.16041274816629
2.16041274816629
1.04065862619449
3.44938313439554
4.16045897685882
4.18341853614655
1.90739952045487
2.35291371333254
1.60217656548579
1.48005853514762
1.56098793929173
1.04065862619449
2.68974079085427
3.01997510258842
2.68074206126354
2.84662233339087
2.66055425403744
0.52032931309725
3.39701353788845
1.85329035912149
1.5442621873923
3.3082241374516
2.48010134587779
3.60281114871607
3.14681436634441
2.07189071787619
3.48107466088511
2.63016185219516
3.15049116529241
3.14681436634441
3.63684363391823
3.02776163597225
1.44493600549233
2.26042356817903
2.42667966820052
2.16125234488619
1.96526531858958
2.78075288127628
3.07748961107408
2.79866552213238
2.66055425403744
3.31899483522963
2.93712515901656
3.45745447211381
2.03683098487959
3.3028414287313
3.9173428509857
4.00140397398236
2.23027790662801
2.59618500772373
1.38602104200602
1.7753585124121
2.29568782550936
1.7753585124121
1.68726428704407
3.18088356713469
2.66055425403745
3.36027272893911
1.79399593986773
1.7753585124121
2.90384075190855
3.24378323866836
2.42860076829209
1.60464030411256
2.32250495283076
3.33043721156657
3.31695021117736
2.98505943683421
3.27494915540832
2.56444329431801
3.08477260741526
3.83727952427461
3.4473141305586
1.9368124734928
1.77480586198625
3.0929649966629
1.25402772127376
1.82878601935305
2.29513517508349
3.61329430976015
2.00038784824487
2.92162089808012
1.11975412197179
2.92162089808012
2.59981265711942
2.59981265711942
1.48005853514762
3.07127326136621
3.94449937810305
3.79527846850557
1.72207898392868
2.92698481746135
1.25402772127376
0.520329313097243
1.86905698884757
1.34872767575033
2.41316988587516
2.16041274816629
2.83465456606223
2.53165550436411
1.73874911368944
1.44493600549233
2.17659001759527
2.84696728421777
1.75875295876155
2.3846385376739
1.42705461364792
3.07878900690559
3.16110085534678
2.81047044450516
2.45714178659005
1.94822352346506
2.46855283656231
3.68143016844403
3.82331059180581
2.15937855639134
0.520329313097243
2.8664853551738
1.67687824470727
1.6436035580151
1.04065862619449
3.38681466827105
2.42980637025916
2.81295201113475
1.73874911368944
2.81295201113475
2.58282980065102
2.58282980065102
1.90947705716192
3.57226972261343
3.21724864378977
2.97747109968729
1.25505070551292
3.30298127870856
1.67687824470727
1.77480586198625
2.29513517508349
1.77480586198625
2.06459150048955
2.77940773988394
2.77940773988394
3.00349542085417
1.64008343506904
2.29568782550935
3.50198959612058
2.83531750360652
2.42860076829209
2.78118751097769
2.84283426592801
4.06323263235152
2.9347609657211
3.11817460180009
3.52494915540832
2.56444329431801
3.08477260741526
2.9347609657211
3.36695164648812
2.78837675643395
1.254476548889
2.78510179125335
1.77435703437101
2.3491153324503
1.77480586198625
3.3054311043506
1.56098793929173
2.59038592823621
2.31432525296498
3.11071524133346
2.16041274816629
2.68074206126354
0.520329313097243
2.80094394826896
4.02231890921784
4.04527846850557
2.24240829702593
2.32629302029362
0.733698408176522
0.82839836265309
0.520329313097243
0
2.41316988587516
2.83465456606223
1.64008343506904
2.87324302642979
