23.9790050753179
23.1583780874597
23.9790050753179
23.0520201364619
23.175862758826
23.0695048078282
23.7143064888611
23.7143064888611
23.826446677751
23.8992618442374
23.7042344215511
15.5036553415708
13.5868890134634
15.5036553415708
14.4440974374058
14.2148791946271
14.7580925279876
13.3063845179938
13.6203796085756
15.5369810214477
14.248204874504
15.5369810214477
14.4774231172827
14.5621999650859
15.1054132984464
13.9677003790344
13.6537052884526
14.3194378110516
13.3446567546898
14.6334329016335
13.8878700880503
13.030661664108
13.2598799068867
12.9257023910018
12.9257023910018
