39.0992178364584
42.431383192739
38.3628372864165
42.5437588358272
36.2172631205636
33.7284258421465
33.8332180497271
36.7960957267189
33.7053190113029
34.4607221683175
33.1311741039875
33.2369992661701
36.2273323838051
36.205553863887
41.7394473358
45.204388510547
41.5273925486902
41.4136614128675
44.962998796645
36.5465067696816
39.8866127152794
39.8149845756728
35.9627971350348
38.8431820041943
37.2038871083571
35.8694330501074
39.3430907871024
41.4048104024877
41.8789947896362
40.9825109171857
40.8604521567302
41.2803148334473
35.5959184079784
35.700710615559
35.1452315100825
33.8147314138888
34.3882580464889
44.0482651752687
44.7313470618063
43.6995322332363
43.7798481846697
38.4738784420657
41.7175717074583
38.9676301800576
37.3249776190466
37.3146281131468
37.6939664525241
43.1222595696553
46.8366849229655
42.5379864677535
46.5403595867175
44.0537149683876
41.7044615550785
41.5996693474979
43.930011254708
41.1679334600966
41.5312078308166
40.7640402520808
40.5215824661931
39.9667972527654
39.6595848675044
45.4066391777582
48.8143798076787
44.6451408212899
44.6275869430168
48.2185916860015
41.047875372918
44.5076000753937
44.4621467420377
41.10944928961
42.5963813836413
41.8061468164048
40.5396097391781
44.5237206587298
45.6137072839907
46.4479713244968
45.7776488313647
44.9993963571614
46.2392463545009
42.3430190940841
42.2382268865035
41.7467652186114
41.2363625415855
41.165633395258
46.5407777564744
47.1946433843684
46.1749979086821
46.4150733871302
41.1863496804363
44.7592782337321
41.89142759784
43.3821369130362
47.0292708811559
42.5610001298518
46.7016430352267
43.9909524448979
41.6124140300055
41.5076218224249
43.7342430984488
41.0758859350236
41.2620385764954
40.6339515043993
40.5706267119257
40.2930345405325
39.9772266103939
45.1269470541576
48.7845303777075
44.778689569108
44.617334902799
48.3144069910819
41.1322046905159
44.6961189660217
44.6506656326657
41.2637253547264
42.7199039328609
41.9604228815212
40.5820699582179
44.6703704507998
45.3340151603901
46.5136347033017
45.7314963640931
44.9683575126352
46.3049097333058
42.2188023512796
42.114010143699
41.6225484758069
41.1238755744035
40.9122125082181
46.242329916706
47.1198272367529
45.9878248864101
46.2279003648582
41.5090546421401
44.9022632149732
42.2730629282216
43.8329327384453
47.3794280352936
43.0984494319417
47.1512456936282
44.3288766221458
41.919879254993
41.8150870474125
43.6691114874218
41.2779458389231
41.1662410405839
40.6955327510007
40.9244616317405
40.3157399294208
40.1554086672291
45.1537631893113
48.6721402650373
45.3926542753076
44.8351540537892
48.7897985108188
41.2626235949929
45.0229801260737
44.9775267927177
41.2736177856908
42.9532181869787
42.0821717705908
40.8757394579096
44.8761933068031
45.3601212358596
46.7949345806216
46.1845630139573
45.2420011986947
46.4094418351198
42.1803828477425
42.075590640162
41.5384893396252
41.2522078059771
41.1004294934377
46.5707871387281
47.2765176862308
46.2152781153016
46.5025933842085
41.7065346816504
45.370440416633
42.4712943255053
