64.1559737366634
64.4350860932781
64.3099272020572
59.4419055566961
59.3353446672573
58.9446461529868
60.4020799542567
60.269170665467
60.3757315549059
60.3379293768101
60.3310808450699
65.1765377215009
64.9313688571641
64.6961354844454
62.6214068824736
62.3858471783263
62.8061785699176
55.1280544228874
55.2346153123262
54.6390511611921
59.9354294548322
59.8994632473263
59.7929023578874
59.8897315165097
59.7021839445835
62.2800765580829
62.4103522276696
62.8757230145861
55.0286877447815
55.1352486342203
54.6616188763843
60.0017150871518
59.9657488796459
59.8591879902071
60.054248594934
59.8895836857837
62.1812515146431
62.2176954050734
62.6704710606926
55.1478890878771
55.2544499773159
54.8212588757733
60.0553767268188
60.0194105193129
59.9128496298741
60.072446705712
59.966603234868
