4.43831121253612
3.34655833375789
4.84020184777972
5.44885361192794
5.73569038560022
5.99023109191827
3.54078822184474
6.85195690964042
4.33111331169462
4.22191470791122
5.88491460422716
5.14244378226232
3.79357107360854
3.48123988021978
5.83731494840027
5.66134217457388
4.28805126349047
4.79961635685174
5.02318878650501
4.42841593743267
4.89788903897038
3.82571298175749
3.72467855807344
2.6294093376011
2.13038844140111
4.68508562097704
3.45814671696033
5.59387627054662
4.59226975467174
4.19546170885213
3.10311965590424
6.08818891868952
1.90681601174784
5.51211795594696
4.34883107681809
2.51097065974744
3.70727430390384
3.6592268996984
4.65445036111672
5.74679241406462
4.08767463384097
4.67185461528632
5.02400510440867
4.13646446842048
3.89302579056683
3.7842268996984
2.68292066588361
2.29807485419327
3.02162877766902
2.28864569710429
3.12390433687882
3.51761739892827
1.47029807245654
3.83997640231679
0.675974331059138
1.74930101492122
5.16342244703961
6.27222236858525
3.78391191632592
5.7671756165155
3.85593098204198
5.73712121888895
3.69481040658176
6.38592835039596
5.28963234914455
4.29967024620537
2.94560465907762
4.43454887256541
3.77654823096172
3.75857454150626
2.61420553801613
3.75894376956084
3.71590968652195
5.29100556278238
4.96673284245907
4.64294934120858
3.24804361355257
5.31027447477332
3.20929965569379
3.69760310872817
5.91670160181836
4.61761196638892
5.29358629744807
0.611260647573872
3.87155470448385
4.96389675743174
2.14627240351568
3.34970148684608
6.61093048037066
3.01883607552261
4.48913414797916
