28.1606225760271
27.1679021932956
25.5344476508029
25.1917556541086
25.8201394032136
25.0795080875859
26.7991115930016
27.3794366031173
24.867531433608
23.3713068296883
23.6720415934682
26.6741874845172
26.7159065825292
26.3859445748521
25.5632718248348
24.3471953898659
26.8510822388148
26.2587450964236
26.849471465492
25.7028377583156
24.4421096790727
27.3328563282419
25.1059188086877
25.2788887639894
25.9244280472205
26.0633561844305
26.2897251639395
26.4393598145879
26.4624475977588
26.0765928798947
27.0810516035397
27.4099301251135
24.1512865827674
27.092153922622
26.1055661628829
26.5209183092117
26.1889088687945
25.1799752072073
25.3631229103295
25.9263670738753
27.1036920487833
28.0227706192936
29.1392663113946
27.9251641982411
23.5397748557789
24.1413961358638
24.6443839525249
24.7086662088872
24.1175651406753
23.4113956543508
22.5505923619097
24.1835642772984
23.6775181388403
22.8846994034704
22.6606148494644
24.2065682087165
23.6463400132074
23.8942062217247
23.6792253293367
23.932082068646
23.727441386359
22.4838059129045
24.0838298415358
22.7911407528829
23.2235947374203
22.9149856754058
21.8911819176683
22.326417528472
22.2599855330975
23.3530828631936
23.7764202190154
25.4792506058945
23.4809519338549
23.171165181089
22.9872424992495
24.5320199088966
22.2974557713204
24.3107474204218
24.6158082838103
25.0247612930003
22.6629441740623
22.8794255771976
24.8959694112102
23.4393631156298
24.6048046409869
25.0330172662385
25.9182211965971
26.3159311972849
26.2587558644634
25.812408420324
25.0014336713802
23.976774120574
25.9953477560125
25.1645352892294
24.0961507965206
23.7861269499726
25.7270535608068
25.219582662926
25.2913329432083
25.0912454317013
25.260983879284
25.4322880674245
24.3591881921172
25.6643989516622
24.2228234121301
24.6496323213638
24.8364781069289
23.6345987709859
23.5784031688401
23.5939704961045
24.9634292591657
25.227992781191
27.0924060254548
24.8694034868468
24.8056584626445
24.3953561443094
26.184017998873
23.8127425012284
25.7213574003511
25.9791144876692
26.5961300742696
24.5011911798713
24.4236709101233
26.3584426567848
24.8339709563634
26.2019626807591
23.6037381171103
24.2505035163196
24.7055858555449
24.76408219517
24.1782322984234
23.5033870691111
22.5836264705299
24.2926716577542
23.7303955014533
22.9138507471483
22.6897661931423
24.3156755891723
23.7103032745389
23.9581694830561
23.7379213355481
24.0277009599522
23.7914046476905
22.4783475379152
24.1929372219915
22.7856823778936
23.2399886231834
22.9825356794072
21.9203332613462
22.35556887215
22.2545271581081
23.3935601843411
23.8328983168933
25.5632492496012
23.5511372978947
23.267318817667
23.0547925032509
24.6122867095577
22.3266071149984
24.3752747661838
24.7249156642661
25.0674479171136
22.7304941780637
22.9566689126744
25.0045265454612
23.5355167522078
24.7139120214427
