10.7683617090118
10.7683617090118
10.3585722706808
10.4045226436396
9.41789806686091
10.7683617090118
10.4045226436396
10.7683617090118
10.0044714257922
9.77863691454614
10.3231950495352
10.0044714257922
10.3231950495352
10.3585722706808
9.81794928470827
9.92986983816309
10.7683617090118
9.41789806686091
10.4045226436396
9.77863691454614
9.92986983816309
10.1884263528771
9.49911660251565
10.3231950495352
9.92986983816309
10.3231950495352
10.3231950495352
10.3231950495352
9.81794928470827
10.4045226436396
10.1884263528771
10.4045226436396
9.81794928470827
10.4045226436396
9.87581623864199
10.1884263528771
9.92986983816309
10.3231950495352
10.7683617090118
10.3231950495352
9.92986983816309
10.1884263528771
9.92986983816309
9.81794928470827
9.81794928470827
9.92986983816309
9.87581623864199
9.81794928470827
9.41789806686091
9.49911660251565
10.0044714257922
10.0044714257922
9.49911660251565
9.41789806686091
9.49911660251565
9.49911660251565
9.49911660251565
9.41789806686091
9.41789806686091
9.41789806686091
9.41789806686091
9.49911660251565
9.49911660251565
9.49911660251565
9.49911660251565
9.49911660251565
9.49911660251565
9.41789806686091
9.49911660251565
9.41789806686091
9.41789806686091
9.49911660251565
4.35920529308014
4.21802576598344
3.78771377284451
2.66060531516302
2.94533737490668
3.04519781110992
2.52751869960399
4.27236674584861
2.45456355956875
4.687407967933
4.13494009315036
1.54707230493633
4.76375666654999
2.69145439420615
3.54108444535193
3.57352596831461
4.72611608509584
3.5885877352593
3.38881999328448
4.07251941426641
3.71767383597142
5.63571230004429
3.38330544536942
4.46707921796352
4.03327658170831
4.61965652997744
4.21902333247302
4.86771241546793
3.77784248785141
2.19966998412044
5.1679392790439
2.86949323626968
3.84591046208836
2.6007751752867
3.36054730344379
4.54385345861805
3.36582866345599
4.69225208978567
3.82275081362838
4.78753777233448
3.59805912038419
5.00638799180628
3.28396626230921
3.97768374869195
3.46546744641459
3.67018755973401
4.41418670997119
3.62157676072073
3.61608760070958
3.53535426450001
3.67044113475463
4.05975738420001
2.99116699399709
3.54131891920352
3.652259020286
3.9823832585617
2.29885239499089
4.07413224949139
2.91556235443429
5.27688554398289
5.26199171110289
2.02425156642983
5.10588239679675
3.72506053173264
4.38228900620854
4.3144501405927
4.32028468311719
3.91021260436471
2.92178620081242
5.29001054414179
3.22496315242085
5.45621231067244
3.68589848346342
5.65939760703662
4.64425884274092
4.90131528450905
5.41134172154612
5.14937116999955
4.12756921661997
2.05290798864579
5.21066151189428
3.62697818018678
3.84008022327717
2.59494493647551
4.10370228952522
5.19745012937776
3.882888677265
5.18837782003228
3.27282574852872
5.43086861018004
4.26232424179214
5.99361531960921
3.45519663503652
4.73516869260905
4.41535396700156
3.91401440831981
4.71412493876753
3.78152722017725
3.20327394531541
2.88708918856135
6.04798482533027
5.30291982105634
5.5290705916149
4.2986299182984
2.48822051769698
4.3767973925839
4.32358583987136
4.58039298312746
2.3718440416542
4.12104933913398
4.02012350476824
3.82768851738895
3.44552178572362
4.76499532014514
3.73746616185336
3.45938722940165
5.27107424888774
2.52734301196194
4.29510278920959
4.65582679174224
3.06265658505097
4.63776931736617
2.5250281757983
3.67542035998922
3.03519646275324
4.52437584763646
3.78896062248108
4.4108355851446
4.08600525052609
3.734717481388
5.27770357019917
3.45749098610387
3.86739799740371
3.70592346549134
4.22218594464914
5.60662836495545
2.67507000161056
3.61546289276991
4.87733580529525
3.77417909842313
2.79786531101447
4.73824133652166
2.74793286972634
3.70941808148547
3.70941808148547
2.49847592552228
3.57663398270351
3.6619147915781
3.91560990226906
2.78533043376483
4.99097256219743
4.85715676717858
4.69556946500435
4.38787111522124
2.47631366370079
4.7664426880915
4.21786138004883
4.56543302111846
3.7090461652019
3.91319974924701
4.56497570576309
2.29200046719424
4.40940429970502
4.53425809020499
3.17910892764148
4.4197195122457
5.32684475198204
1.99120361930677
4.43968999470412
3.85616179365646
2.74388432178118
3.71748735327208
3.32977203891435
5.26589428947779
4.84407244310971
4.46587377238558
5.01783840398729
4.71392965787607
2.28023823482084
3.12176324374391
3.04359664134584
4.55490167862143
2.32217642938549
3.56731171618713
3.18791313599917
3.15771757090877
3.65869683367062
4.77068277545204
4.11149669438481
4.92929717647053
3.9542560090685
4.73478093222152
3.08519488816803
3.17282161744038
2.66060531516302
3.56605599635395
4.07256573571819
1.49373877621777
1.9374130191983
2.9873655494056
4.72276008344542
5.58890832979646
4.79165044457982
4.52759964995703
3.78117230600007
4.99246733655227
4.31489936347332
4.92651908147768
3.3800831707592
4.70827497741372
4.17354662732167
4.0730394305752
3.81409208058898
4.6295658119677
4.00106799672915
2.23612356083529
6.10517539319105
4.117744203183
4.32740114081085
4.4333539473603
3.71208639744832
5.31296179985792
2.47431727595161
4.65945858667671
3.05225742073946
4.1120687998074
4.52251381229732
4.17139420794425
4.64292612890913
3.77239140973357
5.98620464086454
4.36516899810985
3.77560721065733
3.68166365904456
4.17970315958145
5.516981970904
3.20229924655172
4.78583591605249
5.72203685334715
3.62741582680329
2.21431567655048
5.50149514682504
2.43843984976332
4.16747653342061
4.16747653342061
3.13320226533683
3.33997702363908
3.91479342915471
3.59701758287846
2.20699877280809
5.57030056949524
5.28252278903231
5.28168436007345
4.60150086871396
3.32343146116522
4.52300900830184
4.1534318040178
4.83528655857576
2.74193418768289
5.11751246332221
4.23657401156722
2.76028130405147
3.80167896387342
4.66165279895006
4.355116919076
3.48754742416307
5.25697765528316
2.50638914215142
4.50555308338092
5.17033696390684
2.46337542091545
5.06617488456791
2.77741666453427
4.35462223852527
4.17864669538445
4.26619485187638
4.16062477748786
4.47449359652692
4.37605377521655
3.72545064004944
5.35592808708974
4.29620293175676
3.66391573460572
3.43302740861356
3.53393738110147
5.25288679017977
3.28905463832889
4.87259130782968
5.16816736268053
4.02907267387143
2.58248077875005
5.68807560270397
2.49061014289728
4.30936247368267
3.79714617140531
2.48670399747139
3.31680616916211
2.82296196839189
3.9871994335526
2.97105109266666
5.62632267381434
6.07382860132098
5.15004509670914
4.42964085194739
3.24469036763271
4.36574734477162
4.1747883005829
5.95852464548422
4.0578469506606
5.00074188376373
4.10423680896048
3.62179465416063
4.53194586485891
4.36198092169972
4.1945134243967
2.21994214431813
5.9308683672094
4.33451820740649
5.23732363822208
4.31885025785703
3.98540587481902
6.18941297147636
3.18382693629952
4.56210968060936
2.85152381917383
4.61700826035401
4.31405379511887
4.86506414584451
4.91694792268527
4.12175482658056
6.19336729215453
4.15276608838096
4.56584020522508
4.47315866044478
4.05902446772844
5.643545398558
3.1487367252451
4.73227339474589
5.57557654309811
4.74562346060093
3.27026094090804
4.63951599704112
3.31024406915179
4.19574627585921
3.68352997358186
3.75595960733721
4.53086978558617
4.30733147203021
4.18822611419561
3.0271624728772
5.43844604233669
5.19385598695114
5.32651522520433
4.43704060731062
2.24160817868508
4.5317372030758
4.4323952333564
4.31014583810322
3.16581291745395
3.11932469243804
3.3433745793857
3.64081723597909
2.870275244045
4.19104744487009
2.45456355956874
4.21191189846742
5.21556047197744
2.23540134597692
4.32479666010425
3.20915985649467
4.03349733091306
3.61775456264493
4.09504534236785
5.01709917545896
4.03384295187445
5.21226255295714
4.88015440107957
5.34920732733652
3.04687856964798
4.11313088750561
4.34968800043217
3.35498719255312
3.03217509706518
4.27731038386684
4.22426196928593
3.85885876938183
3.58065068335254
4.69263662513394
5.17886273591873
4.55570886442453
3.72811972056345
3.98676906765616
3.92238621980196
1.86179602026097
1.86179602026097
3.53097613326769
3.19678636977078
1.85873601163055
2.26290121142721
3.18033004247584
4.96985331531505
5.04701351398354
4.91551233544987
3.80640141890446
2.03178874176341
5.1537920218492
4.1460220624389
4.67662460972252
3.01514114870279
2.21473220410257
4.63312415749296
3.98758144728014
4.23264982357637
3.83234756872688
1.81374235059688
3.84810527930265
5.4512135721674
2.13669302016635
4.20986713332534
3.55842915450808
4.16108231495234
3.57819390500489
3.02803114935516
4.17532722117567
3.57885238922142
4.48957894283848
4.28886748366754
4.37603868034662
2.45456355956874
4.01685171307579
3.91255533100542
3.72036102186289
2.5469082804814
3.79204356728305
4.4841067964973
4.05280604024065
3.87047439131752
4.35856189843319
4.87646587056305
3.74609795398599
3.05361945806386
4.02609559349728
3.25478589722665
2.5887659975531
2.5887659975531
3.66082532648599
4.41539095134074
2.23022985820113
2.58633684617234
3.48631709300426
5.73302873952353
5.20562791500204
5.31967753524652
4.07362184432173
1.54124206612514
4.66324534621094
4.48101434568908
4.85886370370097
2.88265652735662
3.17555698745355
3.87348282697476
3.56731171618715
4.19008077176208
4.37375365930696
2.35514844117695
4.3683158283035
4.84712663403728
1.27835424395335
4.76942995332031
3.42704947547143
3.54579105627902
3.83805236522588
3.10300918616597
4.51172056313941
3.69458188856703
4.74090220027506
4.62526082563127
4.6273619377832
2.49204160110018
4.10629319754781
3.63348216542458
3.14453689838179
2.72421313636677
3.96934842316842
4.20990411766452
4.0893264861843
3.71571693526291
4.0705988200305
5.0325751848692
4.49580278921661
3.98271250888067
3.42952881703077
3.90495805288063
2.01294187407201
2.01294187407201
3.62113337456828
4.2391109196372
2.46044632714685
2.74244616047849
3.72263848140923
5.45874558319782
5.02126032820821
5.08725173662726
4.07573332346712
1.80500887534507
4.09513789973578
4.17098894739111
5.18671241918451
3.93126838742413
2.96778523106006
4.25025199043846
3.96433334821715
4.11887231140179
3.70939101667341
1.97290713137207
3.98915146845138
5.45889014665553
2.57502198951136
4.86552482113986
2.0117504571387
4.2645927869069
4.49432114372622
3.92053369511653
4.82855575760944
3.47032412253099
5.02048534061748
4.69161098323006
5.15743011499687
3.7244706682048
4.28359769406794
4.83487852231913
4.30425986956041
3.22835889722381
4.47349418402545
4.72251402750882
4.49637336659026
2.92543646702755
4.13428711872719
4.94830518817299
3.64020634939865
2.84569008718753
2.75961985960601
4.0180980008051
2.81106869726825
2.81106869726825
3.75046049612115
3.4970547423111
2.97226902185727
1.7867928649033
2.52150851691361
5.2272426950469
3.66484610934663
4.76139013958119
3.86778463251379
2.47210625216781
4.53243471322823
3.45454876411691
4.84409841992247
2.97474296525122
4.19453609511189
4.18457932684424
3.31209698500913
4.20852167496217
4.49178612694862
3.55201490265713
3.33546179744234
4.82479354997726
2.76028054739558
4.0355443753738
4.83062092060756
2.09539656296714
4.83621919245892
1.79104463129059
3.94251254375275
3.04430965974743
3.79039230312874
4.05605280624461
3.67685204063688
3.50757609840645
3.3407534072251
4.75028984757219
3.51507873197301
3.68724628248435
3.67408674055844
3.72137615877204
5.10581857907835
2.88267076519548
3.76265553028361
3.10713874323324
3.84240593624791
2.86609214883924
5.12057804609139
2.77171642627413
3.76700582735462
3.76700582735462
2.54455996595883
3.62271802314006
3.43879678942691
2.43493353992881
1.60447329343191
5.0234433334598
5.21770737005298
4.5715603074451
4.33027988585774
3.34362692393835
4.55492195449053
4.26109384109292
5.68113077413794
4.13617525811711
5.37633929916851
4.67732681131798
3.22173985326614
4.4538830354906
4.24950005943037
3.97318489070539
1.98625962324491
5.6832143045573
4.18826810043942
5.01432031162229
4.63220422202343
3.14223436269626
5.90741500578096
2.62104733548438
4.84453897122463
2.81570472755925
4.14768774822906
4.65029893952953
4.31812426747703
4.65413766957508
3.36878873016017
5.59269129045632
4.77609350176942
4.37190675225734
4.30174884859042
3.74125961196253
5.44131272912394
2.88079921369419
4.46433588319498
4.31082995900024
5.03860528706498
3.64154548652193
5.34857286762785
3.00077842985221
4.79367411891606
4.2814578166387
3.568069189132
4.39817136082274
3.72189499664374
3.01881449641478
2.13963390836147
6.02180139721293
4.42050961190847
5.44528692137432
4.43814115181505
2.61005847769381
3.86369444928354
3.55219802432471
5.03602642756952
3.03924249351901
4.69197052371356
4.17354662732167
3.58053768861607
4.06054420106022
4.78512020435578
4.22861627730867
3.62637457555575
5.4394186865081
2.98704340014395
4.45034650228698
4.19523271502933
3.04964971413951
5.38012820491223
3.27447964296168
4.18675132758324
3.65438929254871
4.84673203046339
4.04980655320385
4.97155657495432
4.69229573204903
4.27178756633061
5.86954544808066
4.13230768393201
4.32677571833209
4.31361617640617
4.22164135414609
5.47770709825297
3.083667973777
4.65209015118439
4.63245754164551
3.69856082334061
2.2854606730878
5.11103355003229
3.30263983772311
4.0563654223095
4.0563654223095
2.48115496590941
2.7655490904542
3.74391450048138
2.91839255526292
2.24117380463534
5.27892760526362
5.45413067170685
4.62420445552608
3.97654952050038
3.21048355155679
4.42177858210897
3.50814014846029
5.61411732334241
3.60952279156449
4.36124947128394
4.10770952054504
3.45977462355036
4.3567952638448
4.04887270216692
3.89080547317683
2.5941251570132
5.28894680334886
3.98049666572307
4.79980563682379
4.25070214074689
3.5480952367364
5.84500564933456
3.11557949253262
3.15867164245716
3.39921146856393
4.64221990527731
2.91061575696667
4.81265642452527
4.75841109072839
3.8432426689286
5.76580748441214
3.95130503368821
4.0479229025946
3.90953606970486
3.84553303311584
5.54558615027724
2.84031158240046
4.42384825190125
5.18672593967933
4.45093415103273
2.92672288966882
5.17212933134251
2.7929140592514
3.9291285099949
3.41691220771754
3.38374867463299
4.29147021256625
4.0482338678295
3.45642125090142
2.86966389428401
5.37351374846352
5.55414987570959
5.71472987809183
3.99881652574995
3.02124427618209
5.08828701357437
4.47564830034261
5.29988715751093
3.45968377906395
4.09027450998303
3.91773464449263
4.23721196233496
3.56262199923375
3.70571090551469
2.72359874018568
2.1877118118183
5.49111482114115
3.61769164922075
4.70076921684411
4.3520834227029
3.51026120725012
5.28029044663183
2.66049500624335
4.13786575777434
1.28481534001418
4.63628173629206
4.2514060202662
4.5227414738002
4.41078127819857
3.96786304410234
5.5733275216474
3.51889498280171
4.27055933832589
4.20651383060857
4.54397598315438
5.90225231640368
2.2559252638237
3.19631815498304
5.40997380380546
4.13956325914792
3.1815550926922
4.24344044373282
3.15109421064852
3.64842254118545
3.64842254118545
3.23747568649014
4.31563374367136
3.9079557391969
4.09175710324239
2.94679799322034
4.79240708505179
5.74543562995415
5.12829708397516
3.94204639450402
3.61769164922075
4.72784071535725
4.30267604770271
5.95894593275588
4.25695562964932
4.83931260593042
4.08314754726189
3.86838960938675
3.90740052227984
3.23031028712614
2.86623718440086
1.48428569062796
5.77257740293443
4.41831174653169
5.26835550596459
4.08435983830617
3.91867817343406
6.08623660230007
3.09976071064683
4.43424532481471
1.12186833575023
4.4271281878223
4.26380880556675
4.67518407331281
5.01759291066721
3.57611764327619
6.12619483622215
4.36822900674026
4.39955752829612
4.30336494062642
4.13692876812868
5.80855235854392
2.10846264146441
3.69199931096519
5.44570516566193
4.63305141922545
3.20229924655172
4.38165781272726
2.88820638847672
4.28164765316212
3.76943135088476
3.78033234034111
4.55524251859006
3.89471712377038
3.95673162371934
2.60253886863161
5.31263145864278
5.10135449384873
4.90692694248688
4.17546611409428
2.24160817868508
4.5317372030758
4.22619670557236
4.31265092481555
3.0127636117782
3.47849168903965
3.70254157598732
2.97555162802598
3.27483252008887
3.94415240979931
2.58900324723579
4.03162787080983
5.37350915735908
2.12429023486581
3.96562966350263
3.90393290790845
3.81127510869084
3.46470525696918
4.09504534236785
5.3070932555141
4.28189883736495
5.10115144184603
5.0590373700236
5.34920732733652
2.75938957630519
3.753963890904
4.30774980586754
3.51054158494121
2.92106398595408
4.16619927275573
3.62262119620653
3.6368689123931
3.82870656884304
4.94069251062444
5.02080325681831
4.55570886442453
3.5806676970225
4.31987003575599
3.4101699175246
2.12846152376017
1.61624522148281
3.19740192240104
3.55595336637239
1.3465197093532
2.77511751370456
3.80786148461672
5.05658451550861
5.69793234004677
5.33039887217098
3.78343199348554
3.66763204350821
4.8789270740604
3.90420455455538
5.886713007579
4.23528600301022
4.52828212608218
4.03887457442112
3.82864948221677
3.86312754943908
2.71116701899953
2.53599781469025
1.93038908498923
5.90854926954421
4.40773828323814
5.02397255837342
4.0132239747871
3.77985825528124
6.08738062242208
3.36948622277644
4.31498319479034
1.79019395233374
4.78006420062925
4.14454667554237
5.02812008611976
4.80340684316013
3.80139987412881
5.87509352975343
4.25405788699874
4.45595732997409
4.39576858320068
3.91260413286383
5.67133933615467
2.08679301482533
3.6703296843261
5.40884096771019
4.31249779970938
2.86590590458798
4.74762351852642
3.18126047716226
4.16747653342061
3.65526023114326
3.62680894960549
4.45691112129622
3.80368231804359
3.80588038543825
2.51309738415959
4.73319276397848
5.20698098711004
4.56280643490909
4.83266118062707
2.62761628970159
4.9177453140923
4.72339676455816
4.99974747375888
4.00587793521485
3.94328517890258
4.39707744973608
3.55654723928286
4.6612548801929
5.01743708271537
3.28095319741404
4.27474496292879
5.46572783661334
2.58185967946916
4.73652176471705
3.44578976115166
3.37030917476542
4.30735619830059
1.96222628083534
5.061148849169
4.72460445064375
3.1251688194933
4.92420407478961
3.26211359387269
2.97612718067761
3.60302606437365
4.22414644085842
4.65424086168165
1.85934985521024
3.1044851420119
4.07878958209632
3.85360651676553
3.935277049428
5.13159645172859
4.95255695456027
4.53198668030166
3.69138520056668
4.50329186866075
3.1480869525432
3.16104968938949
3.16104968938949
4.26478017266702
4.0247338385194
2.82605740613933
1.68502453046234
2.45355107879445
5.39247136093062
4.73785489400166
4.95792461507439
3.76258899487714
2.18789805606954
5.30990133615535
4.11941819770671
4.94274009283024
3.64904873238527
3.10755276438714
4.39063336734521
3.74509065713239
4.78970755685899
4.33181546474232
2.31321024661231
4.47942693941462
4.62490441181505
2.06335606699071
4.83868370672496
3.3554474075442
3.62113337456828
3.92192875435516
3.37275171196553
3.7845412848906
3.96987249603936
4.82292928984178
3.89808154738246
4.70938902734991
2.29344407183792
3.88547203403915
3.05062139080778
3.36182488251092
2.85865282403382
4.10378811083547
4.25427146360991
3.89168655250982
3.23414436325475
3.55595336637239
4.16369697270257
4.85801278077865
4.35324972108934
4.09479442498387
4.00246791393386
2.23022985820113
2.23022985820113
4.09445447724143
4.71243202231035
2.7246067439337
1.76002768582
3.48517307288225
5.59548977561349
4.96281379460468
5.15231792578411
4.27796990764502
2.48836964705199
4.57387987433679
4.36043302415314
5.21050704546383
3.56987432104449
4.44461269754085
4.78160023247129
3.83280237222007
4.47527010671761
4.57274703824152
3.59063487291251
1.90922092407345
5.56036612378249
3.42950256742491
4.70668238391153
4.49835641084577
3.17873592601666
5.08731267813677
2.36372460865532
4.27943595020861
1.94872996725734
4.36307228049348
4.39297621270048
4.24953201800162
4.28570383163492
3.62611145698923
5.4020363934614
4.14689523029507
4.01674852096923
3.92493800433319
4.43201326222253
5.73096118821769
2.69264940341161
3.63304229457095
4.49430154507597
4.53565582612619
3.60887413329585
4.78831353632959
3.04672538973036
4.29072465797726
4.29072465797726
3.22067412058129
4.31095240765097
3.86810661236169
3.44783688126868
2.4994833766689
