6.90117926598453
11.0610951003898
7.29442751676448
10.1770984404798
6.70155368402499
5.94639221027271
6.85748334600481
10.5126040236444
9.56035494092999
10.7525505349051
10.637667331687
11.0181511923621
11.3266957578468
10.6450317841848
7.5762518946165
10.4856430059645
11.2191770071266
9.82595559838704
8.21282164733573
7.34704416230003
7.4389315637857
6.52053743321448
8.08442204206075
7.16602791148952
7.63516213515677
7.23930598182616
6.65785776404527
10.2200423485074
6.68037507944495
7.77587747657604
6.21199286772976
6.37183051396023
7.20972383146923
7.130386998301
10.9535763496695
10.2595908316102
10.3025347396378
7.49405309872402
7.54666974425957
7.12699198771252
9.91149778302271
6.74635015494245
6.945975736902
7.18550853323931
7.88479646010121
7.55582530198853
7.32661756967206
7.86436986747324
6.63743117141729
10.5947234236593
9.99399017415312
6.17220493200069
9.51741103290232
6.93076141634145
10.2040594581597
10.7167510943252
10.0492653649079
6.39225710658822
6.48074949748541
10.5681353970949
10.3291227662023
6.96640232952998
10.4082065288405
10.1426058713834
10.0063214568803
10.4511504368681
10.637667331687
10.0635221087452
7.66474428551369
10.37206667423
13.4056312464577
13.1515959559686
12.6765244756236
13.941988730664
11.6197439414756
13.2077323269625
13.7393129034226
12.9555252718226
12.2353155054013
11.3964568197882
12.5756494665502
11.6425923525076
12.4412139633277
12.542088972401
12.5756494665502
12.4239446953625
11.720618950549
12.542088972401
11.2684471647419
13.3542717832099
12.6895453528196
12.9961823427725
13.5838992902266
12.4773691734256
13.0650861208796
13.2391924877623
13.0523187137665
13.0116616428166
11.8550544537715
13.8269094352163
12.3678083243686
13.4737122459655
13.7167223909553
13.2617830002296
12.8859952985115
12.6765244756236
11.5879908166591
11.8233013289549
13.88585235967
12.6334089818256
13.1851418144952
11.7541794446981
13.6174451487533
13.5613087777593
13.7762915106129
12.5335055444196
12.8634047860442
13.1290054435013
12.9735918303053
13.4511217334982
11.6794066540935
11.7224263198816
13.7728587619493
11.1675721556685
12.9421316695055
12.1344404963279
11.6811896268175
11.8959595992612
13.2772623002736
13.8830458062103
11.6888658257324
11.5417173434343
13.1212224918736
11.5710025825565
11.7425248525715
11.6606490869654
11.8527118968325
11.9518039331819
11.7132396134493
13.0297282012992
11.8141146225227
