11.5950917450443
11.1278643984453
11.6897529081709
12.6084469748354
11.3091040970094
12.1298021645489
11.0645139868977
12.0407577467299
11.7215909339187
11.3207844380914
11.4626317084685
11.6143996355472
11.3775102990951
11.5197384724206
11.3176771990063
11.0614067478125
10.867662876696
11.3555218222116
12.3571482059836
11.1298129498982
10.8195605950606
10.7097422774459
11.6614366737156
11.4860520332321
11.8882038754791
11.4624826393863
11.384134849639
11.2403024143695
11.4727173859515
11.7581591102565
10.7850955500696
11.6614366737156
11.4727173859515
10.9655775737915
10.8902243011678
10.8439415364722
13.3994357623157
12.9786944617811
13.6555758508587
13.7351565132484
12.9753940460382
13.6989417620036
12.9917068451721
13.8467525082648
12.6437180936497
12.4818238859798
12.7688911176066
13.0250312061496
13.1045374633033
12.4388704923169
12.3629834426296
12.5636754721127
12.2936969140256
12.6067490364004
14.2450394724408
12.5336693127264
12.4030342417099
11.9808134082461
13.0602386732201
13.3323305801024
13.4438158018132
13.1031920668829
12.4688115025887
12.817880173659
12.9951427844989
13.316378761763
12.3021671232459
13.0602386732201
12.9951427844989
12.9883382186896
12.3577935739805
