13.5825093120781
14.5124854206775
14.4982866516527
15.1319500004348
12.9621041951777
13.2700518611984
13.5578390196094
14.503668971566
12.9356054153017
15.5606645357789
14.9411999560217
14.3065960700965
14.1896738809841
13.2496005058835
13.2269713093804
13.2700518611984
15.4459450910167
14.8122817422346
15.8746596263608
15.2551950466035
15.2400557404356
13.5900943763414
14.8264805112594
13.8778815347523
14.6205911606783
9.62349312579289
9.62349312579289
9.79328537451031
10.4080496886833
12.499282558394
12.4191216005821
13.1050997512263
13.6199110947486
11.3994442787866
11.6178745773205
12.7703907700122
12.9755965498675
12.0911959454625
13.9199267090848
13.7590995481428
13.2475152106297
13.2852021135344
11.7815903817956
11.8357597055276
11.854968013513
12.7887108614648
12.7954941875593
13.6103211454179
13.4494939844758
13.6171044715124
11.0898387151196
12.631110706532
12.4259049266766
12.642976547886
12.499282558394
12.3247150910773
13.0375893599648
13.4612830315143
11.3994442787866
11.854968013513
12.7028803787507
12.8169684866332
12.023685554201
13.82552019958
13.6036984909177
13.1800048193682
13.1265740503002
11.7140799905341
11.7413531960228
11.6178745773205
12.69430435196
12.7279837962978
13.5159146359131
13.2940929272507
13.5495940802509
10.9106086822532
12.4724826432977
12.3583945354152
12.5754661566245
12.6666667985969
12.2517373603792
12.9377155110234
13.4525268545457
11.5668285189894
12.0223522537158
12.6030065298093
12.8082123096646
11.9238117052596
13.7525424688819
13.5917153079399
13.0801309704268
13.1178178733316
11.6142061415927
11.6683754653247
11.7794133567155
12.6213266212619
12.6281099473565
13.442936905215
13.2821097442729
13.4497202313095
11.0142840583222
12.4637264663291
12.2585206864738
12.4755923076831
13.2834798174661
12.2845801217235
12.2968449096969
13.4547134646052
12.1648555917324
12.639165272585
11.9621359284828
12.8103989197241
11.2829411039331
13.7853852302263
13.5939019179994
12.4392603691003
13.1200044833911
10.9733355402661
12.0740279525725
12.4523239331076
12.6541693826062
11.9872393460299
13.4757796665593
13.2842963543324
12.808849629983
11.6871946347143
12.4659130763886
11.6176500851472
11.6949440275142
