10.4202359696373
9.7802024060803
10.1189919756207
10.32087410979
9.75749554290474
10.1885866019732
9.50437942807879
9.4958910433524
9.1553420587328
9.90058638620951
9.50913482160537
9.2410862010924
9.19455960490087
9.2410862010924
6.81306440615961
7.95924884614342
7.46567840282367
7.16563951866583
7.57442007424869
6.97047638424509
7.546138277237
7.37136917401283
7.34349936809782
7.32996265248811
6.91302056734027
6.76628245236206
7.826558115233
7.33151997751386
7.11885756486829
7.29733298058126
6.81438578698878
7.35495996068246
7.35967493951353
7.35543302500479
6.86014783637658
6.98723510995384
6.75013628610142
8.01731722249636
7.52374677917661
7.10271139860767
7.63248845060163
6.9075482641869
7.48321015717882
7.30844105395465
7.40156774445077
7.38803102884104
7.09208544010434
