10.3831031196294
11.3939963169524
10.6646955098722
10.8013100054013
11.8162912343068
11.1030119142453
12.8379627922506
13.3686766366202
12.2403316728003
12.647001374829
11.9118989840687
11.3372800740716
11.7615350221786
14.7785250696342
10.9839109725344
11.7776604989483
14.8078212072004
13.8732044865608
11.5890243589212
11.8716418130657
11.8745993507771
11.685349694106
11.0510759608922
13.5581903922438
14.0306751997586
13.4954775486273
11.536122412585
14.1505233121946
11.6381259021323
11.5530947701781
14.2888801871867
13.7000102802351
12.8204756308109
11.2160158010566
11.8078809291937
10.9977421725454
15.2807420450021
13.7039998766477
11.8592124398243
11.7122144589655
13.4856527162473
11.1725108346433
11.6070709375074
13.1017708533109
15.2013587678403
14.6720867163853
13.1813716002602
11.3558276977755
13.4163500533053
11.7393445923416
12.531471217765
13.1401657954263
12.6850637326345
15.7993192975189
12.2955117187629
14.1652530867747
13.491542282017
14.402783266692
12.7706020073537
14.0504829548991
13.2765151401051
14.7469593374716
13.4634507208542
12.7318644355446
11.9902571264435
12.3290920697505
14.5905056982662
11.8223914588545
14.2217266968954
14.3742551325716
11.4158831081144
12.373252834437
11.2366622921877
10.9456442186179
13.830775083344
10.6602803529582
13.5775807459808
11.1680757064469
11.6161442839168
13.3895246760064
14.6323805048758
14.0090087187278
11.0651946972383
11.5585907396558
14.9354312911121
13.3276822017193
13.0248734945717
14.0425526158029
12.8662311165784
12.3054468677544
12.1401406791396
13.3915773125491
13.1217207060524
14.760038000432
13.1386033568822
12.8692796587582
13.2818534949586
13.0136515701192
13.1032850845728
12.3452817573864
12.5104957523086
14.8449805154308
13.4863401836633
13.1251157908062
13.7749757493668
14.3423423759614
6.49639448756068
7.05505099398372
7.01106422920181
6.50582825127954
6.65939530720536
5.75762770530893
6.48257124212766
8.04274470364649
4.55891322721304
7.1350864749641
5.89865693871336
4.99626867283101
7.41421747949635
6.88955551217302
6.78949864325708
7.23129995079775
6.39276934352728
4.96936010859057
7.57876014983088
7.6821424327034
5.96613219595817
7.8638637905682
7.61220058819021
4.41850983575853
4.5809987208559
5.66680274134404
7.51557427289338
6.00664098498443
7.21208266424037
6.94098467604378
5.50461554507916
6.4116568463825
7.53779586627161
7.18722903500746
8.19613621851862
6.6351585067209
6.66504473074436
3.54453653752278
6.59048381817666
8.01155665132014
3.88047307952161
7.89594316996697
5.27985641755215
6.95277898909765
7.10364294959229
7.35467247381251
5.7890496239247
7.60492509639718
8.50941035182248
7.62702736222931
4.1330875823152
9.09148869142123
7.95547505565752
5.95705224618837
7.56924657190064
4.87380118771983
5.33806405092316
4.96503141827839
4.59468773933115
5.09314470251329
4.72983638278099
6.21665616011121
5.89996037744767
7.70056491955381
6.81816017124099
6.71072725185746
5.34284556469751
5.94860944816455
5.19028510508343
5.36385746910944
5.12822790782874
3.58078790295379
6.32110666815138
5.92699519817564
4.99280691851671
7.07645699712626
6.04207696618147
4.97930117875771
5.8640014590515
5.7382106861694
4.74266542226229
4.45444028696846
6.18950033854218
6.5698751885731
6.26849278605781
6.96117278535115
8.01090128105126
7.65804497884691
7.25437818233472
7.29946107825725
7.1354449755076
7.86912233274338
9.26159162425142
6.88894630231004
8.43371337003222
7.70868589158647
6.03895895073144
8.63414963619906
6.18111151063295
6.82320868338949
6.32575038061722
6.00954835231623
5.21685207436906
7.42802973365865
6.16167009705693
7.73722224427833
7.78423401874536
7.35508389798635
3.74094049163593
4.64499952044565
4.55102912328652
7.7003652595732
5.62632626914844
6.1324975675122
7.65874194103247
6.56840382487036
6.69098864303622
8.71794726296536
6.5935570667469
7.28136662399078
7.5153319485952
4.99675323325324
4.38384223589468
7.22163294335369
8.83109179269236
4.91984687107379
6.96481155753012
7.66237374549993
5.4358596023547
7.54078960439438
7.64249270124103
5.23425716386157
6.79632345470678
8.98536926342784
7.89055290119554
5.86440503646653
8.87406953678372
9.23767893436241
7.21405301600418
6.80932664492962
4.32020450661867
5.31703651110029
4.45376802488316
5.84835479971358
5.30004640196216
4.88472413846191
6.17105907605012
4.84086976738404
7.28820669557221
7.39937465809794
8.21397419579527
4.88824385808702
7.93481174424054
5.5905071543019
3.70764307731591
7.15581019158123
3.15756827008805
7.11460885310795
6.23702360543266
4.02150575513445
7.00033703349295
4.93676993526137
7.22114801216419
6.20016171235527
5.4264080029523
4.17397370860372
4.37648574941906
6.15297975625608
8.166406943053
4.97861878693074
7.84191740852465
8.90731393687572
8.9418660664067
7.69585434927106
8.27107186266606
7.82041696399041
8.1480880332809
9.74577509764551
7.67871492382205
8.55072653505379
7.45731164806439
6.31381188729804
8.50182851228476
6.74692658784883
6.85944935794659
6.38648637316395
6.9435221678184
5.18756051219793
8.54879169072089
5.46117859694503
8.98087421322691
9.08835528189175
6.90711294427954
4.88465560835024
5.65850288343733
5.04901066246608
7.53691651443668
6.14604072140511
7.1176778809383
8.15337625764195
6.74975344765818
6.50760079857889
9.47055997145969
6.50457881343864
6.0554670113535
7.32055462681175
4.99954660418132
4.86626671218463
6.95503976730454
8.95512642581578
4.23189967721987
6.94138330367767
8.13242413473479
4.71841349228566
7.37181359817267
8.4017423635273
4.43389822712084
5.48090918912894
8.90848736714636
7.78179949669142
6.75000415131679
8.74615177050979
9.0579556709987
7.13898304709152
6.72034839162136
4.51898081528131
4.79183731121206
5.18800525667875
5.67551134643197
5.73144978315148
4.0964220091339
6.73122562938784
5.10154969268557
8.60451367049861
7.8674445783657
8.27909222477321
5.61394972867351
8.55931475534452
6.03075976422557
3.93694086833404
7.47572035497479
4.43102054147759
7.26311748301183
7.45110599483845
4.03102216610971
6.56532170286408
6.11488966748172
7.01966681874024
6.13008665242895
4.92888291681783
4.40794604097321
4.68594506959725
5.26697184771562
8.28660636554379
4.74963780506599
6.93158342326893
6.45279625364189
6.16380832927821
5.83225003811519
6.73325816379997
6.27333824066356
8.2174020533614
7.75596666923144
6.65697858619017
7.48081140499531
7.63258940477085
5.99330799911863
7.48451942115814
7.25598664549263
7.5680193783334
6.6276643340382
6.69059220125955
4.18456851060853
7.94077982143772
6.71366365168322
6.42165518134377
7.67780698157355
7.74055537008078
5.73709409658396
5.66368062531976
5.462415962723
7.49977741843023
5.58651491551237
7.55023958838714
7.25165322625985
5.97861113760158
5.34249590085861
7.93620734054727
6.96843805173423
6.60767801151245
5.29693276194848
5.43589603329015
4.83108942288543
7.31469055172369
7.75784394003984
3.18008857844594
6.53270051579744
6.56640930291482
5.940123415817
5.87329847317608
6.84465010142588
4.38226916120141
6.17654025708762
7.60651690549811
8.25671428601712
4.20281779449147
8.00733407302824
7.16000705619151
7.5149891427174
6.8554283854768
4.15334604750405
5.47874551299718
5.7494636936534
3.98692159587311
4.97056416984597
4.28103643744256
6.08867990617799
6.62657834289693
7.50643257084791
6.49904676305174
6.94910828887081
6.03657644133145
5.56010698338932
5.16626307136241
5.20468588879749
5.29169010404115
4.49874350759482
6.20464538791591
6.80073090824354
4.48656027181621
6.78328454839044
4.0379562679196
6.2670255388491
6.87490016265761
4.07351953671778
4.62166924456719
5.41878854129014
6.4309974047385
5.6824385431578
4.34153010569109
6.25060744186951
7.61900117038304
6.7643095946073
6.46876394660853
7.16262097527796
7.18199326863591
5.63103447089448
7.87819877393105
5.7708386813711
7.88925085759934
6.40810236566449
4.8879349981686
7.73904427833232
6.24813415442094
5.48319554636127
6.42488110951186
6.20734706657515
5.15009164403051
6.697731643314
6.60289099867691
7.13917944868358
6.67074589870268
5.58699666127735
4.50459030963596
3.8889393175552
6.1905275516728
6.17220370146267
5.93210703468357
4.94163116875698
6.61286962133849
5.86826698771132
6.4162156470323
7.20270496890687
5.98806382944529
7.55938278679952
7.27647505492714
6.41302809564113
5.28285097732168
7.27512443890955
7.95706370211641
4.92780548412507
6.46428243169741
7.01078369787167
6.28923549989091
7.74805220730744
6.61231937707086
5.8662556773649
6.47449970624162
8.03071073072068
6.80006328275588
4.0050936256264
8.80556682429136
7.47539007923155
6.25228021207834
6.61144627224743
5.24219117824448
4.49882242597369
4.54984652503177
4.27169722218077
5.55146898781147
4.07067493000545
6.55332882610034
4.56656904380364
6.81056071127263
6.26103699548476
7.03092025364638
5.19798854754698
5.44806784293605
6.62431656026651
4.43557934212738
6.23436698598351
2.38011010927623
7.00797342333075
5.96182637718405
4.98585867766279
6.5349677875408
6.55453637729832
6.17317978096729
4.31852529744961
5.89935554302104
5.40425114958779
4.3522476458414
5.97048859093955
7.22818886019012
5.40415815036863
6.66310780801087
5.711385982386
5.17465364178327
6.81790183751045
7.1755765983559
5.80832958115352
7.26768428757578
6.81174751997306
6.81372221591892
8.28885943532553
7.75822310845892
6.6902870282709
7.02587982307347
6.32976575824272
6.51876552486777
7.30577596471741
7.16672978158688
4.11793013640907
6.03400005768986
7.58214087427428
7.38943668563955
7.01224807856364
6.15974803086598
5.23391796665113
5.37333211248449
6.82427626053002
5.86483495339675
5.78128430831132
4.60939926875108
7.31535814560232
5.10629371229428
5.34549257525325
6.84763292302885
6.47300456981781
6.76912972925096
6.28187470698341
6.00269749098855
5.9224209523897
8.02801981533489
7.59723258187978
4.51300381667562
6.57941489678467
7.65004128671534
4.9182770139888
7.42891551105314
5.61304448777578
5.76508349088618
6.02062429099909
6.48122704599964
6.486284910436
3.95692036961646
7.44587329720946
6.10653200243083
6.94641184538666
6.41610917568748
5.54111759146696
4.45326285749618
4.52627880562159
3.39067082715593
5.42270581566306
4.23532929109307
5.75846893235694
5.9456986808382
6.42706923937138
7.29177063432839
7.41544954273721
4.96859335793194
5.75474483636897
6.35681027318638
5.11048277900311
7.24402501333747
4.19862534113485
7.4215116066617
7.12825993694034
5.01046421426256
6.67996186660203
5.60183671200989
7.67269796046332
5.44583424678447
5.62329699050332
6.00371011210846
4.52468716839904
5.80045688968476
6.37858259130762
4.95878404099343
7.2201923603609
5.61800005653966
6.69967811315795
6.37485238720806
7.87993986042544
5.26119830453143
7.1823809528097
7.11620969939626
5.16607173543745
7.05641604083192
7.43883748445292
6.15940604452392
7.8718261069714
6.26262949693081
6.36721086076346
7.36103710547296
7.16623127934931
3.42383843457339
7.39427662001659
7.65634111714166
6.28192166964239
7.49098797348076
8.03101962361759
5.06614205428913
5.08988782445478
7.11390556030662
7.38347198224731
5.74864127189043
8.11220571587852
7.32007279030467
5.92560434199534
6.43012134944691
7.65378105109272
7.50078491254011
7.79225391172064
7.27081264318195
5.87719003000551
2.6863780032027
8.1230498691159
7.83118847240969
4.58469927968044
6.85412578581257
4.42169788323208
6.74442243479697
6.72699578053119
6.54224672079155
5.81582492201325
7.45652997542621
7.62509776438918
7.70651052577146
3.21386400357002
8.09089231820661
7.67790661003254
6.61764008779692
7.5612455839937
5.06516314173949
6.45849411615831
4.95742342207006
3.75688934574287
5.28363451538925
5.13353003364163
5.30654893211106
6.65285575387301
7.40058591007443
7.48012636613751
6.72065787058302
4.72751842847041
6.19886668512052
6.15147320114668
5.68004835538366
6.47834865062319
5.26498498674617
7.15871996428392
7.45420523015684
4.97391374045788
7.25980112093627
5.36864343208913
6.98531091757607
7.21412220184593
6.39647632224138
5.35605399038771
5.13859584798717
7.31699186220305
7.02210647588097
5.97263477811097
7.21124721162823
5.06281736475938
6.81565284586482
7.07519396964801
5.82011609882509
5.39265921976458
7.26708842040266
7.05571620936873
6.27732190007124
6.69713578147361
7.6915871379065
6.01889348037381
6.77341524119792
6.19861760542407
6.63183028892714
7.65541816912155
6.69672081582478
2.2423409768713
6.96106770254501
7.52034677980138
6.54191649888368
6.73270480477402
7.59760382758676
5.73913663315118
5.17121054810765
6.1852338908678
6.86709726361342
4.8920075057209
7.13355169891198
7.69093320538748
6.44579448862324
4.39402627235759
7.02976993452083
7.2871125046932
7.2919785601803
5.87146042296867
6.0394539632679
5.04442490872074
8.4758101615716
8.19421900876702
3.73343843074905
5.57661995097768
6.77974478875012
6.60704722103897
7.78551147840261
5.16104680074811
5.90952126223226
6.4412956715064
7.50190793522771
7.28467693810592
3.7791331581284
7.29239826491317
6.97605347482906
7.22033886221371
6.73814852997594
5.84078144682564
5.77073011175549
4.54012473186419
3.8439700533791
5.63563502273256
4.94168766930989
6.2834414288437
6.95355548680761
7.44819147553594
8.05704231770439
7.73364190770144
4.54427126001056
6.86301309362007
5.20422263967267
6.14183959922617
6.49441340925144
4.71892329627026
6.51392513272976
6.36566754206964
4.33071694090703
7.91419948503626
5.24952882586038
7.18427041568982
7.62532834589724
6.13693195969262
3.90646225274111
6.16905191293135
7.02496669285082
7.99023788277529
6.21875103625421
7.54842483460765
9.17000284742539
7.57219495968622
7.08291870496581
8.35225966587414
7.96313105045891
6.70310708580505
7.40499612381321
5.25136479224779
7.92331701689
7.11941641895992
6.52761431035537
8.45476168926811
6.92434121037518
7.41947211770608
6.88853173207953
6.7409332835114
6.23223358058041
5.73169227328985
7.90172460602409
7.63540751400764
7.9761039994733
7.85042682892825
5.17107022541913
3.67869995298543
6.46056054435513
8.17867197320915
6.19160218250751
6.73783620435256
7.32985351972122
6.66283199804097
7.89952807348155
7.88891287187294
7.30976557886863
8.01009869051774
7.58013344665805
4.55174944931632
6.16662719736068
6.53960685695338
7.54115333425899
4.86272367625253
8.41617506303776
7.9155481803212
7.31173219067571
6.38930106486117
6.95465357058161
6.62885701738831
7.78138496282769
6.68733525232367
8.03435833333259
5.47840227554801
7.88371810603175
7.73532897555233
6.93162761204341
7.69495652694152
6.1047748240662
6.30778771016516
5.24456870157644
5.27620701227705
4.90509770302737
5.08044079747592
5.84535364620029
6.47258023882603
6.19019422060476
5.69162235619044
6.0128530047046
6.04660810344628
6.1434685140633
6.88172888502661
3.20274723135419
6.70678092290864
4.02593344861709
7.6405577050387
7.48374784894099
6.11913961553513
6.55395512868505
7.32095267482678
7.3771588415529
5.04800836586519
5.88869842577691
6.58296433470315
5.61812268948243
6.82679672329622
7.83216712454008
4.8332412749217
7.17368055822207
6.30160731961682
8.00328705381356
7.21892649983761
7.19694636979844
6.95488957494883
6.93258445218752
8.09503689373684
6.52514012707429
7.67936650073887
7.40877482718051
5.69193022019115
7.35854216259954
6.50379644753396
5.46655053967944
6.87608397773932
6.74251889654457
2.95606712229637
8.20283703631242
5.40761573268371
7.52604585914479
7.4377715123935
7.04943021654721
5.86680046925103
4.74284347301776
6.91602997531385
5.9618477391735
6.03792861308712
7.65228727022802
8.07406940578741
5.99277625149118
5.02651343234318
8.17253047452778
6.63954605607225
7.85706068524562
7.48861731217243
6.9614108690802
4.76914295406447
8.65067031298342
8.91944756441363
4.60448681823742
5.78544337095905
6.50738825981485
6.56993247508709
8.1459662522316
7.07471887127212
4.75714691265316
6.43638519701991
8.58256712512921
6.62173869592947
3.74360663764245
9.42408632475243
7.84554974377254
8.15451851766917
5.96156507124249
4.89760609425473
5.82917953340129
5.36289435567753
4.75795694071235
6.1077315353792
5.56128304088032
7.80285347791831
6.97097088981642
7.99390388518299
7.61383935963944
8.20336518030481
5.34376422942892
6.31938248411258
6.74177804265175
5.61346591410472
6.75487643653162
4.47202801728731
7.70386064198659
7.55783664747803
5.43745556468865
7.18579284079433
6.2425964412215
5.77270057405472
6.72172294939198
5.44740099375359
3.59608323572574
5.68582900259719
7.56177886631814
7.62191624414127
5.87873860503328
6.90867473610678
7.56904628564779
7.91595845053138
6.95805957019642
7.80474176345011
5.93244537487615
8.47844378816711
8.66741909750149
7.02298460434316
8.3474380537446
7.07110043106566
7.26748682903522
5.86594447635852
6.90898139040968
4.94240915749091
8.24619570603619
8.27092684943156
4.05652458312782
7.59072344089231
7.11864017262464
8.17080120247304
7.65473370706744
6.60814172904762
5.65437126078604
6.00177626954252
6.47173286609569
6.01407697869793
5.82460600234435
6.80189213078869
7.63157374390897
4.46067584385205
5.83802055224175
8.08075241767388
6.50323146737016
6.35766479209582
5.90402250664452
6.43259697280825
5.76979813558852
7.23976806522696
7.88972759974782
4.37098673803076
6.86890623150948
7.49773085613852
6.63874848090857
7.19080131240128
6.6571752684444
4.23938935074565
5.2583135003446
7.87064135415781
5.36427286207768
4.09600058280497
8.24014477825276
7.83093222794355
7.88650389136233
7.22140414513757
6.47807092551947
5.24614253737781
5.60255089234712
3.9770567470572
5.79674485089217
5.04601187773664
7.3884590962316
7.16671527213913
8.24335486621217
7.46450191319187
7.53956039788451
6.56646696561896
5.468075655523
6.32355296221734
5.64492423880296
7.40240084009908
5.00845520804458
7.38475768591158
7.70381067119468
5.40590120741305
6.04883041857349
6.4811275742408
6.86076603722132
7.06289570535992
4.07629350182641
5.53770463059625
5.33124749737972
6.8581707535072
7.79157537956733
6.18515628829992
6.55675168387022
7.38880400117602
7.40766752799809
6.40383238780954
7.6189100936793
7.3700796947648
7.98630761463375
8.99772451162323
7.95189850914208
7.19905562071318
8.68634920320625
6.89847061502758
8.56137233995629
6.05250969163647
7.77745059448566
7.17519736323875
5.16204703334967
5.89167148878735
7.88452922470081
7.60562582995718
6.48278934376342
6.2164100877438
7.93456232711883
4.73885080470919
5.46438225099005
4.93024588378304
7.92066600246448
3.19436106819092
7.66945402016884
7.13811870435075
6.32056834698371
6.1077586205725
7.07884280275167
7.75682221923172
7.84284530090305
5.4271288947744
5.14764227140382
3.71954289131383
8.78586341762755
7.54855283422212
4.86862236447529
6.08610225968503
6.39560230479492
6.19112361479073
5.53588652873187
6.09896000936419
3.63979802345055
6.8398979229891
8.03200872369577
9.13965736862039
4.5301986303665
8.29255539766008
7.943472427349
5.9814590811443
7.91031967000018
3.43782397309866
5.28196094515469
4.92829941393909
6.01895120576773
3.85024621357829
5.83173725640419
6.40375395376837
5.78087716114654
6.9759746511788
7.23850242579166
7.59123094074847
4.54481583941332
8.0633759278201
4.27527940312708
5.5233564835773
5.19715109090749
4.08552724487068
6.92391524101998
6.81963938495724
3.93341193968774
8.01385637069028
3.87194903217191
7.61581614212162
7.68121177470013
4.81682207031393
5.1802838430668
4.93124267417618
7.73074071105809
7.48434698433106
5.37292122968611
6.41111574719891
7.49919169662567
7.85323959847015
6.80003579363696
7.86230170658598
7.26407047062018
6.95313908757417
8.90272849681627
6.8124866564631
8.19295909297561
6.24993164364191
6.38802299926032
7.48186880297125
4.60204783989353
5.89087404180298
7.75777194408854
5.73567432829927
5.0698980389404
6.59764020463447
8.20861442599419
7.4913192973119
7.32510310710779
6.11986891687771
3.05265078983195
5.80870159693791
4.93840028612988
6.53605985535997
5.6450386678588
7.86656110290001
6.70109841737589
5.6543556576131
7.23157048963731
9.0557044553417
7.41642720894775
8.20752487531684
7.83600386895283
5.6315675057417
3.36809182567551
7.58803465139174
7.83334622650341
6.07566433985414
7.75745365099364
6.64662333528076
5.22416031546958
7.07797443768492
7.68479367008176
5.04467701481239
7.85185725165114
9.3102955227195
6.55835566058898
4.41475630218464
8.43410090956989
8.98774948035391
6.81317974580855
7.93671134788824
4.97517350603758
3.97879196824849
3.30850865975719
4.54523434183344
4.98802968224464
4.16427152137588
5.92303199303731
4.4989845695801
8.85528308993281
7.10967395004709
7.51021357986581
4.27068115885246
7.50720880139877
6.19495578848741
4.29385840182413
6.67578694963066
4.0022089996606
7.6255300411598
7.61594786027489
4.17010834142682
6.5880420495439
6.97915459201677
7.56034527663029
7.03972058970488
5.46625527994546
4.21435836093522
3.76540297258736
7.17541602734428
8.29556059484947
5.48448731294482
7.25466888299309
8.34244438680703
7.20742244069252
6.92049841051872
7.97757537974259
7.26570305720885
8.74825137655532
8.22426570918535
7.22495865469505
8.30317223511845
6.79504187854795
7.31776214137743
6.46757320036799
7.47087919325264
5.73943881272311
7.1830624212451
7.81018939261749
3.85672029426472
7.93999287161351
6.10214594650296
8.3050732546079
8.28096796767666
7.15719383940679
5.73868038680303
6.32650399832674
6.34260948387064
6.51274384612074
6.27199000596822
7.42511073466466
7.89454513352945
4.99927711099583
5.75137985918381
8.74791337841157
6.14554131103065
5.10400049191541
5.99240128286838
5.55033221043136
6.56682779082072
6.29774433093353
8.17339708858427
4.43566625502515
6.86890623150948
8.29476051137071
6.1886869550895
6.49463145742345
7.47163160955142
4.58195412251841
5.36134306208777
8.33975702313655
6.61570356610653
4.97249208037016
8.02187598632525
7.75804350473969
8.72766782540138
7.37594772861921
5.19471523056798
5.37354812501208
6.24973918483409
3.77948605434566
5.75918369121446
3.62051436574366
6.82387934826438
7.32302084634364
8.34933920402145
6.52247817889844
7.091732468217
6.50093472889073
5.36281249762827
6.98848032680347
4.6373682677813
7.02004131249704
4.18230672797811
6.84991053522879
7.44599605555642
5.86253585236127
6.01126925889579
5.98476200812607
7.07569571065116
7.03650639693379
2.57894508381918
5.02211086804896
5.93517752269726
6.68193418405427
6.5702855140778
4.50940153935096
4.52696104112682
7.33175641239674
6.08610207229273
6.62340956330886
6.26968719486997
6.06953299392639
7.67211386484334
7.60983723411437
6.15610642070775
6.7387414088368
5.50290134080295
6.0538405447199
5.65326185015615
6.66581886589827
5.9510415644848
7.01336121561216
5.65846634182203
4.65471048094783
6.26032281514752
7.46420369751782
5.77933946309352
6.1734039704103
5.94594240435988
3.03117637112704
4.46294580339789
5.84935007834072
6.09088952076215
5.82082223464661
6.79180714549648
7.68206427543264
5.45465707234212
4.76214340033135
6.75224696970212
6.51385143383563
6.66401854700386
5.9572889385237
5.91796374171184
5.34534435082244
5.62738924259335
7.29874063390194
3.69025097154342
7.06249220109854
7.06330880861511
6.01950603716445
7.0698149716953
5.55037397386627
5.91373949517465
6.80048302176887
8.42285289924677
6.67065876680358
4.44088263009147
7.8988810740293
7.97962193580648
7.28527760170992
7.68102691600403
5.35618121530929
4.23728746950129
5.10344741657862
3.72150584929623
5.42389369724958
3.11385351129287
6.34305786445234
5.54215045352489
7.49258110732703
6.29037358987246
6.02361261506178
4.36543833395744
6.75100658257863
5.61013405595813
4.60839695697198
6.55337445885133
2.64568572563014
5.84559226461121
5.90154232045455
4.98099114148023
5.48721718729939
6.01050735915828
6.48652428257
6.69179110388569
4.40443034084478
5.08005137079051
5.44384491338753
5.83071643209258
7.44148335083799
5.95705073709344
5.52960103199272
7.80965750705608
6.72041396768309
7.56577339482073
6.81103979113442
6.61088559019083
8.25833529149272
8.19594619429416
7.01616356441465
7.41939985797642
5.67651829283287
6.5362765368389
5.40189741201417
7.4709261559116
5.97440836007927
7.84761704375732
6.57776569721098
4.08226996576905
7.28124473475184
6.89176318233904
6.67312566783431
7.0608179482286
6.37295394373787
4.01540220591059
5.08800263453483
6.28018343933621
6.11422901850464
6.57561622045876
7.26101824207725
8.40166223753796
5.48569611578837
4.70004057032568
7.39269989862783
6.19925777072242
6.58551576490824
6.75181384550236
6.55597619592673
6.06081620915832
5.37602480445138
8.35569291584823
3.79538262122789
6.93032223690498
7.77909305317533
6.17470141656423
7.71074249966844
6.27601942154661
5.30386936013746
6.48588935865566
8.95804267027774
6.60171802758126
5.16048059219678
8.64082936735766
8.55586994678523
7.88599960946914
7.64642056400146
5.32927440901046
4.48187530995963
5.89797232355728
3.88137577004737
6.35434323041439
3.54086505067086
7.09080406886989
6.20226366447699
8.1771683150596
7.339626326115
6.77996211942361
4.94337115541477
7.21140905262795
6.40465896293679
5.14114625329214
7.34789936583
3.6744897652642
6.36538593785342
6.42133599369676
5.41182450247573
5.79524583535586
6.48603521377434
5.84987884944424
7.18680351602819
3.25672604263137
4.61287401350647
6.01404543879126
5.9805855058319
8.1216672009302
6.39036552282987
8.42567580445615
7.75954835873831
8.88931809699622
8.18446933517533
8.01424150658093
7.87442147939697
7.1633211976208
9.1076180925726
6.58282269003016
7.69491181549542
6.38999138450518
5.73722078548214
8.58526162666432
6.50881224456083
7.68950527539684
7.70857220424507
7.16601567677205
4.83309631563555
9.07574257385389
6.88089997895233
7.98187050764283
9.12530995599323
7.29387582952194
3.96511374509916
5.99727807001989
6.15243508323738
7.83067246605124
6.7351165458669
8.11449753883912
8.36166897727986
6.14976885158339
6.10794612492132
9.07403461658918
7.13496198184509
7.79951882958562
8.24277890567606
5.78145087484678
3.94160195860949
7.9848999736179
9.60097994348482
4.89689087646878
7.09078074037926
7.22013346821474
5.77962999007858
7.13389821184449
8.21053327053608
4.81738969902209
7.15002698428597
9.24544019147482
7.73944898971092
6.27093373125759
9.70131370220716
8.73168208810294
5.98800989027573
6.62149251239764
3.28707885345956
4.48019674532507
4.29643447047818
4.84827701799768
6.37454710422243
4.88381355056068
6.53325056591516
5.14128061385207
9.01629706324277
8.62306236001897
7.61112435256609
4.67052333685885
7.73264363534264
6.19359088627535
4.16766936308292
7.31033735226753
5.15420716495739
6.9629199520874
6.97690549061267
3.11811725665055
8.06016534100877
6.39506207604812
6.45047636408444
6.76692064181974
5.18751478346073
3.70737282835503
5.47403646972943
6.63542555375518
9.27499797479566
4.95623536226253
7.93231398073943
7.14374156167026
7.30213321800139
7.22198884886114
7.27850669411297
7.61146741824985
8.6417868790443
8.5725941673325
7.37257146568552
7.69875208792157
7.43065475381971
7.2021191618997
7.97066908981865
6.98098190940253
8.00513244404799
8.40901083476511
6.32479838377113
4.33480560088602
8.61793613410385
7.68436817121553
7.37670708832349
8.12199213291601
7.68694948230809
5.21548418167137
6.82815702435822
6.20425197520553
7.58027102378953
4.78745235087204
8.17759422140766
8.64574423192546
5.03597987252654
4.03404092879354
8.3002212599024
6.8249325506093
7.14085272850481
6.99888353106716
6.00162221623813
4.9007668488721
8.32719862347321
8.95177044676569
4.29546066938194
5.52280987178423
7.56445217529811
5.90242029360493
6.16598016393761
7.14434782167657
3.89669224580746
7.02843831960184
8.9669847082036
8.50260756473348
5.43411722193837
9.39205137493892
7.86091636854557
7.01248878473587
6.86731622692711
2.41139317350788
4.23514868362297
5.61827423886516
4.50685209226637
5.09390815978535
4.72602971193617
6.77353594736987
7.05440865352161
8.62685611143081
8.61418297794989
7.98354535970031
4.85473502439322
6.67347326096148
5.88060260584184
5.41914949236187
6.72919958075597
4.9544588090148
6.60169226048929
6.30844059076794
3.84835903321579
8.40689990175073
4.54655999573651
7.50951519864632
8.18590483809782
3.16065992984385
3.63471116615194
5.8591333559194
7.74261286960476
8.00854401521364
4.64806079658311
6.29125147406698
7.58246799090578
7.27122938888688
6.36120932439485
7.3426615971652
7.97866166187522
6.31705282123773
6.96082236828241
7.54555177429387
7.29475162749079
8.23597304339754
6.30238236174016
7.54336067917858
6.14099029659191
6.76536489478681
7.28732129864215
5.41592638493442
5.16493436066624
7.46987309401545
7.54673412137161
7.21863145402744
5.89203936972647
6.40694669953544
5.3164626815039
4.12219047001014
7.28870590393741
6.38010353455944
5.04908365095436
7.13136717041122
7.4816284797548
6.65603320645889
4.87041130508413
6.40832951120004
7.51547389661533
7.73199563875241
6.88105100157308
5.73554410012571
5.6428721532626
8.9407519874572
7.77858220466761
5.7094731827909
6.42569581494901
7.36083661105526
6.30631181267822
6.27630806329182
4.26395219567077
5.45756361470856
7.02442884702351
7.45316358743953
8.0233121805384
3.26927456198837
7.56764553176441
6.59191466538629
7.06763134633565
7.57271608081697
6.13792875008577
5.21791266397741
5.30478996011575
4.11574454419353
5.69396812399928
5.10555464169337
6.55550842457827
5.92284065712258
7.26734483710169
6.6308398921575
6.62144518401237
5.14802813956308
4.9356737333287
6.91619181194677
5.52233580876019
6.87874370977345
4.26604467142089
7.98052847696882
8.09977717338882
5.48740113177519
7.54461433067473
6.74850660479034
7.31249154004125
6.30755325600021
5.31697289328768
6.14106503676309
5.13070776582884
7.53308657774405
6.84342299909965
4.20766685045601
7.7098305747768
7.82617744507164
7.20515122950114
7.16334322807857
6.82379193565789
7.19841989699712
6.41344898442451
6.66344979435294
7.05205284210317
7.95852675867434
8.38955548492674
7.1737688689519
8.42339189169257
7.22856935686605
7.85374612395315
7.01085646735863
6.25871415780476
5.32679253229498
5.315764619303
7.60917573511855
6.69187967249039
7.38153832435802
7.12774789794102
5.89865418020915
4.1525277151373
6.34544449235347
8.04019508035657
6.05205472211545
5.84964379892038
7.18198191872352
7.32138476042058
6.48476243599869
6.10829696050635
6.86359519660268
7.96411787680616
6.28782271407854
5.28547256222957
6.44683528233675
8.17627094141391
8.54522564447748
4.60071496741182
7.35596999857493
8.16479974012942
6.91450963009234
7.2980011336026
5.39160358910867
7.01442212020803
7.11784534780883
6.2347698463481
8.25796637989848
4.94060566419358
7.32183372265568
6.23228403294048
6.28877132134871
6.41320795404825
4.99659262146132
5.31159620903613
4.37371689576383
5.05589503704819
5.99287424811838
3.83211622242286
5.76839162209801
6.90751141844652
5.17305606869819
7.10153330403616
7.40574803106015
4.46643774649449
6.47755827452814
6.22160734404692
4.97613256959749
6.25460897912068
3.9635711755274
7.84937600925245
7.31658912950149
5.68973553683988
7.71793984149929
6.29659004675285
8.37578980506308
5.59973945818167
6.74472343948969
5.53582539541986
4.8470659592325
6.04357688208933
7.35714352020819
4.38201829383603
6.75954580910049
8.80772052390661
8.67174837930756
8.38356086501526
8.00063908731759
7.46636384863164
7.99542273593675
9.89298783284509
7.35574918576069
8.31584016567096
5.09953855779064
6.82825596681474
6.57899610220957
6.79299339757591
6.03261940027345
8.1981544622337
6.58889130155239
5.57912965048933
7.8454901490311
7.82519199081861
8.6004938319333
8.34433422574196
6.4838905512118
3.832617909343
6.06734520420778
5.99131486755101
7.1089529168575
5.99315271210387
6.76228920923666
8.26862736223075
5.41984391462332
6.45996943950197
8.69971721996371
7.2334566461286
6.75655597273332
7.14061409852952
6.35525745277793
5.40977959054799
6.73369958707728
8.2695618260799
5.09701197448528
8.15572210122998
8.07813945832535
6.20951254256538
7.07243530432866
7.78478477639663
4.93502487708095
6.27852683722552
8.9194092820472
6.02518024788823
6.24596971250211
8.72120719786948
8.83966401559969
4.88176439994531
7.96576094565021
5.28289928386438
2.95486150634525
4.48986812882081
5.91478182959211
5.19898073295151
4.4274333554556
7.60364779774063
5.14174618209932
8.62615761232583
8.06541207076383
7.46234115880362
5.82334311021798
8.45733002278559
6.16136538255667
4.93517143276912
8.11352936224424
4.19118984350374
6.86140045532986
6.70682419538372
4.19298020542665
6.72365739466569
6.8629374392286
7.39631398780134
7.04608040090328
4.05343826724241
5.05755641586644
5.58807599089557
5.91768010510532
9.27524689546277
6.32648958891405
