27.4968755474684
26.9980391023419
28.0313409836491
27.8303454517815
27.683537839658
28.183893825209
27.2345492856489
26.4891058370127
29.5256583179047
26.3731583256872
27.4233447701598
30.7084736384464
29.3276769360074
27.5624339280394
28.9312011608978
27.1947941188396
28.0635792980114
28.8161599738404
29.1271109586132
27.4558691874632
26.9846280694236
27.518917431505
26.8632391150282
26.6080948989041
25.038870052855
24.9573111194408
26.0442649246423
23.6769174074537
26.3401709733391
25.3553541947629
26.778925004751
26.626837322415
26.0004342992261
27.9959513914729
27.7109920449806
27.0349032162655
27.9831408430151
29.0002274765604
27.7370072145245
27.9011161710152
28.7213212147921
26.2536729616105
26.871745407263
26.7509366606993
26.9674767776017
26.1962359541825
26.8650191774421
26.9855935647375
26.3679942596247
25.5722291368958
25.701293542057
25.9918283656874
26.495560969642
26.4302021580753
26.7762674874643
26.4527605306104
27.7072298424947
28.767533475069
27.4923691896165
29.379991684519
27.8842317340967
27.527203946612
27.4090082775158
27.6108467679822
26.2950334768
26.1337177286622
26.4421716881656
29.4886178852221
28.7421709510402
28.4871965831188
26.4185023207107
26.7726150235266
27.0187352062248
23.013879358106
23.6401563462395
23.2369672449688
24.4996760956832
25.8431184310344
25.3805472591516
25.6968027668962
32.0082311677054
32.0199510931537
32.0551249854501
32.3256209964496
31.4465055146807
31.6247756820962
31.6862109664468
31.8678599449758
32.7414701803719
32.973936649291
32.6606352906245
31.9218054047191
31.8944585328617
31.8437452799313
31.861506152597
32.7749068273297
32.1780491344059
32.0014334322744
31.9162623274977
31.6070886024189
32.300068419607
31.9423519456721
33.2519758494522
33.3548048264082
33.1595941787522
31.3356224609479
32.0309625366258
31.6430487134326
31.970823662811
31.7199318435921
31.9662265879402
31.8412937527532
31.7742604599489
33.2270580541468
28.0846839694357
27.3163228939814
27.4061037972272
26.6890534220397
27.094822718029
29.2899017037945
28.0950963813504
27.6974532332277
27.7243296317822
27.3179687714296
25.5933212148582
29.5383635631405
26.2555024677412
27.5037966950881
29.836994152729
27.4127485045165
27.1494843088844
27.8285804970556
28.0947778926329
24.3771515487702
24.7314639349739
24.5309198670798
24.6861115316324
24.1090241020239
19.570174785763
20.8111501661466
20.6871457632377
24.7607948046467
26.0431518879781
19.3288164264732
25.1644432897826
25.5126082245797
25.6256546881474
29.2832371654368
29.0856581767079
28.4157233395159
28.6903436692231
27.9616669370979
28.6966544055221
28.1278009241878
28.7530937782633
26.6244371605323
26.4238930926382
26.2701247743286
25.97174173668
26.0573791821928
26.9993769417862
27.1878234133882
27.3536893279899
27.5500766853545
26.8420251063966
22.3450117476928
22.0023429175286
21.4159830763464
20.9033818649952
20.7102180023497
26.8994815705719
27.0044327452665
27.0470404059694
28.4984671701022
26.3236827086878
27.8626431992162
27.7001565628002
26.5195773465645
26.3597644570921
27.1737805284334
26.6202499197314
28.328268269611
26.9093365273305
27.9659831456451
26.1789171411117
27.2330318765368
26.2050879227938
26.3900074202758
26.5491726632241
26.2663046003946
25.2439317614587
26.6044318798739
26.9587442660777
25.8201337111998
27.8168593791374
26.6604734619343
26.7160868018079
26.5844814582301
26.6219223924186
28.9156118198301
27.9791360652046
27.2000388104076
27.4337260202925
27.3527491996216
26.5844371803909
29.8633811745783
27.3321544885918
27.4939398028871
29.3674764137747
27.1358353003547
27.1396274166834
27.8179729058034
27.9383944885557
24.1488773794789
24.5031897656826
24.3028822473939
24.4130567976007
23.6303333788096
18.8578299480825
20.6187549071246
20.9005569186749
24.1094750965149
26.1826714092517
19.7308917509923
24.9569828268756
24.8707993697845
25.7589045659581
28.9596397572572
28.901638570924
28.2319402833374
28.6104671430221
27.8082631907267
28.3024710544841
27.771381166667
29.032602640424
25.9129637978226
25.7121809486571
25.5586514116188
26.3865379192558
26.5112040705002
27.7082592075308
27.8967056791329
28.0625715937346
27.5928498579256
27.0905716831555
21.4180379814171
21.0751303699816
21.4850612631351
21.0279790094808
20.7721955077154
26.5481167647039
27.3261070063046
27.0601387154996
27.9936347320574
26.6453569697258
27.4094834187556
27.2256886521532
26.2755407660235
26.3178209083057
26.6083259620655
26.6514674132738
28.0361612338509
27.863698347431
27.4995229995346
25.2361085149358
26.5286413580177
25.7304119398462
26.1834313402408
26.9013717725844
25.4352727851472
25.5698695107575
26.128513387389
26.4828257735928
26.8577310053754
27.6869595422585
27.3168427873363
27.3987573569732
26.6898591788319
27.0956284748212
29.1740601698747
27.8851471658063
27.4656599387742
27.3261386362138
26.951439576239
25.6997774870659
29.5330680995982
26.3455914563322
27.3764387441528
29.6986509049881
27.1544679292853
27.022126357949
27.4511168321614
28.1189864007963
24.2416994771061
24.5960118633099
24.3954677954158
24.7343067488438
24.0340870069364
19.2701968597758
20.8989045259785
20.4700634242108
24.5290015101931
26.0913471051895
19.1188672109291
24.8769276329098
25.2808149301262
25.6740821144815
29.1788359969566
29.1338533939193
28.4639185567272
28.5629857182877
27.7298736426443
28.5884932161904
27.9178517086437
28.6496571341387
26.6170907202783
26.4165466523842
26.2627783340746
25.9643952964259
25.7990986069616
26.9544566515308
27.1429031231329
27.3087690377346
27.3680452797948
26.610231811943
22.1279294086659
21.7852605785017
21.0707784757615
20.5581772644102
20.3650134017648
26.5995036445846
26.8706686743722
26.9115883343053
28.1984892441149
26.1899186377934
27.6308499047626
27.4683632683467
26.5053874371764
26.1523013722511
27.1664340881794
26.6129034794774
28.3287881629658
26.9690291304486
27.9667889024373
25.9471238466581
27.0012385820833
26.4717971362808
26.1800582047317
26.2431584446101
26.0345113059411
24.9379175428446
26.5722177541737
26.9265301403775
25.8625186791873
28.1194812070685
27.2604907010096
27.7684038266084
27.5291475308602
27.4546502756746
29.3427783757249
28.465847493066
27.8504862317968
27.9466742289773
27.61483563445
26.9718787262691
29.1848806321365
27.3368926876771
28.0426730468098
29.6258362282341
27.8103005575345
27.688360660606
28.598709703837
28.6473032057158
25.0455920582109
25.3833512542346
25.2186625269653
25.5562045975797
24.7614266455894
20.1569591013549
21.3967615652824
21.5295448715668
25.1275163077406
26.7874900167039
20.3831486848969
25.4708843692935
25.8688444728179
26.3694971350844
29.2726666916477
28.956140477268
28.2773161171392
28.3817488224471
28.6594086654519
28.3384312166503
27.7071085783849
28.925915500903
27.0864498596312
26.8856670104658
26.7321374734275
26.7130929822015
26.9490021227366
27.7203581907447
27.8644492863913
28.0746705769484
28.014334825092
27.384766514873
22.6008774122311
22.2482201435992
22.4608068434543
21.6857154488796
21.7557696603691
27.1096704317639
27.9966394705261
27.7251511885316
29.005805602906
27.3158894339473
28.1013862635058
27.9840424119337
26.8241960696108
26.8165595907828
27.4126719488061
27.1461678449202
29.1167804522132
28.1811820276514
28.6199191997402
26.412752905907
27.407751743853
26.9162724488757
26.7473722663772
27.3314804462516
26.5023441744319
26.053167303682
26.2960049941714
26.6503173803752
26.3123596616913
27.6739915496269
26.9223937804354
27.7805516530251
27.7597835177044
27.2169514577197
29.391640201968
27.7280475530609
27.553139224318
28.4939088786843
27.4372133878082
26.4948568253472
30.1079361634512
27.349640473541
27.7051282742593
29.8733943491675
27.4513921035368
27.3667253230214
28.6741795900166
28.9810301837526
25.3527048752918
25.6956124867274
25.7258573689451
25.5986899771985
25.0793630100748
20.4634589036866
21.8754113793876
21.8761201583051
24.2894867550756
26.4817925156598
20.1823331637602
25.4698618741807
25.8284434687199
26.054659189205
29.4085975679267
29.0267693032237
28.2714093435467
28.0345969138359
28.9199530836365
28.5768379563951
27.6234627683847
28.5632427907505
27.4465266228501
27.3579372270828
27.1038577926859
26.8611424585683
26.7825770375899
26.6049081719429
26.8009138056455
26.9592205581466
27.2461122785537
26.5019880724362
23.199608738318
22.8567011268824
22.9728145780288
21.9293092242459
22.195222944031
27.7098329407687
28.1444200756222
27.7854742429462
29.0470053234808
27.4636700390435
27.8713853155914
27.6724024474999
26.6476357867278
26.2060287490629
27.312707420369
26.7585090413791
29.7452151202571
28.366947330451
28.86456789264
26.7389106673662
27.4302436847321
27.1639344151606
25.7483720072814
26.0911958927501
25.7408699277513
24.765078632695
26.3675918329881
26.7219042191919
25.7808033384389
27.4949625629367
26.5655828877118
26.876245225123
27.2546414362553
27.0951509424827
28.7450990199858
27.8124535179547
27.1526102543725
28.1551001850469
27.26786329844
27.2719205011708
30.3322764433598
28.1150938647476
27.6899201737056
29.3919411284615
27.1652163064535
27.3515172224678
28.2759545671551
28.7436781371004
25.059995520502
25.4029031319376
25.4331480141553
25.3584793729783
24.536072684172
19.8748638819671
21.5060946907299
21.9862780609265
23.6181141433312
26.5133945669469
20.5461918885349
25.3238013143652
25.1822003488098
26.086261240492
28.8327297650499
28.6556828960035
27.9543718568147
28.0583152717536
28.6686645381167
28.3190182631767
27.5826427473583
29.0475392156235
26.5485716499514
26.4599822541841
26.2059028197872
26.9343623668874
26.9903160169012
27.3162167043983
27.512222338101
27.6705290906021
27.0434287518431
26.5139180467234
22.8962211907315
22.553313579296
22.8660492389936
22.3751717261472
22.0887054841966
27.2817360063962
28.1321372422936
27.8230476905865
29.0472889354556
27.4513872057149
26.8948979025837
26.6959150344922
26.392498367926
26.6089036610951
26.0722931944624
26.6395732092865
29.2063028366244
28.9301414176359
28.742767377403
26.3151854589246
26.6722237538935
26.3247709018759
25.8895759881864
26.1981355107792
25.4289215302382
24.8720182507241
26.0302360152207
26.3845484014245
26.5339532218315
27.6492989503473
26.4329589051752
27.1515348865194
27.2893214689485
26.9641691934287
28.9557450780191
28.125779806901
27.1670181573223
28.1617653861674
26.5832200744401
26.9314785651869
29.7447924949848
27.5693791041324
27.6038116387801
29.4204003023831
27.3882730020907
27.2654086875423
28.476984913223
28.601140583574
25.1054547088351
25.4483623202706
25.4786072024883
25.3838465081933
24.7051384247636
19.3777085060993
21.2590548856346
21.524210404357
23.745188976442
26.3183037869637
20.0841242319654
25.0952125595748
25.2841456900863
25.8911704605088
28.8334713782607
28.8204823099799
28.133002063138
28.3123858410404
28.5305099535518
28.1125775313155
27.6511168277142
29.106678752547
26.547078131591
26.4408610413806
26.2041705201555
26.4847126093422
26.5755238805819
27.0789323343563
27.2673788059584
27.4332447205601
26.4552978282011
25.9851447586374
22.845726568584
22.5028189571485
22.5132902258829
22.0091690726476
21.7359464710859
27.3049782607425
28.0662328920063
27.7568448022385
29.0360250087224
27.3854828554275
27.6382103849871
27.4392275168956
26.5760619195866
26.7407047673182
26.8643105685627
26.2227378898315
28.7833683849172
28.32634650461
28.7167358095498
26.3811516255757
26.892772535826
26.7395911169731
25.8504274699033
26.2440314073139
25.2715751304796
24.9179141472588
26.1297794646237
26.4840918508275
26.1929133254749
27.3731089694795
26.5375790943154
26.7309485428945
27.0896274079269
26.9528624244532
28.5773156586974
28.0293019331488
27.0078026817842
27.8855754052996
27.1023335373433
27.131114004881
30.1919452779468
27.8455690850002
27.6619163803092
29.3546027916328
27.1372125130571
27.3235134290714
28.1081712058666
28.6050759816489
24.8388021004418
25.1817097118773
25.211954594095
25.0889545932309
24.3148792641118
19.6053391022197
21.2849012706697
21.7650846408662
23.5807758065026
26.3453701502113
20.3249984684746
25.2864629775365
25.1448620119811
25.9182368237564
28.7953914282212
28.487899534715
27.8090751745862
28.0389119168778
28.631326201288
28.1762078281788
27.5546389539619
29.0102008787948
26.4099694944999
26.3213800987326
26.0673006643357
26.7957602114359
26.8517138614497
27.1754102081085
27.3638566797106
27.5297225943123
26.875884171826
26.3731115504336
22.6266964109842
22.2837887995486
22.5965244592463
22.1056469463998
21.8191807044493
27.1411682913778
27.9942520819045
27.7857093537579
29.009950598627
27.3135020453257
27.0956609779095
26.896678109818
26.2716326321497
26.644226893566
26.2891416096565
26.6748964417575
29.0677006811729
28.7628333872242
28.7054290405743
26.1728969408951
26.529935235864
26.2874325650472
25.8522376513577
26.1607971739505
25.2868740676558
24.8346799138955
25.8889052281145
26.2432176143183
26.3919057592491
28.5101026420656
27.2691147267191
28.0021599055871
27.8480853551691
27.8222204260973
29.6030376296551
28.8826439658505
28.1116264286563
29.106066061056
27.9028609330728
27.8255401899466
30.7798436813668
28.7582656153146
28.3799047516226
29.8090069635068
28.2321056158781
28.0573531003484
29.2131444227488
29.1989579661076
25.9501301375767
26.2731616255695
26.2854662201895
26.4397810095032
25.6067456517128
20.5391432393062
22.4365657010057
22.7479125429072
24.7948378833028
27.560396769494
21.3078263705156
26.1303495751411
26.116352983087
27.1332634430392
29.3030706478599
29.655047303746
28.8903022254878
28.8890178681205
29.2701111519732
28.8670704955336
28.2945252390304
29.5622204800964
27.4460746272787
27.3565807150933
27.1235229760044
27.6003978502071
27.6542356981136
28.3620228271485
28.5100029338723
28.6821837589946
27.7899735906337
27.2451657026608
23.9744777007894
23.6843109974297
23.5888798380381
23.3794921290192
22.8647523221937
27.9574064067652
28.7947155765834
28.4911873915511
29.663960869739
28.22782913642
28.4109354767356
28.2600775100457
27.5107955765976
27.254182738533
27.5462099794856
26.9339955033709
29.3413035488173
29.3806768344453
29.173248060404
27.2390593518099
27.8411033470963
27.5391443181144
26.9515647713173
27.3805631823154
26.3078055456098
26.0896344552919
26.700426434727
27.0205873665731
27.1762144678003
28.2468499109311
27.6566413586161
28.079425432972
27.793044205263
27.8755785128726
29.5319624869719
28.3979775076472
28.2294576301711
28.6846481219675
27.8873532101531
27.3391823072936
30.5009786192285
28.126607740832
28.2397387200516
30.0872494732163
28.2083246655554
27.9171870687773
28.8759193736227
28.8774454491871
25.7595693846183
26.0826008726111
26.0949054672311
26.2331628968286
25.6083174960537
20.6142393413441
22.582339137429
22.5870272709187
25.1513043182321
27.548077017702
20.6411854383579
26.0473433668381
26.4728194180164
27.1209436912471
29.5477602718609
29.5171967868402
28.8218600292484
28.8619237755948
29.6265775869026
29.1117910751313
28.2103418420245
29.2038994688029
27.5600738361065
27.4705799239211
27.2375221848322
27.3734575863421
27.4865206922289
27.8857633884133
28.0339778544055
28.2059243202594
27.944967032221
27.3672413538332
23.6735466108363
23.3833799074765
23.1707668393752
22.9613791303563
22.4466393235308
27.7596093508431
28.6102405404271
28.4982078641611
29.6160423807342
28.0433541002637
28.5931258892457
28.4422679225559
27.4618582430708
27.1407145837689
27.8025838890144
27.6300002270735
29.5848961251524
28.8291550807835
29.3330529600235
27.3773021629665
27.979346158253
27.725572887119
26.8614821252248
27.0980875734743
26.5587849273778
25.8071588464508
26.6888645566949
27.009025488541
26.6916068102279
28.0556116079849
27.240867969732
27.8869278086002
27.7358174739442
27.5382264026111
29.3743224838261
28.4624955600233
27.9571863570416
28.6360866642081
27.9950222019333
27.4398456486585
30.5122475223588
28.3063198479476
28.2451633453337
29.7918384330454
28.0724103159449
27.9226116940594
28.8759193736227
28.8197478089945
25.5389592611078
25.8619907491006
25.8742953437207
26.1037622002518
25.3065112282232
20.601453824088
22.4246991342832
22.6223430152773
24.8828337439084
27.3904370145561
21.0201389209513
26.0575296193624
26.2043488436927
26.9633036881013
29.4343179707541
29.291485854389
28.5961490967972
28.600558610739
29.3581070125789
28.6562417880092
27.9142518871454
29.03459901426
27.4473661603621
27.351477652087
27.1250467182105
27.4054567914186
27.5303184497341
27.7060512812977
27.8542657472899
28.0262122131438
27.9321815149648
27.4094055109209
23.4587467844224
23.1685800810627
23.3504789464908
22.7816670232407
22.6263514306464
27.5614337894942
28.3896304169167
28.362456803498
29.4012425543204
27.8227439767532
28.4555779392179
28.3047199725281
27.1778749312126
26.9861319684875
27.6100862646427
27.5178642938226
29.4742935790349
28.9957981734617
28.9957008497621
26.9291194815272
27.7108755839293
27.4352582338859
26.4825286426314
27.1028492007165
26.1106022459385
25.8119204736931
26.4343759741477
26.7545369059938
26.7884553896293
27.307489065611
26.6732674515841
26.8198504643143
26.6695114645629
26.3782938909826
28.9470976532835
27.4216938932587
26.8229526822437
27.0856163985149
26.648128859709
26.1397636296309
29.4964855436378
26.508519994599
26.7896627135823
29.29183100661
26.7118728395884
26.4353503273786
27.6444979288852
28.0084710123754
24.0543925182796
24.3920857112443
24.3939853515589
24.601209885537
23.7346346858013
18.6592436907741
20.3484807960279
20.129960443344
23.7974060549362
25.8228931080745
18.623440520477
24.3802286544239
24.6745948554853
25.3957597816196
28.8337770651849
28.6994527467078
28.0208694420261
28.0369815203249
27.9368853645384
28.1962577740496
27.3623743052508
28.7721125216985
26.1883734400817
26.0157098155133
25.8454658286462
26.0080611268032
25.7647949016822
26.9377641217133
27.1247428989159
27.292076507917
27.0060057221758
26.2481922543241
21.8463757390652
21.5034681276297
21.0042385110933
20.6587359027093
20.2360156133897
26.4662353419242
27.3211366843868
27.1745360808826
28.7702328430626
26.6403866478081
27.1397791059216
26.946562471093
26.0786310500925
25.9428612254646
26.6866168988146
26.2785104707368
28.42658058379
27.5660045176438
28.1713541493034
25.7116958386662
26.4142107971044
26.173709556022
25.3080401885876
25.9993616552567
25.2736668306337
24.5915188074758
26.0509926143388
26.4053050005426
25.9819514465445
27.4756229468888
26.6950604342941
26.8641624531021
27.0240096787928
26.3084469740333
29.1445163293789
27.2836822440607
27.0140816967172
27.2484625876822
27.2582918057621
26.1471859417394
29.8363897901809
26.5950089328733
27.0748158480235
29.4725663339082
26.8291850421705
26.7205034618197
27.8827453866671
28.1297679459608
24.2759487027291
24.6136418956939
24.6155415360084
24.3859199478342
24.002606837512
18.8453831411218
20.7098542645496
20.7027999269847
24.0910212708228
25.9266027167813
19.043304522548
24.7968516497191
24.9175487913159
25.4994693903265
29.2823251758107
28.869352194756
28.1905278346271
28.2106342573591
28.4332194736645
28.4880563071523
27.5186272226184
28.4386293488953
26.4992949222633
26.3371921516566
26.1711464274026
26.4130420956575
26.325219640253
26.9359776755467
27.1244241471488
27.2902900617505
27.5313007050733
26.8570792662445
21.6024897349958
21.2595821235603
21.3133419768302
20.7794450651032
20.543135787011
26.8211432269102
27.8010553144946
27.4198171661621
28.8068699405429
27.1203052779158
27.4656314434968
27.2724148086682
26.074965630681
25.7703104851169
26.8705173046915
26.853723985662
28.7793972333371
27.7065809784273
28.1035240680431
25.7957691610463
26.6606935981909
26.3235825034049
25.7026292376181
26.332302231512
25.3323674955332
24.9246959333365
26.0487031341218
26.4030155203255
26.0627475331103
27.6144990545356
26.5523613870176
27.0140601051326
27.3862897643621
26.7963657106105
28.820508592644
27.6157577620899
27.171889876098
27.7979581279695
27.333458575666
26.9030617145729
29.6889061876113
27.5305225221408
27.333299272155
29.2231866878604
26.9474800649864
27.0030016857866
28.4529582122761
28.5484196144224
24.8360141328323
25.1750420169646
25.1771827127263
24.9121757996787
24.4104087347213
19.5665899834393
21.2931321331765
21.6027236177141
23.4979616919454
26.1707621611403
19.9590200086476
25.3763445483831
25.1673876908643
25.7436288346855
29.0712682248827
28.5420894457547
27.8543726493074
28.203907812346
28.9312157659265
28.3873281298424
27.5181193118307
28.8027947835971
26.7976813841424
26.6739955870432
26.4658056170627
26.8727970919533
26.8453111593909
26.9188790271492
27.1073254987512
27.2731914133529
26.9919583185761
26.3177368797473
22.5933933560455
22.25048574461
22.366674936937
22.0986290461088
21.5890833029392
27.2416013769544
28.0625232396165
28.0441042379633
29.4728331561457
27.3817732030377
27.472004764329
27.2530485005739
26.4653313749577
26.4096165022527
26.9137683815623
26.976613543576
29.0319636300739
28.4364834352185
28.6124188472313
26.4423971358259
26.6818748385626
26.6158628415196
25.4541998620972
25.8065576132428
25.0145701068863
24.4772709238167
25.9907057824685
26.3450181686722
26.2885801930467
27.5540356904266
26.9414991376189
27.5426167882049
27.462887371527
27.1606550057676
29.2029594728989
27.6879482380827
27.4690376231899
28.0143282212363
27.2840646019499
26.5888587007998
29.5963832862338
27.1762731150612
27.7640709573575
29.7641777701039
27.5184548276933
27.4122303358791
28.3748095413579
28.5810430463827
25.1570061189197
25.5088467403981
25.3220820469802
25.5758846391908
24.9540368506183
19.9894754646107
21.5517244653141
21.6824024753805
24.4074171130797
26.4546133203926
19.8236938391804
25.313832587156
25.8024021558646
26.0274799939378
29.3906863021882
28.997858838487
28.3101420420397
28.3668106729002
28.8404969811854
28.4622170080173
27.7897591123715
28.7478950244394
27.1068233423522
26.919819867663
26.7549827208739
26.4443324907688
26.6579802436811
26.7401934079912
26.8358201760678
27.094505794195
27.2059699868058
26.5098344739018
22.634943145987
22.2920355345515
22.475214799438
21.5253604976008
21.7069919017344
27.3269440816632
27.8656242955115
27.525540926215
28.6892680236792
27.1848742589328
27.8654003052256
27.6916060590588
26.5833425677448
26.3823967308312
27.1676914857175
26.7770179923502
29.3402848416133
28.2746686655648
28.7109854886584
26.3944656585451
27.2929069574921
26.9133506133609
26.0274484053226
26.2286593799846
25.8551751985018
24.904305986868
26.2439237879278
26.596385759496
25.969262704595
27.971649213607
27.5381489964524
28.2922735497817
28.005914010994
27.6968967974111
29.6516939911964
27.97366488284
28.0886284810718
28.7374587097259
27.9262173869628
27.4490839711447
30.9805203904379
28.4852625617148
28.1309209928602
30.3168518337391
27.9449243230826
27.8083693415859
28.8626312919386
29.3058184750514
25.7651920119264
26.0882234999192
26.1005280945392
26.4689372813177
25.6139401233618
21.1135392552737
22.7229963352696
22.658643353832
24.9698086530936
27.6462651621404
20.6762937318453
26.3268689438561
26.3315759425377
27.2191318356856
29.648342420184
29.7203697850246
28.9556247067663
28.4478379408696
29.5141540316796
29.027006998921
27.9794250813895
29.0042624315088
27.9643924365788
27.8720543437023
27.6420729944273
27.8795577316856
27.6062916168091
27.6994305401882
27.8476450061804
28.0195914720343
28.3465473018024
27.5205272476983
23.8377145789371
23.5360562609799
23.37678204052
22.8071577539878
22.6518421613935
28.1404479165244
28.7161451806021
28.3545413809599
29.7142168892985
28.1492587404387
28.376082453075
28.1966795897235
27.2597979612615
26.6373207639661
27.8485358936645
27.6611584110084
30.0795631642803
29.1769490140701
29.1235744940844
27.189674028642
27.9197887217545
27.7430705531877
26.5675316551256
26.8812843181379
26.37032151044
25.5655138370438
26.7423204442567
27.0624813761028
26.8368611350377
27.5013248331157
27.1277038586977
27.5149953887796
27.23618433108
27.2118665066276
28.9716757956198
27.8437223891909
27.4231905142553
27.6519610185282
26.9906593950062
26.3181215268303
29.5518862038286
26.9131009819047
27.2935426637621
29.6139894780899
27.0596191370771
26.9392302775583
27.8001477795245
28.4678226296102
24.5958174725327
24.9335106654975
24.935410305812
25.0546906831679
24.3609742397555
19.6315116360907
21.4364167058412
21.0189803788417
24.6126222393029
26.4855750781795
19.407317694372
24.9117313916687
25.3750366177958
26.0683100874716
28.9227406437003
28.8388021247895
28.1514561200261
28.0326042609141
28.4813216679816
28.2760307794892
27.4048423978632
28.3928316157952
26.8467138903251
26.7327929206207
26.5038062788896
26.5789101628923
26.3412335419513
27.0369128104573
27.2259597012393
27.3912251966611
27.5012187217336
26.6911246559143
22.772300820805
22.4293932093695
21.8005985676023
21.4408539229835
21.0230069336045
27.1143916302219
27.890192703065
27.597048700579
29.2180132728078
27.2094426664862
27.5392806954678
27.3554859288654
26.4130691514721
26.1328929397724
27.1377399277698
26.8522816239346
29.0855606963975
27.8319834771435
28.6774881720578
26.3093429009818
26.9598138054679
26.8150447761565
26.2361499050826
26.6586743591922
26.1216346523489
25.3528814969899
26.1608651877018
26.5151775739055
25.5724448562804
27.9686979081331
26.962544331589
27.5445850858931
27.0938941898358
27.4504206765039
28.979505723865
28.5607657031025
27.6795617585857
28.2108380059179
27.3036077339043
27.0787162605124
29.4302005360631
27.7627349422526
28.0895742763249
29.6192806957506
27.7275583892236
27.7377336548466
28.4345281500483
28.6282290638396
25.1402535168551
25.4920941383335
25.3053294449156
25.4035406268754
24.6208172080844
20.1026055342879
21.4464205780995
21.7916831823297
24.650664064038
26.7267131719268
20.6785630541036
25.6117049877708
25.7624938633306
26.3094481812189
29.0385071593642
28.8448873377833
28.166540582707
28.6471055926486
28.4638691026187
28.2370713538537
27.9777413216725
29.1105033278383
26.6930757702998
26.5060722956106
26.3412351488215
26.7880712383821
26.9076361120883
27.6519493509899
27.7475761190665
28.0062617371936
27.5609168457179
26.9349797819498
22.5366718332404
22.1940030030762
22.601482096991
21.8358993041656
21.8966814635112
27.3327729593978
27.7138779168243
27.5020654730665
28.3855556958076
27.0331278802455
27.7993496471875
27.6606452266654
26.6661560708649
26.9189348586448
27.0806978407023
26.9308835444061
28.7328744852307
28.0630326267342
28.2153699064377
26.0082354951179
27.1220295643676
26.4982783040434
26.588796465312
27.1592161411877
26.0892409588901
25.8738407210881
26.2216356635836
26.5754079784417
26.6848174510584
27.8722301394646
26.6411520904918
27.5907036145821
27.1298092434016
27.2669717376591
29.0422608428509
28.4404715248977
27.4474907694524
28.0905438277131
27.3981487362432
27.0787162605124
29.6011633381572
27.7627349422526
27.9812328099375
29.3114128259616
27.6072642110188
27.6293921884591
28.3142339718435
28.5079348856347
25.0319117473143
25.3837523687927
25.1972242249802
25.3114857552396
24.6248574730495
19.8221852222341
21.1830450867377
21.6818354789607
24.4436820621789
26.6415420671501
20.5313754526458
25.3971352594293
25.5304228741973
26.2242770764422
29.1012622783501
28.8855855631969
28.2072388081206
28.5749818835389
28.3520922916903
28.0377945401617
27.9083638911248
29.0614816358958
26.7738796549873
26.5868761802981
26.422039033509
26.7532136171562
26.9076361120883
27.6519493509899
27.7475761190665
28.0062617371936
27.4165204829609
26.8232029710214
22.5232001677912
22.180531337627
22.4654581476942
21.8358993041656
21.7606575142144
27.212478781193
27.7138779168243
27.5696787952993
28.5081079796552
27.0331278802455
27.8105691259692
27.652127859389
26.5938380452873
26.8206570245767
27.1268163693912
26.7297854815138
28.4558640254056
28.2323321517211
28.0542864047282
26.018721943842
27.1135121970912
26.5980860047315
26.4090843581964
27.1592161411877
25.8793547114195
25.8738407210881
26.3089039834111
26.6626762982692
26.6848174510584
27.7683066799572
26.8712148233598
27.3517319484796
27.3807989362194
27.1428092637449
28.805473857019
27.9669432042514
27.4326500864663
28.136159579572
27.1605711414858
26.764663007081
29.3133331783968
27.4934418413711
27.7242631708583
29.2118336412081
27.3373080663016
27.3908173305856
28.5135427735039
28.7039436264314
25.0044954631258
25.3476396241667
25.3578128482367
25.0977047569394
24.578145580693
20.0812081127804
21.4703809445121
21.7809143283176
24.0268114796715
26.1856028553061
20.13674415086
25.5125672814718
25.5500936099405
25.7584695288512
29.0973930744599
28.3309298343262
27.6432130378789
28.1594039766532
28.7545482144976
28.2753641849848
27.5992284535609
28.8330537902259
27.1157248386987
26.9979812253412
26.7730560085345
26.7933675220592
26.7745596864348
27.0677060383362
27.2546848155389
27.42201842454
27.1354418011158
26.4607259156648
23.1275889557425
22.784681344307
22.8465011188689
22.1761415969792
22.0691573640719
27.3806392850104
27.8646670379658
27.9189139122526
29.2894277187033
27.183917001387
27.663892431481
27.4916239100147
26.6579681185193
26.7721447806199
27.0910234446209
26.9609128591302
29.2347700038975
28.1175239375203
28.7948045227825
26.6433886227144
27.0559824750424
26.8230373870375
25.8080244199816
26.0557990485604
25.6184277794289
24.7712287957963
26.0414196027126
26.3957319889164
26.0116902972853
27.6004564698498
26.6040808408018
27.1155996944286
27.5227297550096
27.0777929939278
29.1358028393521
27.841701812564
27.5398815104466
27.7626474208661
27.4724876608574
26.6732568308715
30.0163996770894
27.2768983571991
27.5424657701411
29.7450441637033
27.1698237245611
27.1881533839373
28.0515620988175
28.2105681404649
24.6493224005575
24.9870155935222
24.9889152338368
25.1283644914092
24.436495511917
19.8703947688615
21.3704766508893
21.4277399047802
24.6914582455646
26.7506205826295
20.0311718432247
25.46640788583
25.478255806308
26.3268537393359
29.2470304437849
29.1034059103126
28.4248180997892
28.1404020755876
28.8377004875442
28.4552567015453
27.3989224461071
28.4136306864852
26.6075532864048
26.5002614658801
26.2648844562407
26.618442557774
26.8785791035049
26.9453236966972
27.1343705874792
27.299636082901
28.0420103354581
27.2546073351496
22.4361806876241
22.0932730761886
21.9520249102106
21.5159582328204
21.1744332762128
27.4711359450327
28.2104715218571
27.8071173788564
29.4162458876036
27.5297214852783
27.7906950147608
27.6069002481584
26.4527193811706
26.0449394627443
26.8790721503738
26.8520381629856
28.8648865383759
28.2486093577093
28.5413459149537
26.2425966942827
27.0925165519426
26.7197460999259
26.4676145988545
26.9949038864876
26.0338635808489
25.6891110242852
26.0632363543962
26.4175487406
25.9255510858679
27.1281619052863
26.9208245800173
27.6572207287444
26.994273917729
27.1416644815944
28.8490217303301
27.8004827448226
27.1819264953783
27.8190831893223
27.2064867720715
26.4908424232491
29.7432158320298
27.3095220658252
27.5802718702723
29.470127809053
27.2037331163123
27.2259594840685
27.6036420608443
28.535897779769
24.7073830055956
25.0502906170311
24.9416986088725
25.1873802522661
24.4945561169551
20.0208090814389
21.8363511914644
21.6010055466339
24.5298897982639
26.7760448060886
19.9893428621642
25.4323172963404
25.5859741772316
26.3558090716106
29.0771973549984
28.8729360098451
28.1941116497163
27.9021509537902
28.6108103291329
28.1485115745383
27.4779395304821
28.1692691313807
26.984965189164
26.8759504939696
26.6422963589998
26.7836721251758
26.5330204558763
26.8643046333639
27.0512834105666
27.2186170195676
27.634052107236
26.8762386393843
22.8217515222777
22.4788439108422
22.1551040655412
21.4979881840403
21.3777603107442
26.8858185670203
27.5578495499669
27.5243999550054
28.7086405672234
26.8770995133882
27.5406493547854
27.3781627183694
26.2606042719178
26.0742472396535
27.0176340921589
27.1703122118863
28.8110181645396
27.630483273935
28.1298158727811
26.0026622962514
27.0777817409559
26.6972243511409
26.0309583682148
26.5481505146222
25.7871234142175
25.318454304661
26.1204108368619
26.4747232230656
25.909769233778
28.80848954192
27.6885297083114
28.2290498267108
27.6937884753967
28.0814369730817
29.5310675823033
29.4624699316445
28.4281500195187
28.5611280945325
28.1735434696177
27.7016316766514
30.1893433559238
28.2337939221357
28.6165666902876
29.8737248213069
28.4660114192029
28.2964057584415
29.0086375592893
29.0638204379361
25.6728976899041
25.9907020358084
25.8093827246098
26.0374317939639
25.3466784675315
20.3987549510875
22.2016950620851
22.4904284713327
25.4903290716207
27.4576248305724
21.3116043469815
26.2151383097857
26.2822589005267
27.0550445156486
29.3457962560693
29.5442706465231
28.8656828359997
29.2820801609897
28.9455892831965
28.8418414793344
28.5441065225027
29.6210789014146
27.3750225985023
27.1932234505852
27.0572182525981
27.4490846300081
27.5947478769279
28.9827758703732
29.0060435597565
29.3029368022193
28.3929429668193
27.7330143008685
23.4933596507344
23.2027085185684
23.0744385104916
22.9520724709749
22.4238903176431
27.828906707315
28.6178911997929
28.4279767831583
29.5876833165089
28.0510047596294
28.5388932844451
28.5308867944519
27.4749981497015
27.7248754068045
27.8742211265605
27.4058889867726
29.0838594495922
29.0607308571095
29.0338488264611
26.9582176404857
27.9366988861732
27.3641660155262
27.8764012848935
28.3011622171921
27.0956796808367
26.9949643602569
26.8741769113631
27.1930460694829
27.2621796059266
28.6921868265028
27.8864057674576
28.141216515935
27.8113887105292
28.1842659500377
29.3986404615829
29.2050473601018
28.6168099606067
28.2651132719997
28.4933500818126
27.5238293961581
30.1468656765726
28.1355248361994
28.5824893644809
29.7872804086022
28.2523975844707
28.2623284326349
28.8433035414239
28.9270078050741
25.301294704663
25.6190990505672
25.4377797393686
25.8849149315021
25.0860119352695
20.8147422172999
22.2198590141157
22.5746015695715
25.4992769055931
27.405871192247
21.2334273141632
26.2429824344893
26.3163362263334
27.0032908773233
29.5652846081896
29.3102098204128
28.631385460284
29.0934202199017
29.0343068613312
28.9819090491836
28.3554465814147
29.3634219706034
27.6257156775787
27.4439165296616
27.3079113316744
27.5020582465461
27.7154287645926
28.7192182636126
28.7426305570246
29.0393791954586
28.8089302330317
28.1013863490721
23.5110175229137
23.2203663907477
23.1897143003751
22.8876361537427
22.5391661075266
27.640538865189
28.2495402654065
28.5005736169524
29.6053411886882
27.682653825243
28.4611937993233
28.4531873093301
27.4926560218808
27.4758189145139
27.811517307619
27.8534484612861
29.4614476158541
28.9624617711732
29.1380480740438
27.0351007706452
27.8589994010514
27.2063613964988
27.6877413438055
27.94440020896
27.2843396219246
26.6382023520248
26.9076114160043
27.2256895513627
27.0930495738364
28.8392890738014
28.0163235746227
28.3342103585105
27.7999181415884
28.1727953810969
29.3871698926421
29.2151907719981
28.6053393916659
28.4122155192983
28.6496900221283
27.486935831135
29.9219911871603
28.0981647027851
28.5976245016918
29.8192678994078
28.2675327216815
28.2774635698457
29.0007298279827
29.1200016476496
25.4842216377876
25.8020259836919
25.6207066724933
25.6628474857131
25.131243066464
20.9953069655358
22.2930751211454
22.6262444962082
25.5964225748436
27.1901989741178
21.2435707260595
26.4977681068857
26.4134818955839
26.787618659194
29.6105157393842
29.0945376022835
28.4157132421547
29.1085553571126
29.1309816217079
29.0271401803782
28.4361666666012
29.3788584227864
27.8187095201542
27.6369103722371
27.50090517425
27.6950520891216
27.7305639018034
28.8703372251995
28.8940847513013
29.1904981570455
28.9544072619694
28.0899157801313
23.6486969753043
23.3580458431384
23.3350093298479
23.0341319983456
22.6846976866048
27.9365640031493
28.4334361448899
28.590513967971
29.8466531226235
27.8665497047264
28.4497232303825
28.4417167403893
27.4420522480777
27.6330086514673
28.0045111501945
28.0464423038616
29.5913654230191
28.9258047557555
29.126577505103
27.1320120806274
27.9554419523054
27.3235199920812
27.7596812850278
28.0413115189422
27.3814852911752
26.7348771124015
26.8961408470635
27.2142189824219
27.0559216495449
27.6472098787826
26.5352455454846
27.1309095023054
27.5119707688463
27.0233501053424
29.159462834936
27.7337257107795
27.2274090151277
28.4532406473376
27.1933359061107
27.133935783309
30.2038906621074
27.8630149519391
27.8083485288807
29.702527131348
27.43822727691
27.4699455776429
28.7489434830761
28.9495972481765
25.467977574836
25.8056707678008
25.8075704081153
25.7503061084465
24.9440713319163
19.9010233288724
21.554326241605
21.8547975046859
23.7497395065794
26.4122955160669
20.4147113322943
25.3424994476173
25.4537691525499
25.9851621896121
29.048943416444
29.0282371157346
28.3269260765457
28.3549615644701
28.6813177757637
28.3131806078683
27.7588583473849
29.081461304701
26.7241828004513
26.6004970033521
26.3923070333716
26.6818013443553
26.7382873217427
26.7127969224296
26.9088025561323
27.0671093086334
26.6396068455927
26.110096140473
22.7426685305212
22.3997609190857
22.8922086858989
21.8489512113168
22.1148649311019
27.4994149914495
28.0956135181456
27.481665109842
28.6625944203379
27.4148634815668
27.3476209801558
27.1486381120643
26.5360562149353
26.5727494009888
26.5110646866023
26.3713821244094
29.2615008667805
28.7923837002876
28.6814886583799
26.3533831430834
26.94523472435
26.7641035167428
25.443773481371
25.8394558828088
25.0709613949961
24.5099326437774
26.0749283735382
26.4292407597419
26.4549880670158
27.2809173221217
26.5563075719921
27.1254101054216
27.1251000999599
26.9482035701858
29.0422193492453
27.7313970037802
27.0207780249387
27.9709352784209
27.0434147716671
26.8635926714899
29.7397246181348
27.4119868528921
27.3406243053627
29.4804652256463
27.2547143903105
27.0022213541249
28.2492831287091
28.3782996969227
24.9488780304234
25.2865712233882
25.2884708637027
25.4302006336953
24.6602426836529
19.447187364597
21.4477746473275
21.4195150980269
23.6928064261581
26.5381189523785
19.8173110037009
24.990792565158
25.3968360721286
26.1109856259236
28.8959278120664
28.8543454194375
28.1666286229902
27.9836835516612
28.9409953948948
28.2948751761065
27.5566879107867
28.8337937414037
26.6023675233641
26.4786817262649
26.2704917562844
26.4780809508524
26.6371318205926
26.7604460223825
26.9474247995851
27.1147584085863
26.6604189356676
26.142650648095
22.6965881401641
22.3536805287286
22.2820576080515
21.9708922023207
21.5047138532546
26.6947990348709
28.0164088272298
27.9069420644034
29.2052870667252
27.335658790651
27.4608540157018
27.2618711476103
26.3394802923209
26.4171208826983
26.6879982800253
26.6201915188066
28.8434867267151
28.2638602434606
28.745042427094
26.4829887995053
26.8951282736563
26.8281633653082
25.3886700974344
25.9012576257315
25.0907475931061
24.5717343867
26.1262578928567
26.4805702790605
26.1757373755065
27.621438791927
26.7412970161947
27.1587381059041
27.3922695051602
27.1542798326858
28.8169444259599
27.9567997923551
27.4441206554072
27.9890573322734
27.1841755174085
26.6305937700099
29.6910102136775
27.3510898676698
27.7091280336474
29.1798461504025
27.3221729290908
27.3756821933748
28.3561164869451
28.5109497838559
24.8222942805908
25.1652018920263
25.1751340606492
25.3197722027284
24.5329144494984
19.9006433645445
21.3971648374824
21.7292714016809
23.9296658104209
26.2215629663198
20.1266007389637
25.2577816090755
25.45294794069
25.7944296398649
29.0521619432654
28.5466020524555
27.8588852560082
28.1442688394424
28.5342185020729
28.2301330537903
27.5153523808729
28.8173829787745
26.9227309961232
26.8049873827657
26.580062165959
26.4206615723681
26.5797124421083
26.7305676446618
26.9175464218645
27.0848800308656
26.8102526650626
26.29248437749
22.9899095033519
22.6470018919163
22.7016951990363
21.915633018331
21.9245902255107
27.0846141470501
27.5257362864192
27.7039440002563
28.8802571851093
26.8449862498404
27.6753630004219
27.5030944789555
26.7085718923224
26.6149550436665
26.8980296020454
26.5882069094391
29.1048521967325
28.3144778546844
28.8062750917234
26.5464773127322
26.9590711650603
26.7058787914551
25.7315439538899
25.779412181068
25.5212821101783
24.4946053786985
26.0528901716535
26.4072025578572
25.8765901660642
27.2708493065062
26.6170643007068
27.259131846814
27.5925072929915
26.9921824714701
29.2244032254588
27.5291250939512
27.1424527896904
27.9256331339026
27.1110403783773
26.7862474429723
30.0304086488095
27.3267337428235
27.5806636708641
29.6988090327796
27.2964744470419
27.2503660844957
28.2231208873859
28.6641683812921
25.1153554728227
25.4530486657875
25.454948306102
25.4719606904267
24.8812567243673
19.7142746593557
21.3808212124772
21.4239293298174
23.9058820524573
26.6363880383148
19.7124165920326
25.0294292530534
25.597758059725
26.2092547118599
29.3581547144159
29.0591103115852
28.371634570585
28.1822345813623
29.0692558131916
28.3545935238668
27.6283262755559
28.5819352519155
26.9680059518959
26.8443201547967
26.6358979756934
26.6268915453998
26.78594241514
26.3542699635645
26.5412487407672
26.7085823497683
26.8791748707393
26.3197005492116
22.5343058801675
22.1913982687319
22.246768795375
21.5275999365251
21.4691771613773
27.2036502245499
28.0882083561928
27.7199651083158
28.9946734470415
27.407458319614
27.7318736163043
27.5129173525492
26.4269288946635
26.0743055436371
27.0108788559764
26.8880388862045
29.2771030412197
28.2429356972852
28.7806427564864
26.504198679986
27.0960502612526
27.0376857914251
25.1935721895418
25.8111308551831
25.1241111122897
24.4816076161516
26.2332819535627
26.5875943397665
25.9803699960172
27.6559443027495
26.4231267788436
26.9701644094502
27.32535558177
26.9531730216616
28.7319516305084
28.093928185693
27.1351665361143
27.9850658694858
27.0221212824722
27.079537765156
29.9316108588737
27.8087831678373
27.7774937965306
28.971455841815
27.2609099703368
27.4440479562579
28.3002586259724
28.6269307647479
24.9270276310769
25.2699352425124
25.2782844771812
25.1818201523442
24.5031120689145
19.5283442561509
21.0847077407101
21.6748227743881
23.6328653298309
26.2984460964794
20.2151591316407
25.2048079925376
25.1439938213971
25.8713127700245
28.9637073621385
28.5486453333865
27.8614061419918
28.2645439798417
28.4692135130328
27.9932021359852
27.6238799659408
29.0260182176432
26.7105580215785
26.592814408221
26.3678891914143
26.7271121700614
26.8184557686748
27.1791939379176
27.3661727151203
27.5335063241214
26.7536896130813
26.2835365435176
22.8362276818758
22.4933200704402
22.63034192624
22.0964816845238
21.8534735023198
27.2572968280774
27.8821994090825
27.7566110867083
29.0304579125888
27.2014493725037
27.50891569047
27.305917170591
26.597871317522
26.7437173577522
26.7245879603793
26.4749421573225
28.8310637406534
28.5924590477364
28.6289746431627
26.3493000043678
26.7618938566958
26.5888066169963
25.7404917878623
26.1361741893002
25.2244816295883
24.8513673869307
25.959680350956
26.3139927371598
26.3013860095108
27.324330128636
26.7287155597976
27.1901282020083
27.6192496588533
27.0038307618428
28.9756006262274
27.1981821222611
27.2612434846685
27.6552260290916
27.0951017985859
26.8399167579818
30.1921525489332
27.4904519100575
27.3064941313927
29.4439631233709
26.7765086595395
26.9761965450244
28.0354013069765
28.7920141086817
24.9073391645838
25.2461304991108
25.2480301394253
25.4180955518101
24.6952567602652
19.8665560605909
21.6756894749369
21.6249418389311
23.50279748072
26.7043521487645
19.9794862040732
25.3635037695998
25.1722234796389
26.2772188223097
29.1657031519569
29.1191265357506
28.4147740690455
28.1685022330632
28.9365224635748
28.5975877457953
27.4760459127583
28.426616523909
27.0412758784016
26.9175900813024
26.7091679021992
27.0357711731963
26.784938115999
26.5442254841461
26.7402311178488
26.8985378703499
27.1880303281066
26.4052164636182
22.8614260885776
22.5185184771421
22.0694359424905
21.8013900516623
21.2918443084927
27.4150590816319
28.0521935340196
27.8661950148538
29.4401346835127
27.3714434974408
27.2154448971637
26.9964886334086
26.5676615503604
25.9188014184073
26.7251723264567
27.0462826499129
29.318916164909
28.3595752689231
28.7149337172627
26.5561696620513
26.7901787867983
26.8015515577318
25.4230033312526
25.5934771220459
25.1241150214145
24.2639538830144
26.1979297782536
26.5522421644573
26.0849506701844
27.324330128636
26.8387632474845
27.4926720845569
27.5188363870263
27.1423980921613
29.232821580982
27.3001484713951
27.2612434846685
27.9735054665257
26.8646878520276
26.6668419168551
29.939778872518
27.2368060165388
27.3089853443067
29.7131378415884
27.0750618176218
26.9786877579384
28.1362990076098
28.7910717293048
25.2006042843941
25.5382974773589
25.5401971176734
25.6902366355852
24.9665055359387
19.8795716759194
21.6626738596084
21.2525020093714
23.7831252184334
26.7595588481212
19.6070463745135
25.051215170201
25.475001225701
26.3324255216663
29.0828156928764
29.1758858937319
28.4715334270268
28.1685022330632
28.9464989791677
28.5105415256818
27.6221702308976
28.5136627440225
27.0151395557462
26.891453758647
26.6830315795438
26.7375710009186
26.4954160406594
26.4452731977866
26.6412788314893
26.7995855839904
26.9052513191122
26.1206997675332
23.0541538110217
22.7112461995862
22.082451557819
21.7227069132003
21.3048599238212
27.3141613809986
28.090148908093
27.7224953185603
29.3174226542753
27.4093988715143
27.370027512445
27.1510712486899
26.5676615503604
26.0723772028676
26.8797549417381
26.7863765939667
29.2809225455346
28.0650706112569
28.856652205004
26.6661041342786
27.0782436084295
27.1071943726502
25.2637711030223
25.6883740211591
25.2840592139657
24.3588507821277
26.3267962650096
26.6811086512134
25.8385020546005
27.3384128191248
26.8829520153731
27.6542756622787
27.7393544793384
27.1580396854373
29.3772858307993
27.5305702528751
27.3013383858415
28.1559352022772
27.08576597294
26.6596181302417
30.1828167232872
27.3209579182221
27.6526750779309
29.8930327693684
27.2680162829126
27.3142721266931
28.3620738872969
29.115583475981
25.2874313242707
25.6251245172355
25.62702415755
25.8946827154734
25.0753489199521
20.2880600725357
21.8309351725325
21.6004754294111
23.9545915015891
26.6846110561639
19.9550197945532
25.4488356362517
25.6586211475595
26.257477729709
29.3655722223821
29.369852785962
28.6228300823178
28.0931357023159
28.8861697707734
28.518032602878
27.6515162561222
28.4822046015238
27.4211418216595
27.2974560245603
27.089033845457
26.8435669815114
26.6014120212522
26.1491747272091
26.3451803609118
26.5034871134128
27.011247299705
26.1840255111868
23.1032179934068
22.7603103819713
22.4909399544353
21.4474346006524
21.7133483204375
27.5986790034904
27.9898438054255
27.559893800603
29.0374054444921
27.3090937688467
27.7030051611474
27.5040222930559
26.5842454334649
25.9236188375
27.2159560292987
26.6617576503088
29.6425430301758
28.3395252757037
28.8161782384748
26.6700119490215
27.2618635302881
27.2908142945088
25.327096846676
25.5719876576972
25.2758133900058
24.2424644186657
26.3286501340198
26.6829625202236
25.9166058059072
28.2282546197183
27.943618487152
28.096162433217
27.4635383001195
27.6097283601277
29.6121252315366
28.4873047505466
28.0582364742884
27.6890999450849
28.0277569758137
26.8337259307818
30.4320485663971
27.3848252614354
28.2717811128903
30.1289320017199
27.9521056834767
27.9516201810442
28.0910460457352
28.715943300855
25.0604772769121
25.3806382087582
25.1862555802789
25.6260922361201
24.9217474499705
20.2960268748956
21.7435963472334
21.528618806939
25.461335812165
27.2918557811205
20.3131221133803
25.9990575442174
26.0870305157548
26.8771212522283
29.7097843762171
29.6998840432364
29.0266597035992
28.9434594390907
28.6772897036247
29.0092261181664
28.2270729099417
28.8679447253324
27.3470638899856
27.1522014247879
27.0269029581395
27.1299549377788
26.9551829431065
28.0865665920276
28.234310149146
28.4067275238737
28.8840433481077
28.0645322979436
22.6357429063839
22.338074869673
21.9364956410646
21.4449168681781
21.2861839978215
27.3189111670273
28.0312158874396
27.6290031695024
29.1817703550906
27.4643294472761
28.3799578823153
28.303935247429
27.0981661301047
26.7261802994074
27.8784324249562
27.8752141563256
29.199489207996
28.2051009020496
28.4546830284211
26.4413203038242
27.744808800855
27.1477415058443
27.1179538505883
27.5757940490565
26.7746964366352
26.2644312226371
26.8394392590926
27.1596001909386
26.7348539767859
