24.3969170936744
28.3132198963888
28.7226813968591
24.6430376262123
25.0780955343816
28.4205364385553
35.4266577501403
37.8934143763851
35.5547271560266
33.5749126313761
37.6675979686373
35.8983233741908
34.0727608893856
33.9901359607693
35.5413370622982
33.0005574051877
32.3945230710017
35.6284442394575
33.2754696981287
37.3900126323316
37.1763658898501
37.4454780109312
35.6123157576393
36.3239626225973
32.5950999012206
32.8746133072094
25.662326067505
26.1671106045793
25.914621018766
34.2033678581512
33.6773657988547
33.459643864449
33.797620699983
34.7622281155323
35.1896603166711
34.6026018772801
35.252647552503
35.4741349930323
35.1094276525466
33.9443659474086
34.2572306871368
33.5661467455974
36.6459347312835
38.09027925234
37.9303096102862
37.9301407691569
25.6744247518242
26.0838862522945
24.6924606894844
26.0071334723324
25.7138708504371
25.977962579763
33.5605676980111
33.7761615452694
33.9182998870861
33.726795204368
33.9432999028907
33.8843916694185
34.5796166568838
39.2860227948716
39.5639131610924
39.267425472413
37.345035720684
37.1618934103986
37.0438375310849
38.0462831709885
36.8424508422629
37.2543158142472
37.1978823800679
34.1312366313832
32.3366961713607
34.4166533643078
34.308787692359
33.5215537883742
34.1731109380874
33.9437817253962
33.3880694944268
34.2055040830563
33.7978384402455
33.2883038325781
33.4634959457152
34.2546487768148
32.8630714887684
33.7462496944789
27.9860143556992
26.8380196609399
27.9718867744293
28.7610618334253
28.9404856914703
28.1830548756934
37.6176025591502
34.720367425522
37.4079344379744
36.6780974489277
37.249019697207
36.7654012423058
36.5234756951302
37.1058781345553
36.7752055321287
29.166341774932
31.4437079151312
31.1886584093693
29.429670792413
28.3559506302911
30.1780659016985
22.4389429350747
31.4392356794582
22.0924641583999
19.289655346259
30.7710960091809
29.2390567279317
20.4449039457514
20.0946648718275
29.4949028392455
20.5959731375296
19.1952588883393
29.8890993028056
19.8834213226263
30.4604826869875
30.375481693029
30.281845291369
29.3431225915044
29.1388524506716
19.2807622262262
19.5027472273687
30.4480649448152
30.1696125338598
29.9532564786466
22.7698840109624
22.233446001986
22.5541385999651
22.3215271209254
21.8564616819401
22.4896021164071
20.945998538486
22.4318548161738
22.658772501624
21.5217404943087
20.347472876262
20.7035986790664
19.5629479604646
28.7454748046856
32.0761259457464
30.1839575690024
31.4491860057888
30.719705637484
30.5097702620101
29.2925644975471
29.8489996810424
30.1766252174208
30.914399526206
18.9426449084139
19.1501350681928
19.3213023617329
19.3278505358089
19.298655009082
19.0177530534066
18.9828672458579
32.1570755897967
32.2459567737041
31.8236899956063
27.4134977285332
27.1482131002435
27.3323032027631
27.8781196102817
29.231002942977
29.4805084193418
29.8267957272051
20.0376026142585
17.6079922512545
20.1160254923607
20.3080402875815
19.5983238262704
19.3972710632604
19.3776853806563
19.1556658262705
21.756618523253
22.3277435550139
18.4421880219338
21.7428704090394
21.6465083531551
18.2246877296775
21.9914225957172
31.1424062341301
31.2407544116997
30.4847687536084
30.0435711782852
30.73310263805
31.0820720554366
28.4524623219559
28.7029177663663
28.2424372666996
29.1911182941267
30.9630828957959
30.7150505707206
29.2427019998487
28.1688465601419
29.7032271182214
22.152464620359
31.8694139833242
22.4655398950189
19.5822767582154
30.7434949919495
28.9723906844921
20.3613266064144
20.4459009114894
29.5203798218695
20.2854244754758
18.8522385322639
30.1529486300467
19.7847532499163
30.801087382774
30.6986240391566
30.5709636842749
29.6949688422584
29.4913924250941
19.8070221402625
19.4376280012173
30.1179547003501
30.3485192471387
30.3529629190271
22.7221734616407
22.5309323754294
22.9497691593991
22.598253947207
21.6726227612418
22.1189867370858
20.9039719671088
22.2301784836118
22.2881571223027
21.4615276894788
20.0135011448857
20.5802223117692
19.4622462484143
28.5406709208864
31.8788717297448
30.2212652890515
31.3654496206111
31.1638390138084
30.9817237622211
29.6741638531136
30.3329900554147
30.8690457470758
31.1467875907715
19.3278613169343
19.1970340025095
19.3682012960496
19.604797187816
18.9217927647109
18.2014055156368
18.8025101263694
31.9275993755314
32.0164805594388
32.0179749600288
27.2841159079486
27.0148325826162
27.2162108059533
28.1292310543273
29.4927797288244
29.9201418413115
30.0785078190199
19.1752709695147
17.3288177880127
19.6770939112657
19.8691087064865
19.6385885651912
19.4846782672155
19.0772137326945
18.7249796441979
21.7327301894308
22.287436850895
18.5431742827831
21.343345830972
21.9818241612774
18.4789306134207
21.7455115746241
30.942768929008
31.1295706104262
30.4333997154213
30.0649796242795
30.9091074152588
31.2044058818382
28.5892548111905
28.6590493286304
28.1673491665903
29.0882255792517
31.4402510990818
31.1922187740065
29.1832602856142
28.1346577223539
30.0837061795631
22.4434650106122
32.3369166760031
23.1256742742794
19.7550428584325
30.7749463107564
29.4044063250452
20.5638416122282
20.4124294115051
29.4566361693492
20.1754058220546
18.6839713798169
30.1861321000627
19.5682047101869
31.2126792688412
31.1135256713692
30.985171592819
30.1305966986057
29.8945138600249
20.1309582983998
19.9514056873363
29.9283274214306
30.1380722401225
30.1425159120109
22.8091996167638
22.6740976400123
23.0367953145223
22.6852801023301
21.7135975109327
22.1838372195729
20.9449467167997
22.2711532333027
22.3257141927827
21.5025024391697
20.471981544394
21.0540009794588
19.8314253683894
29.1645447674335
32.1047937047772
30.5799797202362
31.5835572990635
30.8749967149275
30.7030377770542
29.7348376106406
30.0495097965998
30.5967730683434
30.9614147330793
20.0159129660715
19.8847245181491
20.076934402941
20.2924877034556
19.6893440428997
19.1878862786938
19.59110399581
32.1269050870532
32.222176409436
32.223670810026
27.7310403743112
27.2979640205236
27.6252077955755
28.4042692957763
29.4981390934343
30.1139684065459
30.2890841348394
19.6327097827313
17.7862566012293
20.1338061580769
20.3258209532977
20.0949438779219
19.9417559469345
19.7053347187817
19.2680830017622
22.3930156724745
22.9480792680192
19.0744826683973
21.9211511096024
21.9777972172783
18.8949300573339
22.3591919930538
30.8377840952359
31.0513056849433
30.3550590050235
30.0503319948759
30.7665125839486
31.0570971939749
29.1002753363993
28.4215649291528
28.7206903475198
28.8761926426173
31.1598734564387
30.9295297112052
29.106096444158
27.9177285756603
29.8261954848041
22.22485743676
31.8130859209212
22.8178403282973
19.5489275582
30.6032912015029
28.7410373262888
20.6595870140984
20.6335846568046
29.027639577612
19.8821537712264
18.2450027772118
29.4269958956535
19.0638984220792
30.7352608724321
30.3715246389972
30.303686903646
29.6841228299511
29.2249314086226
19.6486506960161
19.2879736915029
29.77683586192
30.0205931853558
30.1592944317435
22.4131166819193
21.8673658250657
22.6007462407326
21.950879693282
21.5846305925236
22.0548703011638
20.7900398695021
22.1418374933046
22.1967472743736
21.1346564156506
20.1950927546673
20.6089237142144
19.7552959422278
28.3646299038345
31.753602150816
29.8038598217074
31.3266507875969
30.5565308277348
30.3900474147714
29.4125464152363
30.0029371030597
30.4100152586266
30.8532891184604
19.3182151613115
19.4238133324519
19.7320882688014
19.7034207887066
19.8972627367858
19.6234096766347
19.7640086956455
31.9939760537057
32.0946764429278
31.8842902541739
27.2400147118451
27.0355962116994
27.2684533129895
27.8587371065941
29.062472568513
29.8430061315126
29.9627799742246
20.0500658238192
17.8903656386844
20.123037579347
20.3217980270827
20.0100086036283
19.8597323708659
19.1940609275644
19.199090785716
21.7503503740324
22.3111270854871
18.5911026326089
21.6392562286712
21.0758369574584
18.3736023403527
22.0393494309297
30.4733710412218
30.4601959830057
29.7664740177477
30.2063277431525
30.8658023658828
31.1300768615999
28.3354323940723
28.2055398096862
28.2679583597809
29.4728831780373
31.663778572322
31.4334348270885
29.6497414496037
28.5831229881672
30.4228423194176
21.8690515451912
31.7227045902774
22.1006492035611
19.0996023063641
30.7405083393129
29.4043443126137
19.8317681183496
19.9360487326101
29.3621025517001
20.3511770192071
18.2586614930925
30.0088581511984
19.5135641824635
31.1559431157301
30.6909530760113
30.4942439419632
29.6473635924393
29.5164410825069
19.8249076277111
19.7505840477118
30.7481266097316
30.8495645203628
30.8246874116645
23.5419865399803
23.0297325498156
23.221609256249
23.1680799464075
21.4926765648097
21.9390405406537
21.4037495656472
22.0502322871797
22.1082109258706
22.1731858773611
20.7009597522672
20.27551436423
19.3728949205697
28.8190759384073
32.3931969972082
30.6801477034049
31.7851410239909
31.2063256124315
31.0398421994681
30.0370576591526
30.5612575690587
30.6871261326601
31.4010195011535
19.8489232818598
19.8661910579356
19.9782273054182
20.1014532972809
20.2223210480776
19.9414190924022
19.2107213595819
32.3088400651774
32.3977212490848
31.9954752322363
27.6947885822537
27.4865260982162
27.5939465547998
28.6523331640586
29.683386663366
30.1790998217319
30.3478833246811
20.7203904450924
18.6442226451619
20.3201127266901
20.5551977735382
20.0087806867881
20.553264546477
20.1454345790482
18.9867039283492
22.227713658287
22.7369869983698
19.03347154369
21.784531675123
22.0867143105041
18.8159712514337
22.1846248773816
31.3872610640135
31.5165689943859
30.8235407527963
30.8616055393041
31.4714974894013
31.7830819424459
28.8197828311531
28.7803800737256
28.6097577758968
29.2288857525616
31.4327538300767
31.2607948922034
29.1687458359225
28.1494069842149
30.15228229776
22.4877209925457
31.5674022867057
21.9344216990046
18.9486601487792
30.9635260634141
28.9431623034967
19.6691966771859
20.11369157391
29.1406427235613
20.3164720547126
18.1487747070727
29.9075599821619
19.6907398073129
30.6754883558142
30.6005607468321
30.0831631664842
29.3486739836729
29.196064218893
19.2406177805178
19.2886698735091
29.9713755837597
29.9641637707781
30.0824633743368
23.0494129211636
22.6495414990903
22.8661062330183
22.7425195588586
21.2499833873899
21.9069995546531
21.1216638814253
21.8257253432126
22.0488765278629
21.9092864265919
20.3902999565094
19.9931844889723
19.4488038374239
28.4783265221382
31.9556091145137
29.9251557073632
31.4343727088
30.7209973965417
30.5490384586684
29.2107302966456
30.0870414863569
30.3541438033579
30.7008855283852
19.8769970149257
19.8422025571203
20.0312206996657
20.1829018898743
19.8915296492688
19.6176765891177
18.949754670056
32.2517470863526
32.34062827026
32.34212267085
27.1478662511331
26.8948493332798
27.0420336723973
28.1530380486789
29.2397538840758
29.6508730401715
30.0380555254686
20.3608222315377
18.036952548484
19.9605445131354
20.1956295599835
19.2699850763379
19.800067434967
19.5207870131432
19.0525000710136
22.3564485101398
22.8660916861483
18.3489330628669
21.645223940934
22.0709691001967
18.1693804518035
21.9317238088045
31.0734886373115
31.1117524102098
30.5103006798803
29.9671544509446
30.8163328880649
31.0698774358288
28.4420185259076
28.016843967146
28.0201128813074
