9.99061410771724
9.13552507095147
8.49718311803894
8.98741803877648
9.8374412917704
8.31144370771733
10.8472320097074
8.99268414128092
10.1763201109104
10.1067243468303
10.1489020350488
10.2491992876949
8.43832195199201
8.97466711464385
9.84054807258163
8.53057530149786
9.62287927718759
8.80622250821489
8.29985249365887
7.94210679706094
7.20216331507122
7.92833872052948
6.81561271351245
9.10331370958469
8.89167047847361
8.97374389294247
8.5399131426355
8.44866803362673
8.25639570496341
9.73555646149408
8.53392478187568
9.08565733175462
8.1314972683504
7.6052799916047
7.84797983067831
9.39804049302963
9.26110692000401
9.04102615596434
7.79398129988595
8.29777516205989
7.81238058740326
