6.01120069172917
3.73314165626304
4.64424645563223
4.37176109046494
5.37434988814102
3.96775677051198
5.39379798847038
3.92024154967701
5.15744546160202
4.13714597621601
2.73055285858697
4.24024213567926
6.41520501168214
3.00303822375427
5.17800109975713
4.15659407654538
5.80631374674223
4.56910983481723
4.77399677980417
4.97034556818804
3.75258975659242
3.40704254370723
3.13455717853994
4.98979366851741
10.9885682529741
11.493747876937
11.8666373715282
11.5124483608051
11.024237110696
11.5372672781757
10.620232790743
10.8358276912635
12.3548486216373
11.6214742083318
12.2706416914812
11.3906193934462
11.1084440408521
11.89775219689
11.8788306435553
12.6311266101955
11.569202104569
12.191499908816
12.9350183384211
12.2271222902425
11.1332629582227
11.1651977846161
12.2828349635083
11.7946237133992
10.4318233713106
