12.5626287709288
13.1763314309111
13.3245374059384
12.8956195472171
13.5395792942502
13.4909299400476
13.2733547987241
14.3064128104247
14.280129214779
13.2470072963382
14.0355540641784
12.489253241823
13.9206208638571
13.818468214987
12.6481502724573
13.6642257900601
13.120999699193
13.3000488170073
13.2897892524318
13.3217747587838
12.7998707049312
13.8757204677047
13.6193788982437
14.4726577565161
14.2901969690315
12.9366969127982
13.4669591427156
13.1000122710263
13.2908363777246
13.9733130550617
13.4942848482803
12.8451512940305
12.5787690438537
13.6118850829813
14.2028304343
12.6064734705494
13.0326520036108
13.7242975399342
13.59345195404
13.7669040115961
11.6504008807013
14.4338115927526
12.7331945424329
12.5209575315545
12.2175612118224
13.6324965804601
15.4311674409884
16.034499300543
16.5506587686851
15.8617568144779
17.397068100733
15.9163394028798
15.28434524959
15.3218788013905
15.4824461091389
15.723928261412
15.9473207575729
16.2431175656382
15.299069050978
15.8169897854588
14.4160889870656
13.7004778455068
15.5299466105659
15.9424420581661
15.3569043555954
15.7310970436933
16.3582765309409
15.1706692289213
14.4758753902836
16.3258349886418
14.9759203442019
15.2725792514319
15.4963873582757
15.566763148468
16.5231085106722
15.1453352334959
14.9597468740463
14.9162132570795
15.9120130453051
14.337833242054
13.7069478008519
16.4600920526233
15.9484563565224
15.230423831566
16.5591689109256
9.9218797558024
9.52099110818303
9.67429247500785
9.36712175617669
10.1056332164851
10.433507051627
9.08234648607562
10.122295394648
10.6225833235293
9.01608762228483
11.4253219417366
10.0349570216379
10.9303827993964
9.91662591529977
10.4261295449842
9.78857734035363
9.84725553785819
9.87903650720813
9.03862641407192
10.267648114305
8.94389525018809
8.8438210387496
10.7292621752865
8.65446896373462
11.853258112479
11.171894691465
10.9941869672352
10.4347411115772
11.0448463531528
11.0365576260318
9.83758636620872
10.1879513151631
10.9061866618053
10.497992010885
10.3013102826854
10.2676559766148
9.98075836499064
9.61609570886552
10.2567427095795
10.5414645494407
10.1976139939118
10.5557630819638
9.85786321635175
10.2422910005221
10.3559070763549
11.1132585605637
9.31080769285202
11.8989838325499
11.8018385461226
10.7223150971434
11.5964852295661
10.5996701444131
11.2651713497818
9.12252194755177
7.54905497179011
11.7337707435138
9.9078673248991
11.2610209600613
11.1965574958977
10.1738788864287
9.96463932727027
11.1608654331763
9.88719148255286
9.68179513208479
10.5495892019297
9.93164417779836
10.499409117632
9.13949876653053
10.9888601445159
11.2860818864605
9.11142332213334
8.73066444705359
9.11127480679061
8.10484166031949
10.2555922446367
10.5898375961825
10.8699295715067
10.242542027606
9.4352739723609
8.9667013367357
11.2594796032484
10.1363691405989
9.57046536609664
11.2150381139655
10.8782320487923
9.53470563714463
10.4248041750593
9.26840032791361
11.3519049898119
10.5184135476566
10.8840092298015
10.6583534279807
10.0496455406364
9.19761916139042
10.3533619123223
9.02075718659934
9.3378932581389
9.93868367421423
9.45829742272056
9.80279416875391
10.8476273536373
9.31363329442237
10.9622382634376
10.5633834931484
9.70208723522593
11.7501652832102
11.0859518544689
10.1324655037907
11.5474623454227
10.8804977812546
9.54206285159299
12.0596624695522
10.7517939366443
10.384611894346
12.0772523887304
7.27500420616967
11.1715997368016
11.4410841118163
11.8780845501232
10.7746088114725
10.1393898331419
11.6034362275498
9.43462321721872
10.5642244213644
10.7468626132701
11.1571546211962
9.99543293668582
10.8989333460785
10.5540331302816
8.53203061170916
9.49286506440837
10.3990583142465
11.1961969900414
10.747926474811
10.9764450271632
11.1170981253213
11.5518816248636
10.3340167498794
10.1102534001388
9.85509359809319
10.5997441576498
10.1964023221978
10.0807649861984
10.684837277905
10.1364998860963
8.63221869960433
9.68393972270385
9.9806478854219
10.7577183333247
10.1102290986973
11.258164534271
9.9495530069733
10.2220151266689
10.5413902812978
10.9892884724398
10.4333167038905
10.2803691154906
9.51399530965024
10.1973404248506
8.38948563806967
11.5701645811983
10.2026239933805
10.5949721013775
9.79376657016448
9.86486567209195
9.80749839317495
9.4331353894586
11.2948821335322
10.1986495959562
10.0007900803408
10.3663548319589
9.26729287131246
11.2645028255123
11.0382155681459
9.96170896137068
10.0944381642155
11.2164300757229
9.89153161104143
11.0334191609276
10.328056676758
10.8745686227462
11.3336996367473
11.2711745739108
10.2702863150674
11.3301906156551
10.62543696239
10.7775955247014
9.57889700738798
10.9395864375536
10.9879593106365
9.81430198354644
9.66854019649085
10.1715635357644
9.98016287578976
10.7767182553015
11.3847195645864
10.7685550422268
10.6395631431535
10.4291961480909
11.039990888651
11.3059227363321
11.5667879940196
9.89874478441217
10.7691858530554
11.1893403164745
9.20094237522382
12.1092122828043
7.4752438626788
10.6108680540165
10.969802650057
10.9957613503144
9.76757744633327
9.71405822110604
10.4538625130912
10.2762087412552
11.5026135126734
12.0379222996034
10.7354703883084
10.4426576282902
11.5319890075249
9.90455473422966
9.8179515241934
9.6780744410257
10.3081131190975
11.7720509897903
10.3138503244844
10.9485316996126
11.5005611832141
12.0378476681131
9.27979991990561
9.26366914134125
10.928793524775
11.2883808286863
10.0324145894311
11.0584256567218
10.3013310420629
10.741722399288
8.7879908301282
8.30025416472338
11.1659736312049
10.7385324176819
10.8106173220011
11.5798165607355
9.88349619463257
9.94372008204532
10.9075637175755
10.6938452128136
10.1723460275876
11.0655929608573
9.6654555687499
9.97272460586698
8.85235423402224
11.2186118613734
10.4436098596518
9.78210081665116
8.56929361330609
8.75968849857189
8.74073920969077
10.0908442316393
11.1519165410354
10.0107921189608
9.19740332975567
9.25760519508511
8.69623907592189
10.6394956446539
10.3342987135747
8.65420114818257
10.1379331402168
11.2994152294944
8.93436619390053
10.4595372381359
8.74383702014272
11.3945426995549
10.6527248635372
10.4829860410879
10.2763533730311
8.16759967314206
9.96510739221853
10.7069650929442
9.63877766355171
10.1317246391998
9.47069814771465
10.3628963179235
9.8905137208692
9.40277705546438
10.4139547034902
11.1650942259558
9.98758701085903
11.010993025723
10.1379558756906
10.3625353821738
10.2650790015152
10.0043140216488
9.4017485864922
10.6057006295622
10.4147193202167
9.22164097529043
9.95487712476324
10.5365289447204
9.63690616972422
10.6916096635944
9.48789614839857
9.50030492826019
9.85209620243223
10.8401079831061
11.5841027413488
9.70597612468152
8.62002258218797
8.68022444751741
9.81624339044182
10.220103993344
9.94066178769534
9.2794013922937
9.42143833707119
10.9806246013827
9.58580201685876
10.0205571286437
9.36341287221438
10.6296155938162
9.82209196918901
9.64351904473921
11.2119062271307
10.2811384368609
11.1303830318605
11.6215868322808
10.714404278147
11.5086732650249
10.9790801591706
11.0854469239847
10.7208851345236
9.71689304045673
10.2050780684897
9.98894531259934
11.0657224936206
11.3294145351135
8.77127495889356
8.92908812340127
11.5193353124397
9.83906613244758
10.2131143607078
10.6510228198445
10.3417497526908
9.74409172764062
9.2796597550548
9.52070889479027
11.2361876792106
9.72150360981351
9.64858823664353
9.56665898431664
9.40705867786211
10.8684351470399
9.90552072018214
11.1060490842015
9.02144765264281
10.2221185439529
8.8096017757755
10.0667688334752
10.3213737834463
8.8083725087564
11.3221953838264
11.0444088919645
9.63605312603653
9.51836694639007
8.39844395856424
11.19260100433
10.9873316015265
10.8262578371041
10.5422965646354
9.4990286745413
10.9410482093804
10.4436366205724
9.83386203357335
10.1861323015763
9.48458336919528
10.9253653263662
10.4450669552564
10.2594143898433
9.86450832436549
9.90030538971084
10.7381089129009
9.3542413944513
9.9058336967256
10.3196733980293
10.2435249405896
9.68456783003079
9.32198884802043
10.1501222314638
10.1341118308059
9.22518640728572
9.82779103231471
9.15004608506714
11.0667179426477
10.0960592268703
10.4404372929289
9.68526434128244
10.2054570969634
11.4398161903366
11.1015767951301
9.83750134759364
8.09083840109726
9.64417988743162
9.21689668843235
9.50315743055744
9.92838566244158
9.49059549770499
10.4518470651251
10.1895723445948
10.2774275741998
9.5398135813353
8.85672438428016
10.5756121351069
10.3436119883594
9.71181935015254
11.1408087969385
9.67722132651937
10.2223799568847
7.94329060183262
9.178195323587
9.41668962512167
10.3311044176545
8.64838774573151
10.584890820547
10.8985867194278
9.10823610085572
10.6687456872262
9.60146449203383
9.55361291142431
11.9493901216025
10.9774857349562
9.41350238748384
9.93884895057533
10.8521734278663
9.4226090847048
12.2278931681741
10.5813201332547
10.9332188398168
10.4663132685917
9.0642892632215
10.3788834177072
11.2735473030028
12.0095932008487
11.5696919218262
9.86390531002375
11.0649160540912
10.7398923384193
11.4351992077068
10.5329196076116
11.4091061304188
10.6708341453196
9.53239473253099
10.2787746860469
9.50230851502875
9.21170871879433
9.7227213118783
11.4705372718391
11.4265365257825
10.1297865517669
10.8321269958229
12.1307631175895
10.5103736010703
9.57062831222658
10.9741425887675
10.5319184592992
9.21612179916067
10.3094216700431
9.98531093773911
9.50230642621147
11.2484247881383
10.7973192434891
10.2167900527633
10.5746448190782
10.8219349458415
10.1067547534266
10.2312177044029
10.3149384053917
9.49212501846233
9.95069345606489
9.8702483330767
10.7478574606139
11.0221305861896
9.92313640506426
11.0022720526359
10.0236666505806
9.9548825486894
10.6679571207086
10.3941528487408
10.9276326572757
10.4467608983024
11.9886717378951
10.9150509597355
9.6097738631174
9.7864766227726
10.6957964810484
10.6093711129984
8.88206483629556
10.4897430919651
10.2481871677371
8.86949694469332
8.68447587247982
10.3528070161938
9.80629416623218
9.664375554035
10.3533658785254
10.6040396701524
11.1924853835415
11.2348604393944
9.6766547492283
11.2274755237157
10.2301694692207
8.9076185509206
10.8133067092129
10.4381690153864
10.6225427937174
10.0074664158455
9.86199036588273
10.5119496701453
8.99031442011344
10.4819917593972
10.127628095151
9.71087473023844
10.1581728596932
10.3397165634442
10.3757426572041
10.7430794485717
10.6453187652936
9.93454353722858
10.6853676248335
10.159179285898
10.5464225417343
10.3770126907487
9.28170124567649
9.99580119525283
10.1767389040071
9.44526701609198
10.8130301865864
9.10052059866368
10.6673096197202
10.1247704788534
10.5747530754383
9.42858220663607
9.05707030230131
10.3104134341654
8.77007794785071
10.0563422411973
10.4584547136969
8.90859937685338
10.8380149377833
9.48748277562578
10.2436154043819
10.8988876986618
10.7487831708764
9.82008550264995
9.00116450183548
8.95293195024238
9.9021661612593
8.3113551580046
9.28832823724638
9.0593091013253
9.27272803022039
9.39851185996175
9.90277857442525
8.93930267153614
9.87751547001555
10.0988689308787
9.62955436460114
10.6661930343993
10.0133046940089
10.0118107625999
10.8658478874989
9.99634680557863
9.52939268313935
10.796080811054
10.0382540235064
9.67008253931996
11.1817712077409
8.2302888437107
10.013610282378
10.6360709715543
10.8928361059637
9.68308255772879
10.1174236454756
10.4922500056819
9.00275757352565
9.89657325967741
10.0792114515832
10.7427459643145
9.9685289374347
10.3693122878488
9.23888984766566
8.78301830192564
10.0755805927236
10.2376373508724
10.2470142586176
9.69128239095949
10.3466890692611
9.89709495091214
10.5325126938131
9.81375180900009
9.40319125385184
10.4720390819776
9.77631384060124
9.47258225283993
10.281080880252
9.62924717917504
9.58341766419919
9.70333549249901
9.91573363393962
10.6285203934113
10.2503592314528
10.3349702125592
10.3527784695474
11.3228667449034
10.3517190184753
9.58792713592283
9.84417249750016
9.69522373883222
9.18855753854805
10.1897639369137
9.40120324880912
10.1967729836428
10.765014810324
9.54921120344686
9.98614729227997
10.8980340839607
10.6890566926038
9.88656824081454
11.2951195266323
9.72689895531782
9.09457175453928
9.95236962725691
10.153892840847
10.1816861917465
9.22353047090104
10.091685222298
9.55477979080744
9.3303565311781
8.7544048670725
9.88142667105168
10.3025365341415
9.25190704246555
9.55615574646598
9.60751313922263
9.74235843458727
10.3411163793236
9.77223061888507
11.1409846748576
9.38859824542981
9.77361358214809
10.7755126213041
9.70081261453547
9.4395237940787
9.8621784583375
9.83782894623072
10.3512582960664
11.3883639009054
9.93822285973252
11.1524511837968
10.6354320930864
9.07168916095017
10.5092349002542
8.9185090794568
9.40284404614176
9.33373112373824
10.3544525547955
9.36585925166342
9.23318312109212
10.2918333414989
10.2470978613775
11.3865822809523
10.3512597864458
10.1495035134268
10.3836348552267
11.4628981377273
11.4067970083398
9.20441306148647
9.17030301220753
9.67226718671618
11.1316277299457
10.2161126694485
9.93225253694161
9.91847297405653
10.2994847445517
9.55062907138536
10.4798977869262
9.47624938721467
9.31904465021569
9.58521935109218
9.16555027648388
9.30325347467374
11.4417200843824
9.20765828290196
9.85787771550366
9.86993951703045
8.60602194135961
10.643713855588
9.60386010323376
10.1191168555386
9.87832900384777
10.3515383221973
10.0598650881593
10.8755802600379
9.06966532035875
10.6597687663738
9.97501107880032
9.43948931360686
10.0408339945924
9.91220693705727
9.49891388619258
9.00706829833671
10.4212974327513
9.06241902613033
9.61184184565856
10.743291313178
9.8370358967477
11.0947124492315
10.5596499262526
10.4989829877351
9.91597475711454
10.7626702840075
11.5942356924265
9.93230031877694
8.95317522216413
9.57955537723451
9.816330473809
9.68875162715951
9.74036725365615
9.45071704999912
9.69390241536865
10.2791778414571
9.74535060333053
8.81964350430857
9.90282800663624
9.42931846652944
9.81085781911607
9.37415545930234
10.8458328960577
9.32511624109833
10.5598180230015
9.3655912987771
8.45462895733946
10.2489587436875
10.4304331551098
9.67741880312006
10.5722499961424
10.0661613137885
10.3675843141798
10.8511421777039
9.90886018635396
9.93405034848271
10.7745773385278
11.0772701764586
10.4886147142249
9.25914645557201
10.1516081911976
10.4262698359044
10.8714294206853
9.8680530748662
10.5885181299253
9.58232876386312
9.06273219642063
8.80781557835879
10.7002095532267
10.429936559069
10.4164168288743
10.8630159212309
10.8580821527105
9.92092974388655
10.1377867623025
10.4077934226113
9.95412703919526
8.64029036100732
10.5031149759774
9.1494485323389
8.99723993110922
9.10947399310221
9.64512157691161
10.4407649604008
10.1826255072062
10.8290102621691
10.4696260129943
10.9464859073123
9.67765981997069
9.47349144383796
11.740876274774
10.9248072156487
9.84858079515679
11.1193805145838
10.0334924328003
10.551206015034
10.1712784473771
9.11556640072649
9.99343367956067
8.95036177067035
10.4116404537978
10.1882912866288
9.95573990008563
9.51908851574539
11.2215384735336
10.4980841665959
8.97873179210202
11.3276331782889
10.1787991708997
9.73980164631132
9.16499723162167
10.7780538451373
10.722438662532
9.15316201876495
10.3005853746756
10.1306807474339
10.0320735244593
10.0660452064548
9.21144401966144
10.9181561330996
9.78822749136562
9.82018722476589
8.98385830530086
9.63494035628485
10.7065181819559
8.72023086434812
10.5884546247746
10.5054989100823
8.75601869017481
10.9418043840964
7.59420389636723
10.1861490230174
10.0794782445304
10.7880147220122
9.78717489086855
9.18320072786807
12.0724788435251
11.4166669494128
10.2038026720144
11.4417585323614
11.1065304279308
10.7462109683753
10.7024707941514
9.70912882480554
11.2692730259576
10.5203262381178
10.7998227128083
12.0067016674208
8.27115228511922
9.71802667074309
11.2820144368185
9.88497338049629
9.91166244842264
10.3621037813417
10.2469954409231
10.552778163004
9.54863111538557
9.40166515038289
11.1538224576532
10.2528677905763
9.27075538695772
9.12136250872457
9.1167238471656
10.4735957227649
10.0751132679986
11.4016545148155
8.86270540809485
9.95980656479264
9.03781296750837
10.9822489758268
10.6952374069963
8.46356861719832
10.8753077372663
11.0305184648091
9.24059102453847
9.60614159610243
9.40403231709608
10.6821074995817
10.2372842943937
10.4247317097829
10.9032838078218
10.8855613455663
10.4443571613166
10.1043925618216
9.03154412358909
9.25518000262723
9.91141738318112
8.49240764512005
10.1922638984886
10.6082708155292
8.68635054915001
10.0516459563631
10.6911241772724
9.26541532160542
10.8538133588469
9.50932129678169
10.662375727714
10.0541298656921
10.3279241651287
9.42474451087122
11.4790896897658
10.5622351254276
10.3755184956166
10.9572504942807
8.95300461417478
10.3327120463165
11.5042730577122
11.7484390614929
9.95287336832884
9.74511728318429
10.3377226102614
9.46900344810891
10.641316648473
10.4902912127696
11.5167029065175
9.51025902313179
10.4680518211508
10.6421605647378
9.06860515336972
8.75184970573788
10.035494362683
10.2948167461899
10.0327475350034
10.2496878291349
9.89423415354349
11.6209089015502
10.0874948123874
10.6770040820401
10.2991520656732
10.4846613142806
8.95067160183653
9.4424647986948
9.82220028720808
9.46310120383216
9.89865417211527
11.0247202499092
10.1115428183326
10.1914528248857
10.5808532331576
9.39897523632978
11.3940260704514
10.439849519555
10.4832328692298
10.0745032291879
9.09295461868481
8.01729210782515
11.2651028646817
10.8459438678953
10.1848648374196
11.7236345966984
8.52339040777962
11.4739950234245
11.7298148472999
11.7070172629259
10.6578708967208
9.70655490099315
10.711530424227
9.51130195589573
10.6525203748884
10.5131182965872
11.4837604547836
10.9081383947309
10.7281350737772
10.9267215591563
9.18234178544151
7.98150164057863
11.128555783377
10.9476931221383
10.4913283730494
9.4495328974631
9.71294334826948
10.809664108809
10.611659096002
8.54936709367011
10.8678062922754
10.0618914504054
9.61486762171027
9.73055675480417
9.49572253950465
10.0208913463498
9.96104035092624
9.38366847243507
10.2127503080988
10.3286162941021
10.4226964045591
9.73827741778975
10.5751531916578
10.5593314227557
10.1228235600141
9.50102217160306
9.1468513537483
10.1725223698423
10.1145873980264
9.22084476963508
10.0517641640827
9.75147411485225
9.99640782203492
9.05597717387712
10.3878447021289
10.2325279080787
9.40795145686428
10.59360098819
10.023549711497
10.0511315929395
8.898313058458
9.55564857609933
9.85730724644385
9.6936038980584
10.2850960760766
9.07481106913467
9.27430439852774
10.0326685786913
9.82138247884745
10.386295628127
9.24607419834857
10.4262390170898
9.62041974019811
9.98385764658136
10.3563357463396
9.75739369156732
11.3875649982786
10.8499441951947
10.1296972090791
10.2934324443252
9.31241722385556
9.79142860787012
11.2870216969797
11.0411323661209
10.5892374655691
10.6879527759669
10.209101915858
10.6689718516775
9.07435018393563
9.74661234005607
10.3522092412521
8.79002261038679
8.84351906433252
9.59881871862846
10.4587198179942
9.79828599099155
10.4256072072553
9.83834090801723
11.6124660637948
11.2366945025376
10.4578181216013
10.5747961454561
10.6732067890469
11.5933841390361
10.628415404079
9.93240287791166
9.29449162542323
9.37609460057244
10.3854589483212
10.5856892681607
9.19512047175388
10.2780296068953
10.2531833104736
9.18964441212339
10.217982651124
7.91965981406095
9.87423916306595
10.0455546295159
9.2637564278479
9.92015320611731
11.5261895939059
10.0595365976214
10.9259875131311
10.5123414140561
8.49720836082134
9.52158819143057
10.3878891269352
9.86814215125224
8.24948945194641
9.41582821794121
9.78943129526631
7.94539698596936
10.28144007814
8.55805273791863
10.5623661065827
9.4580496298628
10.2636390100804
10.7191302770833
10.5220517097195
10.4277088703573
10.2025491838144
10.2740358727757
9.78201358111362
11.4184422044548
9.85616671036641
9.63421020623916
10.4740996519134
10.9748638646377
9.82420790989082
9.5509568291962
9.98001381867167
9.36728181702906
10.4596073528089
10.2362416163571
9.66799795858359
11.1203575191619
10.4916506604164
8.67405070127892
8.94921758266123
9.45347043349011
8.62617701682685
11.920179493465
8.26427051640539
10.8148207178534
10.6495118047041
11.7941165017325
9.18696798501726
9.3937584166317
11.8597894339456
10.7965453668918
9.6109906921297
11.1277874697916
10.4484805831895
10.5945682873829
11.3848452233969
10.7374210147493
11.1827500239349
11.3577686713789
10.885588066607
11.1556739083557
9.9169685785889
9.73885326964278
11.1299907555873
10.2332238612991
9.33420884692694
10.728484463192
10.554576570942
9.34345512244856
10.87397178859
10.3475489258862
10.9870450132587
11.1870332293661
10.2198221745073
9.93103131426848
10.5352459439407
12.1328368188694
12.3650185047179
9.72439621661277
7.96936221339223
9.43491014092852
9.91563715699611
9.78383450492094
10.7236027757383
10.1623758442744
10.3139312583225
10.6813541987402
10.5383720844574
9.09965274379328
9.26996436655624
10.7709701464235
10.3086846225555
9.33064998746389
12.2399879971551
10.0841277364443
11.7001494622015
10.8285554781446
10.1941171407555
11.0920682800896
9.84780449621805
10.6632240480183
9.9431083862839
9.83830401360981
10.6854259688316
10.3069298566946
10.2890924543169
11.5347832842491
9.34675940534895
8.76464052718796
11.2660054258325
9.80516683652066
8.51414252914901
10.0894076022568
10.7551019223752
10.6623247402519
8.6874498148865
10.8528185888561
11.1141795292088
10.8540458388514
10.2348535781163
9.82060917339457
9.97790941183993
9.94938164493139
10.7408099803926
11.0371043070768
9.98819300508446
9.96584133227402
9.94343561726139
11.4796249528713
10.4208656095893
9.47906824164758
11.00978624842
10.2792663702287
9.54882306380237
10.164392295291
9.43489724296876
10.4039417093887
10.3385143850658
10.8068108761704
11.1274275574913
10.3973076857454
10.4350233488195
10.010528893639
8.89358749373892
9.30538458049307
10.3999101713852
8.69647816469776
10.2443242311608
10.498438173859
9.03399122259082
10.5745602487029
10.2987240398682
9.25492428926454
12.2255594352785
10.1486882862588
10.1647575458268
10.176873836024
10.7731592685041
9.76302071938318
12.0886840191432
9.99948007413527
10.569313772161
11.2274055847496
8.01782868510073
10.186089170877
11.0144378181429
12.2181222835739
10.5809416397233
9.81956878062647
10.7506629633841
9.84063901939816
11.2493113680467
10.6732750365707
11.1571095225735
10.0096539805412
10.2845100783804
10.9980702698459
8.82450421552802
8.18309445972287
10.6143775755896
10.5912964675816
10.7394086283912
10.1542654261355
10.9780720009844
12.1641533921551
10.6152242568191
9.68909233990883
12.1971323487463
11.6337443884188
10.7375770784996
11.3647734720299
10.6835075904397
11.310179090245
10.2394165039442
9.99340972330054
11.6376972679475
10.4029749032059
11.0966720706913
11.9264496183716
9.07167420675782
9.91652595731885
11.6815608089369
10.5544465777991
9.94312063013001
10.4468423527063
9.43832769867652
10.2806983728287
8.73298561021694
10.6647445562534
11.0760569100043
10.5545336248983
9.83964359451589
9.07296147087865
9.50555315077774
10.5432534768987
9.98288491358054
11.1765114258393
9.29684573356219
10.0119666467901
9.42371962194798
11.585620759694
10.7195394056801
8.11943264101001
11.2128400198586
11.7772570060891
9.35328845480498
10.5886278584198
8.99204947183663
11.1868589546301
9.91281742118407
9.67162458914729
11.0625954211178
10.3841108829658
10.9179073845718
10.8150842018779
10.1254557022948
9.76735142531659
10.5808186488902
9.30423549594937
10.1939533786406
10.8234424539691
10.442981908324
10.10758714628
11.068804061605
10.9668024699969
10.1761015364863
9.18138668255106
11.0120368059084
11.573905063937
10.922188305024
10.2512504865649
11.5568564476752
11.7948936389363
10.4633897223084
11.8073940818863
9.0266869721931
10.9994717961161
10.6833161370992
11.4033280123796
10.6084327823538
9.51925346569046
10.4343085283688
10.0099465001648
10.567969774952
11.0325219680868
11.5583190881316
10.9438945388576
11.1895367307703
10.2769280601711
9.49359262452655
9.42101316506339
10.007835535977
11.094077076775
10.2901824984921
11.0361612885988
11.4841513458636
12.7641845154246
10.019254044105
8.55892815497118
10.6922875690644
9.29786516353102
8.8056876506989
9.21349509155609
9.89985494186613
8.87245054693373
11.0546423900386
10.3860468271212
9.61920075140954
10.7960921520329
9.55944240498462
9.93898070626075
10.793990775406
10.5509351971901
10.0095295852829
9.74976686732977
10.2357477261761
10.2073624241388
11.3115500468893
10.1609718344247
9.88735535639813
9.54049892275489
9.46188962985219
8.53795264762432
10.6397446020638
10.6616717609811
10.2052022878359
9.94768036229374
9.73107056310424
10.541022262915
9.80429755444162
10.3358239148211
9.77370976260164
9.45590101073572
10.202965966442
8.75803066409222
9.37270039963954
9.19432141174477
8.68950857905887
10.4442524945111
10.374581824961
10.4254687706963
10.4057629395825
11.0064913898193
9.35540707788405
9.23089076559395
10.9977891093105
10.685867381517
9.62987841214436
10.0333663710777
10.7213363074702
9.78917523637846
8.63444946839057
9.1207142321823
10.4127577488867
9.43140805085709
10.4678189469093
10.0096311858732
10.371006900137
9.00797458299717
10.85028251839
11.1882323301731
10.3217995526211
10.561891166943
9.48239140716857
9.6969639589791
8.82531908850972
11.5390315470146
9.55374557558699
9.79632633410387
8.42075612497608
9.85983463957749
8.69397011176115
9.6969929675945
10.6596603803597
8.9145349751788
9.73753475606123
9.49334984491274
9.42714845734331
11.6702605796448
10.2130391714298
8.71256026888172
8.9323057658494
10.551166571457
9.19941236331717
11.0447603566598
9.6976060613427
11.233836550032
10.505415126099
11.1332098645231
9.38600450815758
9.37109200664097
10.4701448302678
9.86478693910715
9.84244469233803
9.82992440371648
9.16985326236921
9.59279380253915
9.14033057942474
9.80141158336811
10.023241414508
9.82718931005856
9.86170712445114
9.31538142797461
10.3476525800065
9.21682252284889
10.1998866854905
10.7318744539938
10.1425038985679
8.90110747809306
9.90500844987042
10.0593619189321
9.72302859916267
10.8557755327405
9.90782551999111
10.9450683356484
10.5043435675493
10.9508989380938
9.1678425786471
11.4663851567027
10.5431257194668
8.72595299517695
9.3582061616796
9.64727085570631
10.5365475853114
10.0695011285395
9.7673012424851
9.29734432193499
9.6785864893289
10.1463664349476
8.95833600638963
10.4476601708492
9.7508527335107
10.9871025137365
9.50231227904026
9.90216709114636
9.56321530673691
9.35249410929671
10.5172028265837
10.6963776231363
9.87852859657848
10.7446263920979
9.20038831690207
11.0628468948647
9.20246990146137
9.84134107617185
10.9728516716411
8.94406555940812
10.0985906918587
10.724120972938
10.7552447938317
9.57187296541179
11.0191557768416
10.5210276544648
11.1295830318168
10.0178355966217
10.2803455457853
10.596878686255
9.31325822812651
11.2977879706474
10.3878699062525
10.1119748628448
9.10968169021778
10.4362623288885
10.2410974881261
10.1792948496238
9.77147450812146
10.2197877724624
10.4124003886796
9.45338432878219
10.2492285256661
11.2273914295806
9.33508933749021
8.4819954932331
10.8300870294044
10.5538071305957
8.85247007354168
11.1469237176514
9.45734730813275
11.0867695915206
10.0668758188372
10.8465624628156
9.74916283215424
7.77418659374786
10.4989281135871
9.52508528071517
9.0344083310339
9.46386126234427
8.72160367317191
9.23407038773534
9.87994346529863
9.69281693644181
10.3196739343829
9.4110367936015
9.24953878605097
9.34461293250592
10.3635986287296
9.18785028338493
10.0799522015657
10.3946393921282
9.92661874248262
10.2117669418727
10.890864360728
10.4885898786414
10.275457113381
10.8689258989854
10.1636370989264
10.219822711051
9.80353679605024
10.8884674747779
9.83033279261138
10.6331151336268
10.5136243850487
8.99056495174637
9.15096552775142
8.86449450352249
10.66060764991
10.1782713967462
9.21157424128332
9.50973124451236
9.39382873683265
10.0157725272846
8.97260994010517
10.1090272098109
10.2055857929441
10.4566549816379
9.94548317621917
10.8922993814399
10.3360879760936
8.11800667443822
10.7964167187576
9.40738356016222
9.09931106693032
8.97335861337609
9.43192447136293
8.43363193358329
9.46537860611313
9.44778386715436
9.84663853960274
9.43782293197211
9.49832642655628
9.64759752744128
10.5768265972475
8.99615054743082
8.96633337223794
9.36867273554178
10.2092493993492
9.68100362612243
10.3644956326146
10.1222211505279
9.67828779774612
10.1114111908183
10.0252706963056
10.2332107431156
8.88964909200125
10.3667016002489
9.39316347697652
10.9079992823479
10.0628095519124
9.18226468770046
9.29905267641485
8.58293637667471
10.8081604498967
10.6361053944489
8.44596462776533
9.19142346464517
8.65110286492062
9.34460519624857
9.03431524812182
9.84332193192363
10.6960884419123
10.1151213749285
9.38719224412985
10.3868594103683
10.1438538914626
10.5781095092449
11.0632967109015
10.4293785210144
9.91609191261805
9.52285947437278
10.3067796953355
9.62137040251666
8.69182528906071
9.27022161384984
10.3141304940408
9.05128175246705
10.1904411609144
9.99369359661809
10.5065254246105
10.0016691281823
10.5947278521237
11.0946168471562
10.7882925387238
9.57695779545047
10.3934263514728
11.023905834798
9.27206678780458
11.5336348439034
10.3147517675426
9.89298583413992
10.3366639781938
10.7066111913165
10.4531338607766
8.53729945837821
9.92281070546314
10.5527017021014
11.3101487297084
10.6226353464114
10.4063987352841
11.1582012937104
10.5698645141697
9.83822748771745
10.5394822923359
9.53302632521054
9.54889350602005
11.6466775857718
9.40176105110016
10.5499036194309
10.9444930894514
11.9151809557017
10.0611493932494
9.49869596223091
10.6798165439831
8.86036591633723
8.5655556199594
8.36644783452896
9.76966869884199
7.69650560079731
9.29826936827276
9.88842771025407
9.30174305820179
10.5371494761959
9.81709898259309
9.72728528962287
11.3337201318894
10.9877403138845
9.41887958313838
9.91283509581054
10.5487835431968
8.40059207655636
10.9132098125618
10.6371432766213
10.1225371514679
10.6186245411514
8.85116096073803
10.8960698473962
11.5008778146689
11.3041007879446
10.4440796100838
9.55177574274386
10.5401502033917
10.2401964840878
10.9942801167382
10.8058303132373
11.5374875158275
9.54885772606226
9.98939974638407
10.1407482346598
9.04712774110523
9.34950962965998
9.3297546110234
11.1013616253539
10.9328803048246
9.86377779736829
9.73950701952219
11.0055670677635
10.0880359179814
9.05861338096088
11.3531953832016
10.4962316433557
9.03094516572095
9.83286643458261
9.80285786712601
9.36169818388915
9.53749749620848
9.01309811042367
10.0632586021086
8.93254437951356
10.601942605437
9.03640606153683
10.7408138659947
9.84181792911625
8.60638580402441
9.27121212023229
9.89341228788703
10.1493006294444
10.6502360918696
9.71609109425526
10.1191695654628
9.74407172611944
10.2895046172422
10.0730517470103
10.413976240021
10.5062632397947
8.17027246791788
11.3911188227515
10.7466491725722
8.96454384189044
9.38600352795724
9.20658410944176
10.0024433699828
10.1000054296073
9.32900408072692
9.74485248206292
8.69731771412801
9.05024833992538
9.87564928022435
9.91676550403169
8.97912539625076
10.2711859903165
9.70002044020292
10.6050974709782
10.5365116614234
10.6568509540095
9.71687069487299
9.76134682013469
8.62196253537581
9.70623567634618
10.3363719938342
8.57288740614134
10.4455744150572
10.651301836392
10.2614842191269
10.676015909819
10.5687860853025
10.3305582967016
11.6821066214605
10.1617306309023
10.4665716787792
10.5599399672224
11.3016655252817
9.94848465562682
11.7166228667491
9.91765155690718
10.4433107466322
11.6412862659331
7.55880701907143
11.5051836606201
11.4038007086989
11.9069411894522
11.1371576250599
11.164748561109
11.1264825296814
8.77821617719969
10.6553574196639
11.170962871363
11.3351735934532
9.38417310650605
10.8269110267504
10.7874587712025
9.45077093922121
8.72885834245186
11.0037525416199
10.7767986782322
10.190966536024
9.70178543796786
11.2133053513517
11.8626932915736
10.6897702458178
