19.6180942788777
18.5853563736299
19.7270271577614
19.5341615780316
20.2737211106343
19.102521152469
19.2115577638679
18.787573611748
18.653790031472
18.6287642216876
19.708221694836
19.0883012558048
19.474963060953
20.1996464536777
18.535632621026
18.5238078748297
18.0964539144306
19.2003383816841
18.7526680469893
19.4002392135302
19.496630577103
18.6772778496142
18.4404023577941
18.7576028038665
18.6305825413139
18.9725256661524
19.1850115862943
19.593421782734
19.0032681945574
18.2711826026001
18.6944133480377
18.8038134153216
19.3371932516899
20.0063069714778
20.0746787323755
20.0550891075855
18.8853985795288
19.5374111849383
18.0611131686323
19.1426030730424
19.4553220165137
20.0447501413788
18.8165223630739
19.2172834501344
19.2208722055354
18.3711005048693
18.3031934639361
18.4138168628806
19.1511721906315
18.6400304189652
19.4162928586809
19.5922795178131
18.8582605758986
18.9144052703721
18.9362394059118
19.3797452214226
19.5324605947236
20.1226141829002
19.1018203794128
20.5684394362152
20.8696257556915
19.4868118224482
19.9584250933868
20.2014796751615
19.5284450842235
20.1729232544817
18.8470204247289
18.6157849414067
19.0465615054862
17.8829232660385
21.6879314415798
21.0019033811981
21.7247037809544
21.9221883936571
22.3113021804235
20.3378068074314
21.7589572846048
21.1892259214672
20.5602766610047
21.3552857429788
20.7622750834398
20.7870324254503
21.0119657380949
21.4510221736668
21.0331347074873
20.420541597807
20.7511573934679
21.8804444275189
20.570148948514
20.9794330391699
21.592077285024
20.7083626730406
20.9787308242228
20.5178231046788
20.7034087423776
21.1222936091423
21.2479309709953
21.3149714376652
20.7248178494886
21.8031831075498
19.896478323122
21.0295757422307
21.5466773326121
21.1214634251837
22.997639804306
22.6847920548382
21.3264035993537
22.1092720380342
20.7108728484982
19.5900144315122
21.837847963222
22.3268193562575
21.3592383382256
21.9472385934586
22.208668633228
20.841112939701
20.9105391488923
20.9820137944205
22.0495269130542
21.0792077375319
20.1773486373195
20.1611893535125
19.4660434285994
20.4407761104814
21.2385691524366
21.9414010232225
21.1943769504373
21.7725486556421
22.2143674328682
22.138109924995
22.4036093609654
21.6190845989941
22.4320136594287
22.2604010301413
22.1729739819194
22.3940791904833
21.0434145372739
21.9685804664525
21.7032832475419
