2.91497330684726
4.24334466600413
2.89610825166162
5.2633416343473
3.80738676867203
2.62409887827849
3.18272694870923
4.11636287021521
2.24357463262122
4.32592489033219
4.58411414448796
2.38338258288478
3.73313150953796
3.84807982300819
4.32442227546477
2.61107158655837
3.59584947907904
3.91535626415957
4.31896911137413
3.16147614738711
4.41658271820648
1.81649032388954
3.66512308624463
4.40685346794147
3.57771377966226
3.01957192176182
3.98179087078971
3.58133006215795
2.81962446400726
2.46916736093308
3.00071721732746
3.66718959495697
2.5769876802969
4.02925682741153
2.44622418140183
3.24482320620659
3.34136438374751
3.61546423377879
3.15403084809682
4.47638861879085
5.20939539433706
3.08833819787566
4.16586879460752
4.50687862292413
2.32135930259579
4.81615636056098
2.24176816257399
4.15171948250814
3.97404375860197
2.93335307449959
4.54560796602365
4.55929324323418
4.83211472921824
5.05541456598092
2.77875507722727
4.66421794785291
2.75733989313207
2.82585026436495
2.51037191005027
5.17468516690868
3.11009245364913
4.58773408761277
4.88484515380025
2.77853895792541
3.71427184948777
3.73217270088101
2.45007328857375
3.91731252653429
3.32915963805599
3.18888944787248
3.62925586511037
3.83943275875502
3.83980265025875
2.85726615073835
4.45918246421186
3.87245516856142
3.47132264405467
2.96907835132508
3.73440442968408
4.91399397432174
2.623672166503
3.91458607673472
2.45772783374633
4.92818088704304
4.30298526622277
4.81926424510824
4.66566110570953
3.36566310201609
4.97284578596842
2.70962747452157
4.72662551452834
3.9397672509442
4.35941507459547
5.82838602563119
5.14778757828811
3.97569758217794
2.92380763292923
2.38527811887137
5.08312321064017
2.10534144638355
3.42514965428789
4.52077113690465
4.10571465773405
3.86799432232496
4.99696181187252
3.54889891829988
3.59352923951757
4.47591117474486
2.39962805053094
4.59939662496493
4.2095476424863
3.431116656282
3.73470752451752
3.73662751545167
2.07261224631732
3.48872615521867
3.24091861701994
3.35253399679601
3.42541366801333
2.9398168722003
3.88216232928864
4.61784554486748
3.05497197616732
3.17903146399849
4.02554180990285
3.55619843021424
3.30954320672001
4.36481782794337
3.7570380414549
4.05379809867847
4.64191988595549
2.05846315224009
4.1557916721157
3.92634428592052
4.49854040534128
3.02360491843525
3.28553424925926
3.90566964231036
2.91968875164117
2.45682337979103
4.16648008800552
4.48498340564663
4.53065999389084
3.82650394211765
3.46856975372262
4.41981073469198
3.39431912473162
4.68717937687535
3.10175445560446
3.40085747683113
3.99986427447334
3.74701363515754
1.89840683849324
4.7351904242373
3.67186500296144
3.52907336579136
4.42768950737536
3.5005845133477
3.4990038224775
3.49475084631356
2.30895294746142
4.07462857655101
4.58706322798426
3.58987008428562
2.5512600857283
2.94492745262679
2.89340440156913
2.70039324686753
4.63655100319374
4.03223899103166
2.33774623060906
3.19923161756947
3.80148490868991
3.43558818929202
3.74398671880232
3.29320801047477
1.73311274615197
2.38887718388347
2.70483205717589
3.33125262864958
1.61914252454652
4.38158624725906
2.6188504101884
4.45621490688285
2.7278937848067
3.36218409496485
0.979558643335849
3.13020092776716
2.23094396282774
2.16473129997873
1.72726219011291
3.57192139902257
3.40053602575831
1.81825137311232
4.83443945083409
2.77996411677921
1.80151328470018
1.66217815038017
3.49361559733475
4.33149549220047
1.54662073875151
3.44035742129086
3.72497656677055
3.12063344380763
3.84837742815069
3.070944144637
4.11520362664085
4.95427888514049
2.79877332940568
4.71698620976139
4.55720211349572
3.46749482827566
3.7527181641901
3.77300568744531
2.10720207207224
3.81679544492982
3.81109875238393
3.62371676652556
3.39098901243248
2.61345608412724
4.45387744917729
5.10421553103174
3.64523709113149
3.75074658388712
4.59725692979148
3.88782964794137
3.76049667221217
5.05569588157544
4.06763895459571
4.65167279634707
4.13340869150775
2.47953295096796
3.89552758586017
4.50509285111028
3.99002921089358
3.44426945519309
3.73412950098265
4.50420682036241
2.98556724597863
3.24222856651605
4.80322400771908
4.70702733682042
5.01280427467964
3.43033639419338
3.54849237996022
4.92846027229462
3.99285630278368
5.16932365766414
3.51599469125253
3.51167979139331
4.10973071434381
4.2970450649689
2.6456052937327
4.14736206182151
4.00171783172937
4.30255632540265
4.42810870967539
4.06250093589631
4.20732480738349
3.93200216060802
2.77238727692203
4.65337714174078
4.8539620126244
4.22337551710131
2.95733779503313
3.16086725389565
3.26088413701305
3.35372394411775
5.21717653929312
4.44268460982218
2.1419249576621
2.97359702521948
4.54868336392938
4.0786201281201
3.72614884075811
4.02025776016161
2.65376759325093
3.05484539525764
3.60975444815699
2.97288346036208
2.40301273692282
4.69218716039987
3.32423899278348
5.3074612471026
2.86235797710573
3.57870457713477
1.68494722593091
3.83558951036223
2.54154487596855
2.62606189188082
2.36184433975005
4.42668019732409
3.65887784457369
2.35214508483573
4.90961010897169
3.61031313390491
2.48480601670249
2.49252716750586
4.12442115531095
3.93390719460041
1.5796487529626
3.78883513172031
4.80016252064759
4.06976006118051
4.81397609547437
3.9955839362142
4.00834628060656
4.24502757874052
2.59773535379198
4.49623601760517
4.20038134343994
3.61089571387141
3.65186337600146
3.78082113925307
2.48742928740629
3.66850521280807
4.18992456531569
3.7542751944856
3.6454676137225
2.36610327329711
3.72050503376055
4.81632983468543
3.05773271388123
3.0173741684704
3.86388451437475
3.55895916792815
2.98349039979071
4.44202823520922
2.63254875780834
4.13138549250125
3.91641106228461
2.17633462551119
3.96783372225002
4.00355469318636
3.77303158167039
3.14147639170636
3.41883450209929
4.3926295483444
2.53606931601288
2.18075112041977
3.59276648910235
4.52955401600496
4.65611801155691
4.00628299970705
3.66979718936689
4.25079173960559
3.88127903076568
4.81263739454141
3.22428566965195
3.32946480830941
3.3838008668033
3.79120725895894
2.48870721493306
4.89186484141085
3.85010907602618
3.45768069726963
4.5524959477236
2.98558634978264
3.84266873498578
3.58426527689659
2.10845677730369
4.24248059738013
4.04370802173116
3.51847741576388
2.35076391557058
3.47836616341024
2.57201133541622
2.62900057834581
4.45098821397104
3.84667620180895
3.00172445651857
3.44764260596668
4.38775039682132
3.50698085781373
4.15880375989131
3.9571862363843
2.76733740279218
3.05285540979298
3.73905671381612
3.11416968095521
2.0339595656355
3.92298338391308
3.52137755373479
4.92362533955612
2.40184097787743
3.77700113605385
1.88208578688223
4.03272807131356
1.77234109948176
2.68004824870086
1.78743436475963
3.63222624359466
2.67502720208743
2.35169008389575
4.28467096616718
2.84026896135133
2.31683023342229
1.72248299495227
3.54577275208804
3.93739422463062
2.0634726719983
3.62013647888026
4.62750371031693
3.03778929529159
4.57388625182159
4.13259021015769
3.95525839127516
4.37246195276072
2.50320758771198
4.85362722858862
3.98866511454941
3.57088366793941
3.29186285648044
4.09835666720928
2.43434139807491
3.62849316687608
3.82460990887773
3.93622528865381
3.86825833605042
2.57430856805041
3.51665402513875
4.72142508204851
3.41670112792492
2.8135231598486
3.66003350575297
3.91792758197183
3.67127235847759
4.14393530000649
3.61349187740521
3.83291557074159
4.49837372190581
2.64215444409787
4.0499472894886
3.70546175798363
4.35499424129159
3.60729621029307
3.72837891729634
4.12655217024722
2.77614258759149
2.01397871175396
3.80097178385563
4.84671255740425
4.79209897817196
3.96627095377506
3.51591820870833
4.46715918967769
3.6152016526685
4.95489846125061
2.8808719276676
3.03534917268126
3.88148167155418
4.10874278691515
2.34125150653031
4.83876996141833
4.11470967099853
3.16356506164146
4.30930690445621
2.83577770521042
3.33127115610405
3.85647999807116
2.19057034454225
3.85374604861411
4.14421855994718
3.22436178013572
2.43287748280916
3.5286187444846
2.45055973353205
2.33488494271765
4.53310178120961
3.92878976904752
3.00255303874631
3.64207628560655
3.92259921345373
3.65647071722888
4.10571587055992
3.95801481861204
2.39791955428925
3.05368399202072
3.36963886531319
3.21287002573042
1.98087167630412
4.46000222330959
2.83973293812529
4.14624738908196
3.08962293656431
3.72391324672245
1.20044117127271
3.35108345570406
2.30935993887826
2.829538108116
1.55952952373946
3.65033737507306
3.25698986170865
2.40194266497011
4.86126455697477
2.85838009282973
2.46632009283745
1.74059412643066
3.31741040150963
4.21311288928132
2.1303120306093
3.58012443294826
3.94585909470743
2.67778877577058
4.06925995608757
4.09041977903077
4.76215724408343
3.37665693658312
1.50740257153439
4.52952909925786
4.67575429775772
3.76726215444936
4.52621679029489
4.60345098668853
3.24124025088318
3.94189638595141
4.87696897896317
4.17742193553357
4.27616111114254
2.81928366449915
4.48607695244645
3.48707114823407
3.49155542936342
3.79936810431562
4.64587845021998
3.99278188341032
4.22131049818158
5.1397403161841
4.4506755446848
4.59017166928237
5.59932940193002
3.29361312897383
3.054142273311
4.70126677416127
5.4395279041565
4.17675435246149
4.0910060353867
4.70825490918864
3.7619875320585
3.00978372793159
4.04594688030437
5.15807611961647
4.4310840341119
4.20746760065481
3.31596726899481
3.86759532798079
4.19690439160988
4.59388351719053
3.59118864098133
4.35843175318298
2.93062047560127
4.63366237082892
3.20619955500214
3.29570019463458
4.14914765933375
4.23301068440506
3.50710698569071
3.87652654161276
3.16043493371397
4.38099432001486
1.19476532836467
4.84955106479174
5.0950797559001
4.54744436063747
1.43707246663156
4.03371306396386
3.44636474970967
3.67438954037871
3.537296765032
2.93298475286993
3.40314185964421
4.52840329112314
3.12039929468826
4.32793543676481
4.841174509197
4.34598680028643
3.26286760276108
3.4864780254436
4.15778915930241
2.52578084252212
2.79659582576089
5.25224207036446
4.01351858804266
3.69770712351053
3.75668580883367
4.42261266361382
2.41904887293859
4.52486910562142
3.10159978593315
3.50088105917568
0.911595466075681
4.63618231954009
3.98643110296017
3.01523642036626
4.59154474765586
3.84422503729674
3.13766304389716
2.7264390708977
2.73149198492905
3.21730787310369
3.0523216189748
3.77650291945821
5.11964474462481
3.91214270958503
4.90893161513025
