4.31455544079621
5.5345183232508
4.31455544079621
5.5345183232508
5.46188404588417
4.31455544079621
5.46188404588417
5.46188404588417
5.5345183232508
4.31455544079621
4.31455544079621
4.31455544079621
0.712132421093287
2.12468997358968
1.15374780509833
1.48154504656119
1.94577167547082
0.643144927028487
2.38738705947588
1.92934895376232
2.63529285165954
0.871281987976047
2.07725430760976
0
2.63529285165953
2.1574860147099
0.595709261048562
1.28620402673383
1.83542974925852
1.48154504656119
0.565687602134567
1.48154504656118
0.595709261048562
2.12468997358968
1.8518916288684
0
1.8819132877824
1.28620402673382
2.07725430760976
