4.1128751431017
7.55690824560218
6.3467721771273
7.39221972272669
7.68521205627565
3.34716417179283
8.67351988714272
5.12345141755127
5.07137599232266
7.12055340096031
5.99196275383315
4.40406177200399
6.97475472783946
6.25204206467843
6.26515302396719
7.80137721063383
3.48973447819627
7.0697783121426
6.09766113539711
5.03556108111312
6.36846539257654
5.4327081370342
5.7617272781742
6.36672291242679
4.40406177200399
7.75064563548887
7.11737518331623
5.81958546578359
3.74201986565565
5.72721657529046
5.84689969630541
4.67528595003154
7.24196728654973
5.85993571552198
7.47919784550456
6.26515302396719
5.41883363596974
8.22401341555641
8.7472956840125
7.63100196215053
9.15356813654257
11.2185821359704
7.15890342807308
7.98351320309864
6.81308005415327
4.76466211021395
4.28373854145349
5.88539720213513
4.95505676050335
8.28878015155164
3.7133884691952
4.54493449377443
4.76969596104297
7.83174331278016
5.52518376535613
6.15506059433727
4.34257685521283
7.65191457637868
9.20122918267533
7.3896677654383
6.0255843550686
5.87554637484208
8.97932075665376
9.25432178499601
6.99891166065142
7.52746972031091
6.91662960273316
8.43827009760351
7.5847309926937
3.78700297809348
8.4419790743276
8.56931769602876
6.05742826269224
4.20673511014486
8.05042604359409
10.1117511491105
6.97953191738152
6.19338243299877
4.11879201554597
4.56063979166613
4.75229253586752
4.04356368634382
2.86490335726092
6.26352821087333
3.94650937554206
0
5.43121892769168
6.04580852633324
5.38886373336178
3.35704254393427
4.68520326601299
6.5875050241573
8.03596400050222
7.25081226747511
4.54744301393057
4.37756708632044
9.48701387786914
9.05855653344923
7.31724623321935
6.19504356130853
5.91200418593933
6.81571316558234
5.8496981658708
4.58428399345592
7.03631215582929
8.33225818473365
5.71549276248371
4.75938326355762
8.49710123991855
9.33074772395235
6.61369877893394
5.75079526583511
3.94146135556036
3.77963636650793
3.87621664108305
3.9927637082181
2.39508229982196
5.98252282321009
3.06951213727396
2.29910512349285
5.28206551202148
5.80874901503813
4.35194545012039
4.27533591036065
3.83670151729791
6.22167188570971
7.53280764722487
5.94015695207015
3.82714506768355
3.59190580731702
9.24995436657403
7.86960447969984
6.68120621307225
4.58263720803478
6.12208771415482
5.46028424192913
4.31036933348279
4.07339144149278
6.79925264453419
