11.053789772126
11.4053561204597
10.2959715551769
10.5930730304227
11.0718221487777
10.5057409309044
11.0056087499529
10.2093394765329
10.2593723375552
10.1820452566488
10.6553251364031
10.6588099898627
13.1832687337432
11.7945589129502
10.5757669877512
12.9059508746978
10.1931118294577
10.5241569759912
10.9386425473424
11.7179852219064
10.4317479075744
10.4590421274585
10.1892956588578
11.8632551257404
10.8076561736967
11.4467581133658
12.1109535631462
10.4625269809182
11.4702867845006
12.207578821438
12.4848966804833
12.6209589623904
11.0445279288936
12.8982768214357
12.4888051849961
10.5823146219483
10.2128243299925
10.8987092721443
10.6765180272569
11.0753070022373
10.848244919949
11.4610249412682
11.0753070022373
11.8847723558518
11.0517783311026
11.4682753434772
12.7661230440415
9.77481008750656
2.5040489648537
2.58813418487957
2.07360109130254
1.231618600868
3.32996699242393
2.91883598201652
4.22368249485336
0.832994024749205
3.26146627267939
0.962216222173957
2.91346998004931
3.09572040505056
4.94951950616216
2.71735638230432
3.677963285054
4.49947457032638
3.0394902972147
1.17846892206723
2.67463454068039
2.92508058762094
1.88819635036913
1.75897415294438
1.70317905116827
3.46626518702769
1.82831011495743
3.45918918984869
3.47079979742031
1.7272904535172
2.92054597722832
3.64410869321071
3.71006091067611
4.18982790301008
3.45918918984869
4.67227713285008
3.953755360527
3.58520950701407
1.96186968456233
3.46455519181589
3.39068847010414
3.00078945129604
2.30469336274374
3.46626518702769
3.09572040505056
3.54650866109539
3.64143961484993
3.13001164872079
3.98730328398818
