8.83079616897441
6.45929707529045
7.9785559818051
7.7238638555461
6.13275003902968
9.23420897200195
7.71354170503756
7.64538475672351
8.0327427511314
9.1870334556689
6.83582962436904
6.95570717759288
7.25111291968116
7.93000333963049
6.46996664557458
8.0552334204567
7.48809295534032
6.90109376903635
7.72313085665172
7.15158917446634
7.88733489613928
5.57092363261354
8.02085866818712
6.55976122232866
5.92248619957165
9.4224314796042
7.93193420713392
7.11325900513449
7.71642333216361
7.68722673789051
7.45782985042097
6.93573217957342
6.60514889465423
6.2126823522579
7.6632872391894
8.22197710562052
6.91413877416517
6.51225728039961
7.49661024345059
7.66029427088108
7.12676204336287
7.75050616746788
7.19699541397986
7.1995263126235
6.4171320256644
5.96710972518754
8.11682022955528
7.45362590043777
7.35057027330063
6.41056007270899
7.21043078241995
8.16641099240191
7.28733583918293
8.38832627869598
7.44076793183772
7.99345831044707
5.87203003953846
6.83924410354355
7.34659107668767
6.0132478680606
7.59187578795195
8.41460082600667
8.77615069858599
8.69355136308067
6.13882943549105
6.73042740101193
7.76761332505066
7.68105788263526
7.22904405023622
7.53080957372677
7.67814314994243
7.03585689420194
5.3477063416325
6.2996409257927
6.21803520921272
7.11131173279976
7.82332774584208
7.03908803935818
4.83165361662747
5.7376473677936
5.23662186637011
7.46689620248211
9.8969545367957
7.10909073690006
6.42482734626094
7.96081492704843
7.32011043918807
7.42143577020842
7.04064990429465
8.4824780613159
5.85561112653798
6.48188075540354
6.86211188334846
6.37621075406898
7.21258350716193
6.63327601288505
8.13002960768822
7.27398490717088
8.12510126434472
8.30833463019743
9.03018498165499
7.8875155424375
8.65198658635805
7.31388227965072
8.15496683798249
8.93651619706494
8.32656923139578
6.64102806290738
8.69344397671481
9.45957611789757
8.27668705163523
8.7645219068653
8.29150427485641
9.35576851374248
7.65525281188993
8.15461228902103
7.83152657883333
7.78861883875983
8.37052717745621
7.08297993661128
7.0998663611627
7.20347623151492
7.86148303915938
7.88952421045782
8.11701784286942
7.56689548574755
7.36003251949795
7.80891936225578
7.53752944676462
8.6644190120829
8.16843404457764
6.6099036113063
6.92023701628517
8.3384920170052
7.97484505662248
7.556833689081
7.12760643720929
6.36827323677218
4.24749877677904
7.74963516050899
6.79678847121529
7.04642313347158
5.40697369929696
8.25769344368967
5.94169967717353
6.9609275352087
7.32654967653377
7.17383641377145
4.84458234375056
6.01450567699627
5.66891458576999
4.24023924117836
5.1324332119288
3.35105443802907
6.1064830984683
5.80341371244355
4.14786241703064
4.10059799789215
3.98411375886243
4.34502183704057
6.63316838852214
3.74332135017522
4.89765474922772
4.46329120532111
4.91607635601952
4.05964860750622
6.63724622622297
6.94574851038315
5.90739956783543
6.28228260124401
5.8652128812916
2.98346780508992
7.06588676839968
6.55430980555942
4.54764586848181
4.58408854331413
5.63828094460881
3.57087874506271
5.12145654371249
4.37858771059223
6.95138783115148
7.47437380378828
4.84714081119704
3.59175214523943
7.38980318561723
6.47106877571747
3.55890290097337
4.53028829783551
3.00856409477004
4.5527429916491
6.53839665472018
3.16131850556827
6.53797498917563
6.50109426199804
3.8685372637243
6.83867292170558
3.9737135640575
5.59914010917991
7.77430584618621
5.24984436688324
5.58445626616003
6.36132678975353
6.51373868260808
7.72270121633517
4.3001353681774
4.05082132606607
3.58202086548528
6.53272575658197
7.32541613360398
6.15811288571429
5.5393386715958
3.27052912669788
6.36653715904862
2.59704463962494
7.07328126658302
6.39068032571427
7.1851621091208
6.23978694624209
4.15151979132768
7.04887616491553
5.45560904242279
7.46314195515438
3.21989043381643
6.2226503393847
4.96670880773129
6.61217283767539
6.65529961292637
4.74932148562573
7.97505425959555
2.80285613019002
7.9356575688735
6.80689259133794
7.41139790231135
6.90432775054204
5.12864363553214
8.20944131299959
6.34517682723082
7.23573194752623
4.89082356761466
8.15185970487175
6.52001222127431
7.61609258835182
7.08819452332415
6.70561418229703
4.68698826164424
5.97113912011018
5.97175427422
5.477018880483
6.13372425220075
2.38345526106699
6.40170059361868
6.0490782201942
4.43279839923131
2.82102995102356
5.37756632213382
4.93474385783179
5.305671638979
5.05533814394877
5.85917340424413
5.2023890663208
5.73231833126867
4.90301046413446
8.06231395999367
6.35065385922467
5.70745417968626
5.59608685520141
6.01986228755024
3.31955838752957
7.12657683877916
7.37118757548541
4.96069340780981
5.18571936678093
5.40498430324182
3.87162534383008
5.73683499960997
5.3160469420261
7.07181757942722
7.32538587656562
6.17181080677249
5.19397389296061
6.25007255882531
6.56939371511575
2.55825596746025
5.57405083966184
4.13267409152481
5.07960773418884
5.19252578346228
5.12590755881388
5.56126386640354
4.99437088224091
4.06880018628895
5.67293731703106
4.39562437503398
7.34477614179455
8.27611746201227
5.74434327625341
4.76964392458616
6.2105076190281
7.47285811365979
8.0354889385301
4.67471088091681
4.89459779944277
5.64494920598522
7.95713119044244
7.58143698693489
5.5841350508695
5.27407112357233
4.70423855480253
6.1959945382008
2.34436419170862
7.52426620990287
6.84166526903412
7.53604415765825
6.80866472159298
5.13002100227533
7.21427057774807
5.08501024888221
7.9908830017659
4.77018463463055
6.81443359342711
5.90525414181029
7.4975309100648
5.93867171068342
3.52698312148103
7.75797612724616
3.78438277586559
7.72570367993731
5.89168699610665
6.68145275039318
7.33903634460316
5.29903289961824
7.2705717177643
7.22433047815858
7.18769529965047
5.00267763830298
7.98208974792823
6.72329218013297
7.57026607004111
7.8041902538715
6.59048633647206
3.5664936645145
5.76950354798567
5.81274652768205
5.13614426619329
6.37905878159839
2.58504914070079
7.36758738378877
5.01695565716966
4.29169435894271
4.17683644006742
4.6259112783091
5.80732054200817
5.40862812808874
4.48747573567016
5.63231899351314
5.11043410705951
6.57366790186704
4.61980333880318
7.40368901925064
5.26059243364652
5.27061935893839
5.21568060132114
5.87567844127761
2.39361320957694
7.30131440808179
6.32512018399258
4.11394446085143
5.23000257399684
4.99656393000616
3.80836912793331
5.57843521779543
5.37548289428769
6.61748996711789
7.84486106035601
5.65400179211922
5.79544371432144
6.13315063719751
6.94063678558784
2.2453758997587
5.82936121213928
3.5211502544136
4.40275324008817
5.85016032125871
4.6728570416509
5.24838379870198
4.68281501329025
5.09130522590323
5.35626304135469
3.49156195560272
7.11816213559612
7.66600336268455
5.63912718656114
5.46081146681081
6.5175399576497
7.36432890580803
6.99275312300887
4.05178362968093
4.4056540091347
5.37199361505848
8.31769286580464
7.17133233960368
6.39651050580547
5.39751042997588
4.48163734270051
5.50009112387326
3.06989930803576
7.8576859263233
7.17508498545456
8.13843920257733
7.01655429727347
3.82917115722664
6.60664943775902
5.54951921641178
6.34177107928289
4.07644161226875
6.43377344979745
5.440065013966
6.5544454053942
5.44882103753481
5.0244554907792
7.15073506556627
4.6788299797344
6.37159431390208
6.14307785793152
6.60821298041907
6.71820204464364
4.54148392269899
8.18454176200603
7.25669814821226
7.18746894130201
5.61011403575885
8.08920185249344
6.23568482309349
7.06336421263662
7.48348785283082
6.91147768345348
4.67387857763306
6.67561519964286
6.11971355573364
4.61780849638302
6.09717814869408
2.57210414928696
6.20629969157948
5.88653312359244
4.59866138699429
4.01510711382035
4.62819595688064
4.44483843015176
6.3294491544608
3.96857768432146
6.06172942711914
4.9086763196368
4.79068045597934
4.64653435930899
7.04191006440868
5.91582910785164
7.07147424572686
6.8691683530468
6.60965688181533
3.5401989041282
7.79476854312287
6.81827887474315
4.23748839703124
4.99290025776608
5.47044963874467
2.83493535184225
5.60969168060058
4.2102949730379
7.16041802607841
7.59960808914785
5.82810825909499
5.19134986896513
7.96697392037747
5.81469958424728
3.5877536324227
4.70109112480442
2.08002243625468
4.34771472863611
6.45914152630905
4.2991802887684
6.59076153136597
6.65327461216859
3.85793043582841
6.19208668970668
3.39681456772672
5.72596737220871
7.81439872935823
5.21089548169039
5.83397555853631
6.92200327495167
6.72293049221562
6.96195023059641
4.65049767260597
4.01932289080406
3.70256323697204
7.29440580657121
8.04406185618484
7.21682588610586
6.21452453409408
4.39183462801263
6.08382909905049
3.37232167061183
7.76134844333541
7.07874750246665
8.29156929805375
6.3283356413433
4.61296943018207
6.73850655844506
5.58438186671422
6.78614006404117
3.8329890803105
6.1628264442316
4.90688491257818
7.59281014290729
6.24531886902015
5.22611758717414
7.34353455589152
3.71484513490668
7.22820398132749
7.16684923429041
6.46661461845601
6.31055847665721
4.32212224808171
7.78694473821203
8.10888557114419
5.02032013231591
5.29777428005314
8.00235204691745
6.22713210677536
6.01123278799022
7.54930212438289
6.8494958119687
4.49176829696943
6.46707480926104
5.87636520144292
4.1084662202909
6.10810467083856
4.01826251884017
5.5705355801401
6.0275669705207
4.34988188026059
5.04528798470838
3.67676149251958
5.15615793658101
6.16533569674739
2.68780503623643
6.08481922769843
5.65713211069452
5.56418936593338
3.96998084977662
6.75929777317518
6.79956217711603
6.56073144050085
6.65777546127599
5.96768527464337
2.91105406302054
8.34641264022592
7.49924912129094
3.8160872914286
4.36816834854666
4.29278463236614
3.28564181706236
6.42480488731032
4.23032053641546
7.01829093451556
8.43933545255551
5.36870009347543
5.14259584280329
7.7820885268448
7.02950007265703
3.15998089114544
4.11107341856
4.50363701028267
2.652850550788
6.67593278173072
4.18190842381017
6.16298879008872
6.16587570835198
3.82492267632173
6.55255747484409
4.0991839427053
6.03775121862224
6.79087009363899
4.57630773454596
6.39634464409977
5.94085056869713
7.24016715244728
7.02570442298895
3.6308981904955
3.91635712608517
4.34234963024923
6.91792064864353
8.3655407426793
7.78952644022449
6.78693847057104
4.87490385100423
6.28638354289259
3.76454105431515
8.51747457988698
7.84380886236798
8.98207984554897
6.61196464801647
2.25306355772662
5.28553905277256
6.46015751244586
6.5832957963958
3.61422425470441
5.28357744990689
3.85690068912336
6.94080956857093
6.59096937948211
5.86522191460189
7.88455990347653
3.73908701683754
8.0943352007838
7.00978360800535
6.07286895980384
7.13054802751981
4.69144380423149
7.42476165216314
6.22730970835701
7.45637982382105
5.38014641801142
7.89038452951987
6.10762454489486
7.76809644137796
7.31088342454854
6.5554917946083
3.16694690858106
6.73248600257794
6.13323277774082
5.26176298346099
5.73317195649147
1.97806085076992
6.86304926715954
4.44482634081524
4.61218060900147
3.31422833689006
4.77566439755705
4.96353401948232
6.44839971285228
4.92744073913205
5.74113200468852
4.61733253027603
5.84342311224164
5.03906708663094
7.69975312855894
6.15619675337886
5.90050110590369
6.24617957637011
6.50521908068788
3.46751669374541
7.03259954308504
6.08771602967653
4.53724873129579
5.71616855183092
5.67784129773753
3.70313963170612
4.93905469967705
5.23291505701552
6.85676054560638
7.92250125435021
5.85378107867878
4.81295423698178
7.03679796760573
6.48340027394215
2.91277545800278
5.79575587255938
3.2982117861232
4.44648918655044
6.81233988864182
4.79616992658024
5.91578335694608
5.54469085129329
4.9662572005942
6.08786999775064
3.79023332278227
6.31603818428236
7.57729663795252
5.67933417981228
4.88008798024434
5.79798266002655
7.34430199147201
7.7114959374664
4.36628448482949
4.42641921072903
4.58123720979262
7.81091676121983
7.47625746834852
6.44835242185681
5.21503237661502
4.65526729827853
5.97114753748508
2.08687175206381
6.94636993923411
6.26376899836535
7.67142359491723
6.96400528247442
4.14857489887482
6.74502056234737
5.28124551627359
7.14012806027155
4.51374623344793
6.76288104189117
5.76169585811168
7.01274423776472
5.6435694323693
4.65335670612811
7.5829874251865
4.37732832761347
6.73354820482806
6.72433176518066
6.16543077940648
6.77032999510756
4.11140386521581
7.57656069943755
7.39311724517263
6.9816340807276
5.15573899301339
8.22562094945379
5.9763399947404
7.06884648484364
7.93234814743901
7.00076195269999
4.3188550223503
6.87912807984928
6.03418707687194
4.151943405485
5.67932277760895
2.72437510063483
6.21140172763361
5.46128500618561
4.5131349081326
4.20614803302517
3.81060372971567
4.74113169329043
6.74657650294866
4.35161303640206
5.76305239686975
3.84467945498035
5.52970130381885
4.30635830611631
7.18905458878341
6.35642589661667
6.2736381148512
6.98352668256323
6.06580820605738
3.70669025122548
7.78985553058158
6.96292836885468
4.20511870906861
4.45368744446289
5.61022545909338
2.74684497182434
4.55677490244796
4.0374614423096
7.13037064901303
8.12936412278887
5.12039354716451
4.06400447966695
7.90341725295045
6.3545391493188
3.63395209621333
4.7361729034758
2.32633135032563
3.82707542001398
6.91600478621002
4.23669656322718
6.6369599951566
6.48486999406304
3.48692654013692
6.61029256836171
2.5477677462946
5.53769174553153
7.65233599737234
5.78034216675744
5.55974757858752
6.87456882587225
5.79253322673881
6.81805838780637
4.02699348699126
3.41171107365599
3.95227000443388
6.65471476559313
7.83940448576899
7.11019179639342
5.95152177535033
4.63781339941754
5.84396078094198
3.12696569217323
7.68737251353044
7.0047715726617
8.30296327072753
6.19604183922928
3.60711839575907
6.92583670209245
5.10337662895621
6.41791177653843
4.12568655588571
5.84098671823309
4.41430995744958
6.72115526846946
6.15989567901159
5.19516330088237
8.0259824724841
3.02343740819124
7.59049585677133
7.38657014841421
7.1537910127075
7.38555686069628
5.59371982325382
7.93546668669173
5.77888870591613
7.3496032616529
5.39347534590547
8.17240615756262
7.01636540290183
7.70304376723652
7.75614826452161
7.09126577596379
4.24530914107258
6.40944977373194
6.46677896952183
5.38591395496493
5.32572422160962
2.89505318091327
7.36313351077926
5.66419054014233
4.93923112447172
3.58675047544132
5.54703744640676
5.87447425587754
5.66252162796279
5.19960862728171
5.42077013716003
4.7611042533115
5.83074678934359
4.81190553861639
8.06644808159443
6.52203558178761
5.05907050258528
5.29500151966646
6.24040973158833
3.1448179443678
7.12015783084536
7.04131339944079
5.06545772361881
5.57524639631868
5.91643547789533
3.96475130747009
5.36663349691997
5.41452133699873
7.23524344027949
7.51447872633659
6.06605243487867
4.84953157282773
6.52238187882724
6.65689264448023
2.78912393772305
6.28270337516226
4.19664584954601
4.54279246777821
6.02646180375232
4.78271696012104
5.79213183666634
4.55352250196124
4.45165093494413
6.15596899960144
4.32120533448106
6.48017389195919
7.39451931458254
5.70687055542447
4.44612567447619
6.330714306219
7.44664117012117
7.99671356084561
3.67289971376782
4.95942604590253
4.77176377274423
7.93091424690384
7.89590288628957
5.60568289644754
3.99473477501899
4.49959855812153
6.36962453182269
2.17093622971514
6.45491027136641
5.77230933049765
7.3476115932194
6.49446227345304
4.58749761689296
7.19359515252205
5.2894378437646
7.62528838184056
4.11935584433401
6.67592642669835
5.73325985161065
7.01457726662723
5.75847194289605
3.87340673928379
7.62476593857021
3.94836626007305
7.26796153830388
6.85072898667899
6.34270573272144
6.60240476638493
4.28867881853079
7.48106804788455
6.89609749679705
6.80708981692574
4.81003810961145
8.13012829790081
6.1536149480554
7.01196296369318
7.76027746028031
6.90423376263748
4.4122376632718
6.70458381604742
5.93869442531896
3.76339249951067
5.55453330933855
3.08328864407274
6.0866122593632
5.6385599595006
4.41764225657961
3.86044714962321
3.98787868303065
4.6144604050583
6.40087561954672
4.17706877260022
5.37450149089543
4.39906857641697
5.37314601236582
3.96065742271438
7.14533027409529
6.81851350726035
5.88508720887686
6.63782579916131
5.67725730008306
3.6115350791409
7.44415464717964
7.14020332216964
4.03092762214638
4.06513653848857
5.43706991068066
2.92411992513934
5.05345717135512
3.69176055890766
6.74181974303871
7.78366323938694
4.77469266376256
3.71830359626502
7.60888532907214
6.5318141026338
3.11985156614343
4.69070982561617
2.81903051862383
3.77696618544152
6.52745388023569
3.84814565725284
6.11642135933606
6.19033807018472
3.09837563416259
6.78756752167672
3.0404669145928
5.4939674308434
7.6086116826842
5.77437625339198
5.06277778619712
6.778734902788
6.34692234817544
7.37244750924298
3.5299737386157
3.90873082203154
3.94630409106844
6.610990450905
7.49370360236704
6.72723552788896
5.64760142168354
4.14079365104198
6.34098052931755
2.73841478619888
7.3416716301285
6.65907068925975
7.91441236475319
5.85034095582735
3.4325741319572
6.75376601493373
4.60635688058066
6.90840093818624
3.5712974344491
5.28659759679647
3.85992083601296
6.33260436249515
6.71428480044824
4.84946241748044
7.52896272410855
2.6348865022169
8.06043994827034
6.99801924243988
6.3726756066759
6.6321994831733
5.06455954496256
7.65377375182254
7.72463385733221
5.30015839290219
5.73482527098186
8.00773791416798
6.64852311385735
6.3459981467811
7.01150459103773
6.72724986568078
4.27371534714266
5.25356367247781
5.92126172737684
4.66444076202063
6.31816250066345
3.90264134512346
6.21160736086965
5.53297340319801
4.40020955863751
4.8629452802616
4.50717308797016
5.36955913219554
5.52961794406133
3.65728765174635
5.76955719000091
5.61715214519367
5.49160922730794
4.86137554255828
7.5013880014201
6.73229568004745
5.40217480440716
5.97597108573584
6.4459945704041
1.6738576603575
7.91583548601606
7.3553963401483
3.84339791256565
5.44602579647941
3.98191601658866
4.41294499299313
6.33016892819168
5.29162170246285
6.93782010871948
8.65217951465345
5.96913385329936
5.61793114648144
6.56581766762925
6.93062900466444
2.85173441568777
4.97102554066968
4.66446082255165
4.46734354389718
5.65056498658771
4.16181322900469
5.84923822297022
5.56198952919975
4.45205671753762
5.56849473463832
5.04518185308773
6.64164921718438
7.68521224803636
5.26009659530959
6.0866681336769
5.30136454180263
7.95461694215084
7.14582833491176
4.36691569086108
4.55248386668825
4.87838608668253
7.95332576478243
8.15504768244334
7.02225362601412
5.64576083663647
5.00951476858191
6.61429602630055
3.27579515486811
8.09700110963412
7.42333539211512
8.72915137948903
7.56286384770064
3.25401205841465
5.15303924138266
6.15445444892311
7.20651950473298
3.94292321383236
6.0238323261554
4.93624300210742
6.96312821212481
6.18882504345137
5.57903493608914
7.67864933664542
4.79463229978839
7.5486132825177
6.57640880178203
6.28044478668633
5.31634403927723
3.83118039252524
6.99392195779767
7.41897451923333
6.31256847241807
5.48650654744173
7.30611099965125
5.53093468668393
5.98953890420559
6.19475846171067
5.74919811590811
4.22329926501828
4.75821950085056
4.62837624348248
4.43720405509288
5.14160242268416
3.52174866495561
6.13559826145514
5.18200218652829
3.10732407474314
4.50076839717525
3.43642024988705
3.50726043973063
5.96784806229546
3.53606310942099
5.76332616423754
5.51517934118155
4.70557696892689
4.08906841722779
5.9811262795158
6.03311237630171
6.23090439593445
6.09208888275413
6.13524754747982
2.20358645564811
6.96022049985286
6.5943582904285
3.16102242546391
4.50617366695599
4.31876658952035
3.72517853664448
6.15587150690702
5.30681405590394
6.40282985600881
7.82387437404876
5.13849895367832
5.12271276982564
6.58763090322753
7.1574776950639
2.09088869075703
3.70708340536558
4.26641364502652
3.84196290155722
6.1124300949422
4.04077094660181
5.0938965897003
6.36319275529882
4.59310643631889
5.98784980325199
4.41550051000268
6.13615837913875
6.93157172647645
4.03386081978043
6.29067927745661
5.48110864441227
7.36439914627853
6.74025410280371
4.07265449882793
3.89791745574944
4.47482541964451
6.81125337050673
7.70567436599944
7.01973303566086
6.84979304982457
3.67231910464554
6.09629307045795
3.23345973745401
8.33369655034188
7.6600308328229
7.94402414124055
7.45020804684542
3.59686393184026
5.8453778381685
6.648807320267
7.08881909247313
3.47589759312595
6.1548154048604
4.94943676109169
6.79500081420697
5.38934645971774
5.4111709494129
7.52085435547849
4.12317583621152
7.33687809935666
5.60463662495313
7.34531923384567
7.59050085464359
5.60021697753621
7.62658957299718
5.83688633754062
7.44748381549157
5.24782959337566
7.62700559649383
7.00281412368598
7.77843042560667
7.8403587908374
6.73995325644529
3.85189135839619
6.63532255221541
6.38190815787391
5.10856795228765
5.8601439711216
2.36093154729867
6.93109198688954
5.4807531674828
4.85436031282383
3.10999821488779
5.37606817839031
5.18774158530713
5.39454358632142
4.81987200099339
5.48685861726317
4.45001592753841
5.6865247167638
4.98564480757394
7.70061113488718
5.94946372479804
5.64690646947801
5.99850260714214
5.86067310530003
3.32825531702733
6.99471808981033
7.2674075394615
4.74559979836745
5.56238451534941
5.63868281580186
3.54936863255847
5.5836756910534
4.59443178575421
6.56440313817567
6.8592006500333
6.19081729760596
5.09772708366509
7.06778243989604
6.37085848951371
2.32705785453139
6.14430257372644
3.90316745804736
4.57432357879548
6.16779391325395
4.67291596163668
5.33006575347468
5.11481543149665
4.14237897051076
6.29730110910308
4.45645458377452
5.89378762812697
8.19610948141051
6.31525682177765
4.34121730958256
6.31515208041846
6.92357383987442
7.99536726834054
4.49093624747181
5.12154847521937
4.21810491336322
7.36179302504102
6.95708454254438
5.9725576417666
4.14704769607744
4.88211204599125
6.22703961147203
2.12883096655723
5.87838525869653
5.19578431782777
7.19562881482702
5.9276719302805
4.93747497277158
6.42265195563584
4.82737176057294
7.53816020472656
3.98301180849228
6.10407745920078
5.14044761973535
7.36387587150621
5.89980405239767
4.61780689881266
6.56050785378997
3.41322151715618
7.03235350293932
6.16399631610858
6.24799613633437
5.85668263336358
4.79554771754297
5.97155700115545
6.89013024004992
6.06135884768196
5.42441201881027
6.9872471304847
6.49530201170165
5.76382018539032
6.47863249990529
5.71674946555614
3.83578709533649
5.32038847882461
4.88669767231794
4.36888589724369
5.00617592617714
3.66308077445724
7.03131728595763
4.76303542257935
3.36564550357858
4.64210050667688
4.05571081104694
4.4029794642331
6.45425693565494
3.65151609498404
4.8819631744309
5.19631547201501
5.30930893237286
4.23040052672941
6.39110034407757
6.18410109860928
5.3495414061278
6.23342099225576
6.25070053304285
2.61356052020988
6.96121455593768
6.52901652827847
3.11891716230602
4.92514043090492
4.80550560554588
3.86651064614611
5.71036170560073
5.28060116121264
6.3607245928509
7.96520648355039
5.09672383318649
4.67720296851937
7.14301821976831
6.99080873930964
2.67740045889889
4.43679738753254
3.90544451270208
3.41322151715618
6.54762299811045
3.41115985921724
5.68040835784217
5.93445137089779
4.42643748056463
6.42304270642023
3.99653374605375
5.67508635203193
6.57060259415203
4.45282758372938
6.07269082349544
5.68043838553841
7.3806216574112
6.99013952878896
3.7116853665035
4.09724719687557
4.01375339253767
6.82747588163939
7.31291686865515
7.03628931754622
5.92753098796475
4.25016831606629
6.5468324363202
2.82939128588686
7.41143448848206
6.73776877096306
7.96058042312589
7.00590443664385
2.81593397948205
5.81916494347721
6.08817467606374
6.50131326824645
3.42501176560077
6.12860251016912
4.92322386640041
6.01407086184877
5.80831322366667
5.69570527293963
7.41043093447141
4.0298546028624
7.07480567070989
6.50035564945561
6.49942275490686
6.28587521392919
4.82018669266139
7.85690899127319
8.01336554623701
4.90180940379314
5.96570502531094
8.19742589834758
6.55446132222494
5.6252571843834
7.00521751586001
6.93807344505319
4.61456364735426
5.89831726790426
6.04643234928648
4.5640952590466
6.26107325911077
4.41391439008771
6.21523191009492
5.80818768051499
4.51994902810415
5.47266520631143
4.41035532838865
5.24201455810877
6.50218064651193
2.51047456534677
5.44542267361712
5.82207976567507
4.96782241182036
4.76103003958426
6.8041457935128
6.97235033651629
6.42049398704583
6.9942902683745
6.6806997624474
2.90675077095508
8.12665906538844
7.08572534569309
3.98494824816742
5.20165294417822
4.50418984109566
4.37000589476401
6.58133872754169
5.04724885016168
7.14864368809187
8.86300309402584
5.90886980121299
5.37355829418026
7.73019220870879
6.59042731578664
3.44112103648901
4.13337582988991
4.15843139253404
3.62341578364916
6.64032100705059
3.66795161076393
6.4441289354323
6.72769810913391
4.33954340278677
6.44036571162547
4.93266853833686
5.91384804366219
6.97617417503955
4.15657430716396
6.93955721809012
5.98921006268746
7.84579493576294
7.22638770629878
4.25440237611022
4.43997055193739
3.74005487864635
7.25608355687514
8.43910205573584
7.97349328413059
6.8069809047698
4.50348533856428
6.8775643805196
3.91594648721149
8.38105548292663
7.70738976540761
9.01320575278153
7.46880205606825
2.56736048698072
5.44177093028745
6.71100667337404
6.97740320783718
3.43689378381475
5.929770534523
4.67382900286961
7.08437126869494
6.62070899669834
6.33169924672794
7.88947291601781
4.68211898503754
7.79004095696448
7.20997296304409
6.76627843767107
6.55626867656729
4.36292303779434
7.98050313077179
6.61834629033509
6.63211779054924
5.17610572903415
8.26268863546898
6.05712393818882
6.54662219228639
7.32155448475446
6.73298803349178
5.39530823926473
6.30249523044491
6.16655440656945
4.42933209094933
5.54182699794133
3.10429409929966
6.60511697535259
6.44216423140921
4.6455022378301
3.64385724914588
4.62220036440933
4.84365571392485
6.19232000824248
4.35171473464781
5.33850312950739
5.38014708673984
4.72764379158069
3.79732604297627
7.3289740885727
6.48933790430294
6.34824794811512
6.01996003671405
6.68358667578109
3.67519566743967
7.11211117489822
7.00758679124239
4.76295161294408
4.63163714856358
5.91137218567567
3.35066144369065
5.91403206025912
4.49312664685334
7.37667398563061
7.46413691243312
5.37165381201993
4.55145804923053
7.03228928321468
5.68392816415967
3.60789749091606
4.86071325710812
3.26564495972413
4.43229844239339
6.36552631608189
3.76971189004087
6.60108582022561
6.17066930272546
2.90883135973317
6.87578299308416
3.99534588371793
5.99788322630171
7.2342306195628
4.70955700523995
5.85986207319646
6.61686769285023
7.38815915820285
7.65962754693562
3.76006014155399
4.34921225173516
3.98076398260709
7.44999625474912
8.0171439959537
6.56750667172682
5.89685257399833
3.76816894749733
6.44599769376354
2.73812661324342
7.43079516898559
6.74819422811682
7.59455589513334
6.14588543434374
4.57647580314075
7.16341510117664
5.68614687001953
7.40980574455648
3.35153155773549
6.33718927564581
5.08124774399239
7.24710925950535
6.49212304874441
3.85705769104516
7.99627196250754
3.62122992467953
8.15063317066969
7.09554605820535
6.99762527303388
6.75428734817747
5.18500772230494
7.64844841737718
7.71963866555289
5.96687955166537
5.94622558028261
7.96063745923077
6.7689712911997
7.01271930554427
7.32658308761633
7.01644923832079
4.08528278270382
5.91907864013625
5.77339809232513
4.47567805491575
5.58432937515584
3.85641693862492
6.4000399253085
5.65341795245371
4.25234592358579
4.81672087376305
4.4338633664283
5.55799169663439
5.98669246356031
3.44231204995016
5.93210700241451
5.98847617651943
5.47006138172992
4.52063005706101
7.15976646748416
6.93728452637166
5.77470502683764
5.84520601025544
6.23101896860791
1.54221653643845
7.61631921523801
7.08209296406156
3.92261324710213
5.34080970227154
4.2124538441854
4.1988454396356
6.57605321848242
5.55493832307762
7.01703544325596
8.43807996129592
5.69583047721261
5.86381543677218
6.93835151814638
7.34493434758679
2.79492299969061
5.21657968829438
4.43392299495491
3.85895015942458
6.232745476369
4.40890371040015
5.78612739192025
5.16357655474404
4.86636206045995
6.15067522441963
4.50510662646431
6.59421861958112
7.14513702141295
5.28152643324144
5.4945008884236
5.64801564029455
8.07506149140656
7.46090683149034
3.82684046423768
4.89913496518014
4.83095548907926
8.07377031403815
8.31759749485694
6.26187746314915
5.80831064905007
4.30068834666085
6.25765817233666
3.49700651232497
8.04957051203086
7.37590479451186
8.17875562664095
7.30545284008049
3.1076847571337
5.41635586199743
6.14945925714379
7.51194138850563
3.12454941934288
6.28714894677017
5.19955962272218
6.81680091084387
6.21025488138324
4.73466401001491
7.7419723027153
4.6217619611501
7.36018071807886
6.76484136622088
6.57623983302014
6.29884104710169
4.95382892532956
7.15316959317975
6.72176574818923
7.05023339937675
5.9619621635796
7.42437428632013
6.59746693783934
6.68293877944756
7.01241818554173
6.36317573267279
4.77285066441388
5.93838438901921
5.31383444459473
4.99165067292817
5.13964640182887
3.12648433446688
6.59258202851777
5.49994143222848
3.79278227585538
4.10550406668652
4.86300919984631
4.11879884008357
6.45943295650862
4.39717779587309
5.93847350488858
4.82311672597296
5.0933554586971
4.8531653024139
6.58228626644776
6.58148402771418
6.15362495585567
6.61304865824607
6.9970565009102
2.81440666648227
7.41522813632452
7.32692987901703
3.24142828026224
5.54461167344451
5.07767212784822
3.56386680156484
5.7279834419227
4.66794039595273
7.09162483749809
7.71350751381258
5.79330790663161
4.69448343331009
7.55384477605759
6.9943993169291
3.87506258054098
4.93625530314056
3.04397076615793
4.18776680006795
7.01595625412033
4.20179978176072
6.87807047948426
6.51315307404606
4.49019571116406
6.89137596243011
4.10152119137241
5.22257757130299
7.19680909527171
5.20453589146338
5.56501017678616
6.16760368320101
7.21384980386103
7.73607966701769
4.57259429218413
4.42438453774239
3.54941533414062
6.73983983896207
7.53938231573804
6.84237221632636
5.38488255324506
4.76722328094954
6.89006705885011
2.86539514733206
7.17736993348263
6.54215271350138
8.12796622498318
6.43734752899863
3.93912109458092
6.67550492915941
4.84840729126377
7.06513945871856
4.32835609710536
6.6124215223657
5.407042878597
7.12959134568328
6.69147470982296
5.00133844920843
7.56802060034991
3.85883143235938
7.44237574660528
7.44680814636158
6.60060645730695
6.19397436526783
5.01762221319844
6.68627495430431
7.76551425926073
6.2683394458566
5.98916672062168
7.50508045570301
6.6225075240595
5.82439543394972
6.80082090843234
6.39422162152505
4.70292613013017
6.51341036703275
5.51159907228019
5.02965301336624
5.35587129534506
4.59678783773834
7.36658232183959
5.55804708795505
4.07587575075047
5.65553865396205
4.54723233475593
5.27622470070357
6.99360106519106
3.39217979357467
5.52692777001164
5.92231182828637
4.95628722682243
4.6811872328351
5.84328871465368
6.84982866680575
6.47639135989064
6.92474790018429
6.93041014836695
3.10638827239488
7.83110326848433
6.54807135533394
3.83479711282129
5.24120007332828
5.50841656777621
3.9514237575242
6.34152499786597
5.27680287838463
7.48269897857233
8.66722004923805
5.44490949743226
5.06682246836776
7.96881813684974
7.3319313097142
3.82344943317452
4.03751593971106
3.64842610350296
2.57841702350039
7.37671323252709
3.92385909773274
6.82645733211783
6.47671102053729
5.25127487183146
7.2255787164577
4.22673136157054
5.38818386797132
6.11017829138698
3.35874583449917
6.94871032010226
6.71619600582841
7.72201138855988
7.42776797034299
3.975559970901
4.55298744820979
2.94692582787145
6.92516770806668
8.14159953355625
7.97196674986215
6.71089549922223
4.18253767019718
6.95177434176836
4.11504607408142
8.28222241654103
7.60855669902203
8.98368127224333
6.9072371705182
2.7096690163592
6.8317624852492
6.47194497073714
6.33650131892671
3.56736152974854
6.44989606407722
5.34082403829305
6.3493525948249
6.78559773798244
6.3466975475196
8.07275547149907
4.72925225309418
7.49442091901007
7.73396361189731
6.4669989812737
7.33223115080632
5.04631895676866
6.59706880645386
6.26645083769607
6.91085938283492
4.02245411948434
7.27475581878308
6.50632304108089
7.25513537496974
7.71434395685631
5.84038323075023
3.61915961708644
5.94266018829517
5.63818887117552
4.76688062841751
6.58155821789169
2.58018226399871
7.19236712075175
5.0116239781171
4.09923299618682
3.22773736397218
4.58433845819722
5.47540022878946
5.45526649719601
4.56256345119602
4.97552978433811
5.22958733367022
6.66508453344013
3.83057888099362
7.60944880672561
5.52262506841862
5.13489888555331
4.84343668056184
5.31710718478061
2.98763937978798
6.53565270464607
6.28687155003487
4.19100415610967
4.85230669901414
4.97114401696455
4.08487907854945
5.65389920353989
4.87168336485119
5.72638852264715
7.12089000332975
4.88451932402943
4.85612113905064
5.80267820884339
6.88546425627692
1.7331276963353
5.77036351100396
4.40183127752697
4.31093445212726
5.89787722053318
3.68539503924928
4.73613559527859
4.70398887520737
4.57161332800014
6.0123271866199
4.15834672137035
7.01334199320769
7.76646086822443
5.55339631865205
5.35654558769289
5.7097729910561
7.31429027122681
7.41438303985354
4.00006342796409
4.46904058220905
5.3462424618496
7.75250945639341
6.01183823674312
6.14970632608119
5.21893993401841
4.47018864987182
5.76099107673406
1.95292508508154
6.95027749663754
6.26767655576878
7.37277749914163
6.52511157729493
4.06039115418667
6.06686051280679
5.22373962018945
6.76498299907183
4.14832739731718
5.9585568690382
4.99492702957276
6.26184822420754
5.77929346588891
4.82008671687889
6.68088661311146
4.00748544610499
7.11071297998041
5.40395919185319
6.16472921563615
6.58443056566433
3.87718250013489
7.92954401776559
7.14639494921654
6.57087436584288
5.40386389244904
8.28317440935831
5.7399085000944
6.58841097532691
7.84822602757752
7.15959053802646
4.31481096642713
6.90268521969413
6.17474487198753
4.45913099041918
5.17761347591399
3.24770948491243
6.38411690322198
5.51370224811614
4.65369270324819
4.43644748647279
3.42837397425055
4.91632694774416
6.64135314336741
4.37550031891299
5.97225205755104
4.043369175809
5.14278107426816
4.09979312966183
7.26870581769735
6.41743074648785
6.47834271182872
6.7680093145415
6.19046719775682
3.8750300057893
8.17219588968247
7.07577581602544
4.45503590016368
4.40191911513809
5.7338304888014
1.93062850429571
5.18988413998312
4.12632612427864
7.4817784676346
7.69970142371254
5.51846548549418
4.40407878637211
8.10707100706378
5.49468108486148
3.5951493766944
4.75511228483633
3.49363285668365
3.67798949197201
6.87419086893417
4.12359318546153
6.591719169887
6.53162941287421
3.00818733914308
6.1927909400654
3.15520999491106
5.51987994256166
7.12979522469771
5.33476323068506
5.82228099525918
6.84832960698186
5.78124253755058
7.0327467671652
3.65362525889542
3.77786848053196
3.91309834306067
6.17450673676553
8.15286906366549
6.96301461604692
5.77384208747185
4.75660949513225
6.1425259158639
3.08352205632454
7.50969282565196
6.8270918847832
8.16085041189031
5.84938347536404
3.85654831408741
6.86346132560475
5.61551318920172
6.77326835198011
4.04593133158126
5.8036668997526
4.37699013896909
7.07135689598633
6.09241077127106
5.03083878054886
8.17267795920442
2.672777811131
8.09783521060542
7.42822843298923
5.53578204167033
6.08464795379256
3.14933862249141
8.62593330114195
7.3553813031486
6.63560397542579
5.42022405873501
8.7286842106646
5.01206462245091
6.71351694560924
7.51004863666921
7.07604392512943
4.97030117775028
6.68508075293981
6.26960606719408
4.82545418173673
5.80656064987981
3.44179752646269
6.11800533801744
5.58168663521262
4.74855389845473
4.63053552802305
3.33946402604487
4.65021538253962
6.09192635014304
4.49298586054452
6.25337066646799
4.0954611944389
5.07744930340714
4.39277787488979
6.94327242211742
6.30734109623347
6.75946132074566
7.06099405976944
6.33091398250425
3.6099729709088
8.24018027677895
7.06633133823941
4.79980008624904
4.7161466597391
5.59322504875253
2.09817350848863
5.03199574859613
4.17138649573556
7.8484318016182
7.90466154548902
5.58678364334336
4.24619039498512
7.56266450207981
6.29183354835234
3.56335331590715
4.55611268637627
3.68705698481516
4.29137444013729
6.72111063076769
4.46270942600296
6.56636121485045
7.14501436103947
3.76792468505039
6.07712581948246
3.64228278168929
5.67086866486922
7.50699049624146
4.93102492178397
6.5013221314779
6.33945883874242
6.31129300783871
6.6131160897975
4.03082053043917
3.26899771229253
4.06408706536823
6.70455720705366
8.48381120416293
7.48269285649326
5.95126223496106
4.59938501716401
5.85865550575592
3.34344008131137
7.65599140238518
6.97339046151642
8.71027720511468
6.52513861731693
4.11503582255452
7.2387717776441
6.03447995315065
6.48873402845337
4.61721101658866
6.23361447525835
4.80693771447484
7.35280564756932
5.89865287238686
5.45046945791654
8.32433059493075
3.10741553221108
7.70342337184419
7.09895402312948
6.22774170127441
6.69226434021519
4.46778223782654
8.13803736009092
6.68937579154868
7.02240407664651
5.30283724934849
8.43744475478412
5.8926379470396
7.33479944520309
7.3521126392678
6.64954332549683
3.95378247393387
5.96081250815234
6.21777344672266
5.39042283024025
5.9178155202557
2.3150173355926
6.28916410864622
4.54372304449292
4.69672127798331
3.6137697041292
4.09862983068859
4.64434000764971
5.91364982067425
4.92844576010586
5.86409281222771
4.36712792651372
5.84510688421509
5.06850008706647
7.79861761498891
6.09819912175437
5.71237358766983
5.92643038244936
6.54363921924523
3.24164391526193
7.45604431758844
6.35913166590746
4.2128093918007
5.44041496679608
4.96793837496952
3.4855141355278
5.27868465726428
5.09291811115376
6.92071870054728
7.86570981383043
6.02386743761628
5.1505856001122
6.42252769468625
6.22249390598246
2.90278870253078
5.42792856205155
3.95341334567637
5.35377641927835
6.28791617091738
4.54664407381757
5.90579660147408
6.09478155793642
4.70764349190209
5.52603116244266
4.34094029149968
6.82919473335562
8.20683930122383
5.74890001966223
5.15474196095716
5.74005141252269
6.95839018039979
7.29508899392958
4.97136644949624
4.16934546389435
5.06166635441464
7.42633285223495
7.43382206252456
5.92447460990497
5.3249098918495
5.01715396993768
6.14191264742227
1.87220119647259
7.57510497818003
6.89250403731128
7.87638371669371
7.17698930792191
4.37512255566605
6.6621166698889
4.92993299675507
6.85739541715502
4.86641238227383
6.4135824370122
5.41239725323268
7.23929189455595
5.55024819902016
4.33474282270127
7.96084298206238
4.17825221240327
7.41995073273243
6.4425528709316
6.46237421208502
5.92353070676132
4.86859368379199
6.93844092249448
6.74573925654104
6.24462730941241
5.60309629437955
7.02629351963535
6.57034657240746
5.95508486467081
6.84277851388315
6.18100200240304
4.66166904983993
5.64330527808321
4.64832154204116
4.63568613429027
5.04555245799385
3.6502472799979
7.00680122956699
5.15101560217357
3.12726937330183
4.62926701221753
4.2670533772328
4.64223164294853
6.19000168143956
3.65134718405496
5.62551567203103
5.57418974986794
5.50846976256992
3.72625756688979
6.01879754873358
5.98728795380444
6.00787835643834
5.64406248512654
6.24985287111413
2.14964175411568
7.14159305458995
6.72716846480983
3.27395881470565
4.882521276571
4.96054725794553
3.25486890014693
6.28671780734152
5.12744057822547
6.68331124944346
7.50095757479014
5.29487576971783
5.2528803192605
7.27218074822935
7.1179407791797
3.12609076994525
4.52325544748969
3.98169821366201
3.70878393869157
6.47712201469265
3.86139746892337
6.12909866888853
6.11516001221612
4.61772027402361
6.35254172300244
4.28758929162904
6.03045659362427
6.48092036321592
4.25102636526464
6.49760081346626
6.00302504213097
7.79704768089701
6.84560276540546
3.59376090360184
4.16276010663346
4.38814341599009
7.32621917796399
7.73440022892538
6.76678873566837
6.12380185508362
4.35778648898206
6.04268947648058
3.09431045352099
7.90069010082891
7.22702438330988
7.98406458647601
6.44576243963652
3.26685034018783
6.29373437846215
6.21667329110602
6.63611859924031
3.61629455905974
6.39740134167249
5.19202269790378
6.46498722255453
5.99417707033621
5.39966165370443
6.94618202571117
4.03770002366184
7.08730902250319
6.73960782817103
6.92907178037972
6.84149146326737
5.27876439837798
8.65907025764655
6.40226403764005
7.23884969797973
5.27881063529502
8.4192574679639
6.67516204869443
7.60056088181794
7.51608035268396
6.90916356694414
4.51908439023752
6.21669326773488
6.7616411560756
4.89706539681595
6.08700824578638
2.65512248363133
6.30992761622358
5.50331879191163
5.23807641163447
3.13554719616032
5.22090409645029
4.7439423607871
4.85013708133744
4.97445750310635
5.38611390281619
4.7040635161214
5.27733246551006
4.98445280478518
8.14009130941986
6.31305285594219
5.29339370276996
5.74051132097275
5.93931912617625
3.46555191805783
7.05680049199885
7.27066162685189
4.37872505304838
5.25451242262866
4.75503156138392
3.94427115195318
5.8802063293979
5.09413698078624
6.5422750140484
7.29913860909768
6.31156858164007
5.36024491790414
6.23006104701805
6.77495774751425
2.21784425271566
5.71195617272661
4.6088757989197
5.48247706484783
5.33818917132447
4.66107691804381
5.22085215165896
5.46022233802054
4.23580998299249
5.80046330404787
4.98741642636977
6.79559444412378
8.3989228727675
5.81679291751698
4.69544280893641
6.24838122122904
7.40546326523107
7.07486611573421
4.80049146290111
4.93956475255293
5.10629509159676
7.80307371970358
7.84877168666236
5.798776881913
4.67589197526087
5.1083327835434
6.21236439899912
2.04396015490932
6.7685324409571
6.08593150008834
7.38315095805056
6.8987188827534
4.92249442929318
6.6432866626301
5.6510708895078
7.69449275706604
4.45977825736179
6.37582987737107
5.43017240475052
7.29000433708265
5.34670145712881
4.2509321534936
7.39386359553075
3.81083022144257
7.19495492345378
5.42517162690828
7.31658395006151
7.28766517799243
5.20388034220205
8.0737646806094
6.25160545799854
7.18205825745994
5.30125677564538
8.26826874565632
6.6002779925185
7.54376944129816
7.68516169064766
6.96125558557401
4.24265592689492
5.73961086451528
6.55199088872477
4.761969042975
5.38422623891565
2.83955391237567
6.71366592512467
5.26778940062222
5.02842614428363
3.31997862490465
4.80094327641654
5.14768066968819
5.42108662367876
4.7813635176409
5.34620888684782
4.49507716218933
5.4198707661164
4.6659190782847
7.52896524600696
6.36514487457208
5.2534886868016
5.42197759447227
5.74622514071078
2.85216696989256
6.40131028067567
7.07045583728711
4.39561147759981
5.36526598630179
5.11666460712712
3.9190523133467
5.5878854975887
5.11002934925283
6.5591614385998
7.2739197704912
5.90849418615775
5.06792408609493
6.11307172768423
6.50785575431152
2.66401796744071
5.56063730775299
4.18990903497075
5.16361319568129
5.60716126905067
4.70384246653381
5.667025866384
5.14135846885399
3.96870798978975
6.06943540177406
4.52721681961495
6.30918557076431
8.23170801124064
6.22086136908412
4.5532346509961
6.24838122122904
6.98583258786336
7.94100065049301
4.63327660137422
4.93956475255293
4.61988621823731
7.38344304233589
7.38703574613675
5.18572207641376
4.56700851611119
4.52115710198278
6.00370818773313
1.96095581969824
6.65964898180744
5.97704804093868
6.77009615255136
6.58938291900424
4.58806833432608
6.65917903109671
5.27387561796405
7.61148842185496
3.97183305023155
6.39172224583767
5.44606477321711
6.95557824211555
5.75076990869594
3.87340673928378
7.41075002008218
3.49229649494209
7.37938635219811
5.82890993580937
6.2481783082676
5.792246269419
3.70183690772286
8.2254682074134
6.18282178886929
6.55500414375097
4.80646281711599
8.13012829790081
5.56677303724746
6.75987729051841
7.11510414709517
6.93635227032339
5.41882825909358
6.772356068124
5.75525705265943
4.26668779742156
5.76451371935542
2.5644311203613
5.8463834461839
5.77989206900223
4.23420488392007
3.34158962591178
3.83098434772848
4.37423159187898
6.41743190143208
4.32938169365866
5.89335901460687
4.3838044665138
5.45681063290901
3.23181948898606
6.91978763827787
6.83506978914571
6.4039447325883
5.90898786543299
5.82957022114149
3.38599244332349
7.37550634666441
7.1136602848123
4.45088844218013
4.23367559876631
5.56371584282041
2.32192792355076
5.02662335490274
4.01161848415903
7.16178056307247
7.18147123779836
4.74814962640521
3.63376292728317
7.38891816358327
6.9508988742289
3.28839062642118
4.44894105057944
3.58997371551004
4.11238633649342
6.45356025205795
4.03158302991238
6.2849604196138
6.52575822123663
3.51746040575769
6.71367389349898
3.32769950354863
6.30613984244885
7.14654559949255
4.8096787857082
5.73608352309485
5.99189933743517
6.70951379514814
6.83832587562839
3.06790765542407
3.17926462973979
4.75847650267389
7.03095127093876
8.07055875770298
6.60179578685393
5.99858379853599
3.74737586836557
5.66951196865029
2.55497741353937
7.69265400698096
7.01005306611219
7.78897262371817
6.01821610268634
3.70022203093252
7.28360435020198
5.5186321869685
6.74052579132724
3.86548837078176
5.81643593206471
4.3897591712812
6.60025226147046
6.11150002873751
4.37183410848825
7.73894313412542
2.53598979853922
7.89256480141135
6.75779042926057
6.26221799383168
5.83820482396442
3.64722829277168
8.43293202110899
6.97658523568684
6.6099429013682
4.80163165482512
8.37849118364955
5.51216442229626
6.81481604813564
7.25358951760943
6.86618142957165
5.0225637374298
6.46533163733197
6.213270205759
3.84454415181922
5.45158367556881
2.87145555115332
5.72379044413623
5.94492047687385
4.69221803701964
3.6486140567038
3.69150492112938
4.2516385898313
6.17938591382135
4.4678670641729
6.10049268563637
4.83086883482525
4.82435280653709
3.53884391977808
7.05827300879214
6.597023801535
6.61107840361782
6.216012296225
5.96805559165576
3.52447781383775
7.540534754536
7.30291924776088
4.38005731609629
3.57566879112182
5.25768546811323
2.75439209537781
5.61190336190313
3.94078735807517
7.09094943698859
7.61393540962541
4.91384194769561
4.27674978681304
7.15087217597255
6.67041748079421
2.79792882296964
4.28391264270781
3.48702408174029
4.26185251856451
6.4985122542032
4.32238494957172
5.79449861616224
6.67522440330772
3.23697901232302
6.75862589564423
3.38893269512393
5.9678729524096
7.52155441738105
4.90705294914939
5.34605475709174
6.69234155090362
6.86359704631826
6.96719028819206
3.44291647331254
3.82233747014716
4.42020961263462
7.12766514904783
8.19381567316941
6.47230311572682
6.20604761223154
3.88586123887984
6.08671203057418
2.65202143431451
7.90011782067654
7.21751687980778
7.65947995259107
6.26657898843509
3.72304228086385
7.00279281410125
5.47401395557594
7.00544495896137
3.46834780067934
5.53562439596398
4.10894763518047
6.62307251140179
5.84696149620564
4.32688210634299
7.86220004959185
2.92535465112356
8.16747072451747
6.6351974272129
5.66122178270538
6.41239591534205
3.62576074037888
8.33516351808444
6.90987150184232
6.77759999834618
5.4041466923203
8.33781153282471
5.4884867403384
6.85551296852963
7.73559127248663
7.21067687115908
4.67677415483638
7.13595388955478
6.22133978127477
4.40582350436902
5.69647099962542
2.854291702236
6.45243143298453
5.38826250708111
4.69485646009243
4.08044482137991
3.62279215846688
4.98464147750671
6.62645483098563
4.56753977405439
6.24371405366205
4.26891181162643
5.0618870776066
3.71724742721163
7.14326607666233
6.76940717942514
6.74980470793973
6.38546361209129
6.40546789601411
3.74959026475426
7.87419085621411
6.72203072289119
4.38016940888133
4.75825192289699
5.74421377106009
1.93062850429571
5.07880043364391
4.13730693583545
7.4288011242505
7.69970142371254
5.30346478723689
4.32806869601783
7.92489644461929
6.22384916125586
3.77333372592404
4.72299377715044
3.57817352566549
3.57788659718962
6.97253239052371
4.4795958505544
6.77634162486732
6.50077371540333
3.6999402979539
6.32854757923849
3.15520999491106
5.64531968359669
6.89327177732349
4.88858951596002
6.0240275932384
6.46826423200829
6.59462114026074
6.68110047689399
3.41710181152119
3.34234543469768
4.03853808409569
6.98788533947568
8.75626725635876
7.16382898732672
5.64719615533212
4.50452382195748
5.68045983267224
3.19245135900382
7.38304689351222
6.70044595264346
8.39141333594813
6.28490652119833
3.75494273866874
7.02978542371204
6.17680611873712
6.58983097932058
3.94703462790359
6.02462812132629
4.59795136054278
6.99271256368354
6.06619787657978
4.90037875127342
7.98924058654489
3.09742877673908
7.62108295005187
7.43338011809657
6.05860785867693
6.01450890339622
3.76590090437689
7.65857572719425
7.32653804539116
6.05575857115991
4.33292913497136
7.80409581329357
5.68895191000718
6.29852359555113
7.32569301805145
6.67914496161917
4.34789299294746
5.88758830739272
5.34468389907035
3.50413087409287
6.06756034562281
3.51255642435174
6.26344938622048
5.62701548258957
3.82363173033102
4.23037463385932
2.95002381297917
4.79197628291521
5.37354677707067
3.29208887684905
5.20035917121821
4.81303559323072
5.50777892280398
3.09766746193723
6.74408464113445
6.40590945990996
5.71094488919967
5.76588364681689
4.52226243129383
2.93372453729507
7.39267318458919
6.96761752766953
3.78621988565654
3.63988231003441
4.97368684423871
2.83686383298006
5.58412595918012
3.56003212952773
6.02211607305486
7.40105532793694
4.20542577267831
3.97999294956148
6.86235486134041
6.81552317458647
2.39960561847366
4.22301480895753
4.07934462272048
3.47336488702474
5.44049034839804
3.14171988911181
5.39617541166628
5.7639492880949
3.25929817925791
5.81422805126635
3.71612076986233
6.51485257293557
7.29451448530966
5.00569717069419
6.0400840677653
5.9995973816498
6.5930142181302
6.45561181876755
3.12393523847493
3.14108236167054
4.97577241656625
6.90270751660278
7.22414246412811
6.77894447116856
6.12835119257431
3.84908337527221
5.3556598541197
2.84456290575835
7.8949338250472
7.21233288417844
7.96612130803278
5.98626042542272
3.3340996588928
5.95085321152127
5.90379175433906
6.48518781330324
3.29069867534335
4.89997214501591
3.47329538423242
5.97315456563492
6.06331218108467
5.26028897376969
7.29835910657761
2.52795906392252
7.59501967209579
5.88699974133201
6.83397042198384
7.15853036545027
4.97424554322195
7.96445123767824
6.6103702041141
7.61271710139771
5.1341555471729
8.06136115320126
6.39910125243503
7.94473792852966
7.65090949818482
6.55766390477466
3.90015904089863
6.58860704582813
6.15534263097696
5.36328004712286
6.15023592617482
1.38738701905869
6.58284202866219
5.57112611314315
4.63429046223763
3.02202434099771
5.08871776313692
4.9188656767267
5.57336337894919
4.93693258558703
6.18332281398141
4.80738748079211
5.77763553902446
4.80483385657482
8.09043465243122
5.53286576438244
6.09026513446675
5.7125405761937
6.31746865993014
3.49205878962715
7.52012293653279
6.94914158419994
4.33535228248533
5.24507060286934
5.256873592313
3.4942734600657
5.21531143416335
4.85613239748789
6.8624269161778
7.4093101012102
6.2793962103045
5.43265741015774
6.86949143506243
6.3491263836408
2.57286797817084
6.01263991291733
3.39865409252221
4.45426886533017
6.20374163452268
5.08376033790603
5.57587587711411
5.10994855479458
4.49865570584476
5.8658255120838
3.57587048566259
6.73933713235317
7.82413676913449
5.65229945686488
4.26104691421904
6.19356892478268
6.99866035181484
7.31625643981052
4.45649059426846
4.26986428704346
5.00369619509785
7.95525685609243
7.70626028363264
6.13482115250898
5.01137862250167
4.87791049754259
5.53313886325256
2.25009274326953
7.10401908819793
6.42141814732917
7.71919522864657
6.69620339893373
4.98092290351443
6.51223528547854
5.26446254382359
7.09791239159401
4.38137582473998
6.37896290594673
5.38525447011527
7.69853052041769
5.27843823647548
3.82753812855161
7.38982102417108
4.24602303235461
6.78159979562139
6.48381807557195
7.00085151275798
6.91226447290039
5.23234358386054
8.06782290182676
6.0762485704995
6.71567387814434
5.68051468426415
8.23578392951633
6.65498916350855
7.0476947052763
7.3929730781895
7.02920380688246
4.20903615459316
6.24718517109273
6.54785163422859
5.51806674869787
5.280293363634
2.21489417577553
6.96323122101134
5.15116529310939
5.02679946548924
3.80668147514217
4.76885983788555
5.26962057289002
6.05032777452262
5.02026706346415
5.52477938280529
3.68656543618124
5.76875231268026
5.07070426448904
8.04832938927333
5.65748080276086
5.43205918275905
5.93522348206712
6.44365316037966
3.44995352646927
7.56038976678778
7.07578751633968
4.64422939617987
5.54539554239863
5.46257847350398
3.45216819690782
4.82222379415301
5.43265741015774
7.21415405244477
7.3672048380523
6.40604214244425
5.03956977014741
6.99472869436891
6.20779427413916
2.9818836415031
5.87465199012891
4.12605835445666
5.26764746804032
6.34669455187748
4.32627173309321
5.98489154044638
5.88047713493236
4.35732359634312
5.91037588843726
4.20581171571322
6.55612724038275
8.01855495335082
5.66608048288862
5.06348157787814
6.13289206987796
6.21975626767922
7.10594588712758
4.65090877848481
4.28306964026534
4.82048630312744
7.16985496253346
7.60729688850364
5.69971272342312
4.70272898949626
5.1076162140915
5.84111453432467
1.97165116879671
6.79536945519251
6.11276851432376
7.28408679956071
6.80728710527293
4.64429656135781
6.91571053981126
5.47300928204661
6.86138894421978
4.69025293843453
6.70340224544183
5.70969380961037
7.36190417826106
4.68984236684703
4.6390684427195
8.00633632946935
3.64405851145516
6.96470702561485
6.61087862446013
6.23366891765286
6.5386267179369
4.85217608879737
7.89515904741105
6.75285971105555
6.66601253330407
4.8071872450098
8.29000163452363
6.31509824061795
7.04858330369474
7.25288988662622
6.53775923340907
4.10473775015392
5.40603285479131
6.00482417889459
4.88700215312657
6.54860518185816
3.27615693062661
6.72736179330147
4.79981877172343
4.46586830390586
4.02522359821575
4.40943830628161
5.23870253839974
5.18948870274417
4.59159947255908
5.1446220871908
5.27041138973491
6.19847402639014
4.53886651526149
7.63759935900981
5.96825287737109
4.99290286263292
5.23194290632844
5.64006720813005
2.69854289233423
6.98116250595237
6.40840999053968
4.07450450717914
4.81757266972273
4.32053249141376
4.35275645024022
5.93279132111613
5.61821305867069
6.25589671524934
7.90248386910671
5.41658733704372
5.49177926155084
5.41025448225182
7.14324858515543
1.37182479325816
5.33483897465056
4.7018971683122
5.04047347447617
5.48889721205622
4.24136975245871
4.37483269220142
5.20137856012364
4.93800687561935
5.51797576886912
4.73903498734965
7.51994762221429
7.95670514296353
5.04631936238778
5.20659974069718
6.02829938075424
7.85286205491848
6.79242155869194
4.05625566313788
4.42045153155649
5.81153750299931
8.25774603998386
7.14441447937253
5.90848345681707
5.53780380318496
4.42210125696917
6.02332376694015
2.45622038299246
7.78799888951552
7.10539794864676
7.86039256360581
7.49221480572263
3.96359609370373
6.49526441773943
5.41749751907367
6.97998878988436
4.00013710963218
6.06295098635303
5.11151549334161
6.43589677285776
5.20638783814663
4.60420069386739
7.16795939988972
4.65151364817151
7.14591123725654
5.25230655612685
6.97537349151409
6.75889154876857
4.86198098023567
7.6856279067766
6.78710901015262
6.5547201505676
5.57298360750164
7.54938892521081
6.3928649241716
7.54274392567719
7.3053079712914
6.39333280444353
4.47799903068939
6.88072043858505
5.69756970935709
5.19444594311309
5.94301234395894
2.11943398326322
5.15693515432523
5.73013432888979
4.17651754061775
2.97355529626979
4.94070600052745
4.05111869054505
6.00847060366715
3.73057219155054
6.62256549105858
5.41984326039824
5.26555188591763
4.59389448940715
7.48131898587187
6.56929610083225
6.77625184125478
6.22886450139638
6.52831875945056
2.44656377018652
7.51581789943607
7.36292452921822
3.97614592187706
5.38644894017019
4.16409852781761
3.2482122036902
6.05264935143372
4.73007497083332
6.92456670163433
7.27967752741213
6.02756889994884
5.26449472034529
7.42306807452676
6.96231118155428
2.95399765355782
5.35358179339464
3.67677199280704
4.39770711666077
6.53133348099645
4.87558592542272
5.94520204578746
6.08227982318795
4.53610092339837
6.39884080933318
4.20114850640533
6.39161566066491
7.70292649910422
5.40543807890236
5.33948274070515
4.99736299575189
7.32865302566682
7.65355174215415
4.66584218980063
4.57799818780169
4.65187196696795
7.40234911101194
7.90533751943527
6.81356671256285
5.98445465030953
4.75057566558763
6.29213659816535
2.64631361574148
7.67974568977169
7.0321756921999
8.00160694232633
6.70446367186285
4.08267756930449
5.53386753039271
5.65442217453874
7.66291267867764
4.4677224912554
6.34644509597744
5.25885577192946
7.79179372301466
6.2663456435523
4.64402552164306
7.46961076500138
3.94804809885631
7.52334222619925
6.48716344305344
6.62009985882407
6.67007682186168
4.89202297707699
7.64844841737718
7.84507840658792
5.992216397918
5.73657531293179
7.91820205340682
6.47598654597175
7.00456902832601
7.35158616311626
6.76469370781207
4.05873974534647
5.52566085745985
5.69006361444799
4.26569764489886
5.89320648885039
3.63054416014143
6.10705518008054
5.57008347457658
4.16901144570865
4.59084809527956
4.16709151589163
5.26500695140643
5.56706178619262
3.48441731310805
5.9742122655724
5.9051416986423
5.41172997935272
4.37929794755938
7.11853725276491
6.76973952217873
5.60682987997866
5.49389349073693
6.27312423176581
1.29100691170231
7.53298473736088
6.95665322302654
3.57130072758362
5.19947759276991
3.87736383579956
4.1408478080111
6.53482400376318
5.16152054040121
6.66572292373746
8.38008232967142
5.57039073617759
5.82258622205293
6.39328109974366
7.41270659966338
2.61148562703109
5.03314231563485
4.44948522075545
4.25236794210099
5.92266217156974
4.36679844724226
5.60269001926072
5.34701392740356
4.93413431253654
5.84059191962035
4.68854399912384
6.42634347272212
7.53855480408935
5.22352880161694
5.78658939380659
5.38124378975789
7.94962175037153
7.25125656413952
4.22025824691408
4.63236311464348
4.66308034222027
7.94833057300312
8.15005249066403
6.63940287735894
5.85041591220796
4.44289650460115
6.21555290917877
3.35567440282333
8.30165618520562
7.62799046768663
8.34630063083387
7.47332798693948
3.24901686663533
5.02293807932102
6.14945925714379
7.28639875268821
3.5179672020193
5.89373116409376
4.80614184004579
6.95813302034551
6.15225724975874
4.88697693107336
7.48988662954052
4.70509643902723
7.54361809073839
6.47185662099292
5.87925854680766
6.77006707001377
4.125238369629
7.43780770495678
6.88683175755996
6.71603301769866
4.98164143394823
7.91787189366937
5.57904295810788
7.0723559585035
7.40991754842206
6.19308386306723
3.67187897351357
5.67107145201282
5.84086221663893
5.09805226913837
6.15508879738051
2.74107597501634
7.11378347988967
4.92825292461845
4.31981004789959
4.0772434611365
4.03936728822174
5.36524986873824
5.6652834828344
4.72350366406323
5.85594625857044
5.62709630294681
6.09727113691936
3.89443276540524
7.47580103225408
5.26005507532597
5.76288857905582
4.84843972341492
6.3089486368834
2.74696418501763
7.22565619871722
5.80579862571453
4.13240353700239
4.73149883516719
4.74196051012335
3.61025650527129
5.92688478735535
5.75768185993257
6.88422017950454
7.9118469148681
5.54726149454905
5.7991232096717
5.81358686469112
6.46543957151243
1.88856395354823
5.35400286730179
4.76232980395186
4.51009803296248
6.21677766532122
4.75756881062659
4.89157185249153
5.29583382886838
4.94945003932067
5.33632661696489
4.41288357988959
7.18902531854617
7.48725581105079
4.61327766641363
5.59822930261831
6.10505177446653
8.03518116416248
6.89350919409707
4.00903728179593
4.49869871832965
5.4320245228875
8.51590853326188
7.77273794362773
6.28538153322961
6.01480477437991
4.45148710294558
5.51291574416373
2.7073485757039
8.10744524007616
7.42484429920741
7.86975560936719
7.39000387164711
4.21228572278133
6.62746218328985
6.32135301728138
7.02420810943123
4.11406362459042
6.61313127390508
5.6119460901256
7.08412169293554
5.01833610370852
4.51287708835399
7.56957934536947
4.97183392556736
7.12478358525027
5.89685253151472
7.10680648571254
7.0213126356969
5.02855652354708
7.78448530118651
6.13020122543463
7.54737457525405
4.68208532290615
7.76933909888263
6.44252713464536
7.87865866483756
7.42685848857968
6.47888222068567
4.12070014032955
6.42667367775175
5.92204965867414
5.29200532494718
5.94518902578498
2.02692006908003
6.42945465848224
5.48279009887952
4.39848491423302
2.67447516905348
4.96912510131006
4.71248776651996
5.42666209400732
4.54415769118038
5.66996584725663
4.71865788259855
5.49330153573663
4.46558109275778
7.72372855114946
6.09275191970062
5.83001369947148
5.47843889232599
5.29938017576464
3.3301254215508
6.70140320191632
7.05477391526697
4.62082397075118
5.00109158581402
5.31599434825326
3.59764708943558
5.39220985024344
4.59443178575421
6.17098535549926
6.63365801421588
5.64541673653717
4.59443178575419
6.53893816071261
6.70743952352365
2.01785059817078
5.80507655668915
4.1321093500502
4.85372783758595
5.64806034110386
4.60393751845536
5.02085849711408
5.29825280415616
4.39358859524688
5.86293894622682
4.20553448176844
6.60251543691841
7.97963731632594
5.7268747249105
4.86088538217966
5.67185620855916
6.887901489137
7.76017164780384
4.40760176959468
4.5882942968761
4.9354159055603
7.3261206743036
7.01508217416888
5.80468249490761
4.76600811457126
4.27992004440268
5.72515298639439
1.86085292491585
6.49734567719037
5.8147447363216
7.02775366796804
6.40415647881343
5.03759517843599
6.48131350067911
5.47287521642413
7.64932989194325
4.54430473802768
6.31405786921766
5.35042802975224
7.19512467620858
5.48171333688739
4.09894937510121
7.16390604648325
3.2710133592159
7.21708304758104
5.60369744265802
6.60263513936299
6.4547862875342
4.51891508741967
8.04655772983328
5.82033005565525
7.02752299545781
4.43679282923253
8.04697375332993
5.93509582808303
7.35880708504132
7.02487155725429
6.09809684626308
4.69164968267085
6.28467765483137
6.32806198551785
5.55565044643749
6.27938764006294
2.09546570761835
6.20534569445867
5.54956829487127
4.78910611052913
2.7430208075918
4.99467408258259
4.48837880249638
5.42699223667337
5.24087711722279
5.69407860899932
4.8273138610591
6.06971707536354
4.45213383748676
8.00048715715812
5.7431365231907
5.85344771021451
5.46499163705496
5.99609960180704
3.60688402755946
7.10502536511447
7.17076917851595
5.0816838628381
4.92796725160573
5.35842975407721
3.84940261994429
5.35976119989147
4.91329565492074
6.63184524758621
6.88541354472459
5.83917463542138
4.56198313540224
6.1614127465028
6.77542391062014
2.24471743273908
5.70980398880215
4.47774373726322
5.34134290205013
6.06802116113761
4.40638897710604
5.24772533168237
5.78586786862034
4.46157298234337
6.33845228468951
4.6517081964935
7.12355287021512
8.08918468889438
5.26791766833318
5.07236496354335
5.36056122262532
7.38997525027395
7.425081639418
4.51714914216312
4.30172514987468
5.46282651294989
7.82819443544052
7.0828031100506
5.87146069089937
5.00010383406683
4.75665722606572
6.0726600258669
1.28443738528897
6.73144139668595
6.04884045581717
7.0945318639598
6.66682676214687
5.06314415970853
6.84228263300353
5.52519471574314
7.38156398532175
4.90527387035212
6.67502700154211
5.71139716207668
7.22067365748111
5.20517235592848
4.16782515630561
7.63753157799045
3.6476473793178
7.45173639043179
5.64613284848197
5.4471281457333
6.97614386522727
3.88127092229885
7.59230345158382
7.15699262476994
6.82897674374273
4.95762465844504
7.83672024136081
5.32908066015704
7.17892651045472
7.72197154377004
6.19559683130188
3.34929231692101
5.64201181833417
5.61904236824752
4.6082543791056
6.24148214926491
2.75357932680963
7.06501272735201
5.06652616011284
4.09799019950818
4.0897468129298
3.84741700118024
5.4201886263555
5.25936234836471
4.62746103617527
5.78610918857143
5.43148934924669
5.87645268141511
4.27568096704105
7.49805375891816
5.53021594253594
5.86026274249701
5.39689915849098
6.21290600899542
2.94323505213652
7.35360890798691
5.75186126098444
4.24500978357806
5.32272744681989
5.022441903558
3.86784967230021
5.81494979100079
5.12588794697938
6.76096326403811
8.2653422599552
5.49298665035056
5.68685073384871
5.71654284391597
6.45578753901904
2.19591852700631
5.30404860318068
4.68583250247336
4.33884280090244
6.20427431352795
4.57752045464036
5.19892642594959
5.28333047707508
4.94093712493866
5.32382326517161
4.69901338023917
6.62759572966599
7.80113925498833
5.08218092600394
5.84521917038913
6.01799450916338
7.82671625749686
6.88485121768849
4.31072930794603
4.30674843128813
4.89268835440371
8.29660623341763
7.64914725740859
6.79052951404303
5.88630615933764
4.56974175643617
5.33320115893022
3.05581435623504
7.91062846718468
7.22802752631594
8.30658543233143
7.435831922231
4.46755561441186
6.09456134592773
6.09820534205244
7.01413884098859
4.02200409731141
5.98167484042033
4.98048965664082
7.33939158456608
5.59213238503721
4.95124687317565
7.1786745309277
4.96398492460412
7.00185681244988
5.95179128913198
6.43803850810838
7.26967088814118
4.93713275055356
7.23133431925939
6.65469138294385
6.62086643824934
5.39425310803585
7.47575110903637
6.37725967313321
7.00343720864
7.72284759220869
6.76654637364321
3.29720029829113
6.03609351442933
5.46618354141648
5.01789467291465
5.90705605429784
2.8540123642581
7.35733355916119
4.87310203198133
3.94513137267715
4.15276473279471
4.29862028046125
5.71250945816469
5.61833805065704
4.14072202014974
5.42514005624699
4.94387428478251
6.39618625356519
4.52809678288189
7.27251273660926
5.45566202902609
5.49929361017257
5.61189985674825
5.72616699296989
2.76808202154655
7.54401455134576
6.18126655880423
4.30300741520255
5.38950564281167
5.35686799852509
3.21430627954877
5.74729554657037
5.25723330100903
6.81896089566261
7.63063300639479
5.84462931253513
5.61919648941829
6.79547782974252
5.95315615452691
2.48823935881549
5.72367928054836
4.19909348644784
4.11887563541357
6.16271495614265
4.36853410070831
5.49124725775879
5.02594819400268
4.43830574044655
5.28226390778631
4.63069522238998
6.69266538369663
7.52941394436204
5.48558546415235
5.50859282823252
6.46919778844439
7.47056730685716
7.30381798163742
4.05897377743732
4.75795171056913
4.92513700475567
7.96097394734585
7.18305494206136
6.37276894119882
5.3683339603804
5.00471889649786
5.60150934323767
2.98816011180462
7.39265626822746
6.71005532735871
7.8888248594872
6.21904878137245
4.19079700840321
6.43588710997425
5.67923857810351
6.96204682235871
3.97078812712017
6.32300060446684
5.32181542068735
7.06263297855743
5.78555651316873
5.08404840404971
6.95837359468613
4.22516023540382
6.69855516908389
6.24411212094115
7.26126059561085
7.09944356389487
5.14156710305986
7.80353504917437
6.68608151506377
7.08720277018769
5.21693452079654
8.02980664720269
6.59828975904706
7.47464689348291
7.47290895257228
7.24126765768709
3.95457976813833
5.57578544297612
5.91714772437371
4.77624858945343
5.85272028416337
3.43371517934754
7.47825425258631
5.46303939241802
4.37819184938499
4.12412030189342
4.5372451213794
6.01129751679939
5.35636979351834
4.46655671059653
5.16117836907615
5.35723828678377
6.33301112379066
4.26023780472937
7.05631431218372
6.27875079891879
5.00945914451828
4.95331419579632
5.22110044418111
2.07536407340014
6.92907048732249
6.41745882610667
4.81056969274945
5.38852221206406
5.47410554412274
4.23934182315057
5.78280399169573
5.36330659929894
6.70610593844552
7.41387474855771
5.1538509949782
5.07281249760189
6.01265861886029
7.4394764528848
2.36273515563325
5.54155942445466
4.61756440508597
4.48215634038867
5.64175603888726
4.25759226359136
5.36574305457651
4.54709453990519
5.14886333407489
5.75620600497399
4.85155815536596
6.91178939536479
7.92202684831092
5.71561947843235
5.2359113167691
6.33971422110675
7.86390063883092
7.71597579253396
4.14179038820456
4.76883423352827
5.21196245955547
8.34817371561358
6.92411354313096
5.25299324549391
4.84108437714255
4.1975526772366
5.6202493714578
2.72419842463382
7.09127946347311
6.40867852260435
7.20490235228266
6.72960858939214
4.31536679043961
6.94768122492749
5.532616733884
7.4179307042663
3.76581390944747
6.64028335177026
5.69761677668254
6.55031098393137
5.98860996248703
4.42666893420249
7.22508098307555
3.98133725948646
6.84468588885825
5.94902598216926
