19.770908163011
19.2636959440465
20.5648380581901
19.7272818473648
19.7674709471736
19.2729866391535
19.8366445091875
20.2757724528119
20.1012521548718
20.8765167724698
20.0389605616445
19.5527615494246
20.7786730471277
20.7019964745297
20.3903177602499
20.4996804220727
21.3903226992328
4.99227412528612
5.14770123152747
3.59191420046461
4.09469149944123
5.59524101022856
4.19456534838262
4.6421051270837
4.00139361307296
4.64492393255085
4.15557207049856
4.65834936947519
4.73822181891912
4.44893339177405
4.79910238997645
4.2354445199425
4.78285814758498
