1.07376130822287
4.68676018609203
3.00746974968758
3.36099732399372
2.18550822096356
3.08516479258509
3.39577630510221
1.48463086794824
1.76598800481271
1.07376130822287
2.45217411583648
4.88161686938706
3.29216406867678
5.06594490266365
2.18550822096356
3.75415320245956
2.38801004308932
2.18550822096356
3.66352695143594
4.45268769158145
3.93068840656199
3.62401896534935
5.43101076699763
1.62978830028951
0.980131728667974
2.46764854490424
4.86355725130682
4.07500624218336
4.45268769158145
4.61857068538296
2.49892270496376
4.05206374874237
3.78499676357908
1.62978830028951
5.65464642931262
4.36515052645328
1.62978830028951
