3.17468275008292
1.90301147864759
2.28212814913799
2.82057732943581
2.87205482992812
3.17468275008292
2.28212814913799
2.87205482992812
1.90301147864759
2.82057732943581
0.757178172470571
1.87649150865373
1.64973277341551
1.84972023713288
0.757178172470571
1.64973277341551
1.46899559358927
0
1.90960791539089
1.4412414310705
0.757178172470571
1.55416489074282
1.4412414310705
1.57598875027596
0
1.87649150865373
0
1.46899559358927
1.19305460100455
1.55416489074282
1.84972023713288
1.19305460100455
1.90960791539089
0
1.57598875027596
