5.11360022769513
5.30307443652709
5.90993296777835
8.94904994369263
5.62758316234517
4.6881290931246
5.98148896730045
5.48630726605417
8.22953996594892
4.36739037139074
4.62991733847801
5.78722314944208
4.40733038431019
5.22378029896691
4.17791616255879
4.88418600594374
8.78940995659571
10.7156805286437
7.33741944216371
6.80875386462634
9.07205409825647
5.42248007447702
7.45711941634119
10.424567426769
7.34704793315962
5.76710597486858
5.76710597486858
8.73975289651473
5.97640302204648
5.16503905264373
5.98328006226121
8.88257988942452
4.64177621342998
6.09940717661032
8.92893276911914
4.83095608603438
6.52157413079449
5.89011012943241
6.62753795541591
8.1281117334986
5.97640302204648
4.66985735139744
8.00737647034317
7.73976355800195
7.17632070752678
6.11952435118382
5.27701021887627
5.71387605495923
5.91022730400591
7.26075504054555
5.17558198642594
4.90430318051724
4.90430318051724
5.35630435643645
7.72473232868242
5.71021016139175
10.2152703795911
5.72901139479549
5.72075309517395
7.59994640925097
7.28057787889148
7.22955062743613
7.47005208772345
8.86275705107857
10.770372067916
6.85510674432097
5.70063592060045
8.71963572194124
8.3374087806765
7.18740794606269
4.3872132097367
6.78863669005284
6.99793373723073
10.9796691150939
5.93005014235185
10.2749555906556
10.4842526378335
10.5989520723201
7.43884767461403
9.47511619799317
7.79974330295764
7.42790806266926
8.95871807445146
9.42369335536833
9.5140631159956
8.49265065167627
7.766946098769
8.49144164220818
11.5119832566779
8.94070634429624
9.20323331138349
8.82381017276132
7.61511101237511
8.22891467512093
9.34863789294279
9.53901804579941
10.1139462986026
10.8590118570029
9.84126745185088
10.2562228606865
9.83130215694186
7.82360095175702
10.4773624175774
10.0960201229387
8.50516422503061
9.36898128150933
9.36898128150933
10.6845225451669
8.17487764741556
7.15314243602319
9.87017756688446
10.2075337824042
8.76741627832233
8.58688283416307
9.96886446411633
8.11848375297658
8.15476047284207
9.77659008308285
10.5267285706354
11.5245764551345
8.17487764741556
7.87763797946236
10.0449173091834
10.1947182759167
9.60101163892132
8.04171172541506
9.65127088427232
7.91235068032831
9.23141897433484
10.1030173277691
9.66386408272889
9.02994324540958
8.9938469370514
8.88014227867629
10.3275614508441
7.13302526144969
11.3562504126769
9.53439283246854
9.64374690815539
10.06769811058
9.2890046520665
11.0221789874277
8.90891369367537
11.0921313467405
10.9526759262301
9.98191200078512
10.1528217085452
11.2296936539149
10.2637472653359
9.19155783533612
8.12600772909352
10.765752427821
9.57164879372725
9.69244563649195
8.41354696570345
10.9783183656612
9.71748917586256
10.3585470900259
9.82867425339432
