4.54758578115009
4.88487526008569
5.09930354105463
4.60928440110805
2.92749826446006
4.49560395168065
3.77613631717674
5.35585348090668
4.82278125023224
4.01372185845901
3.13381335028973
5.23960478885727
4.13503672161094
4.25611233883632
4.36649966460468
3.48213538236291
4.10923759599127
4.22399595862057
4.04994200733536
3.47276792942455
4.60947886998322
4.47121894157815
3.37799388035869
2.30809155386717
4.66298861626366
5.21260919907073
5.47957611272878
5.19785818978011
3.80361161799047
4.02698012540698
3.41176886812778
4.81444795524369
5.34758190151022
4.50735823635434
5.62196495449516
1.75064229091659
4.61411590112959
3.56008973404016
4.59961322967509
4.42644823788503
4.21874085789275
4.95808890521427
5.49169177512299
4.69433512389279
5.01845356924169
4.32208591253441
4.52401519586591
4.47399110286131
5.03914782065891
4.15709439340925
4.95527245496709
4.3697638006607
4.55104025037365
4.07376514599085
4.01775733872325
4.92883792186426
3.95359871288756
4.44958510945619
4.01492703159678
4.49677207701163
3.29075602009338
3.71386797346753
4.79576277437894
5.3061400271455
4.0589088649478
3.47245156423529
2.7482805527319
5.5790135797386
3.69619599121215
4.82326136131013
4.30208967261342
4.34772259923016
4.18475343462588
5.01721460772008
4.26838526752269
3.99752121588244
4.6978697332917
4.72170780949794
4.91352585588994
4.76614542570339
5.38983829939576
5.14768517372336
4.16550719891221
4.78466306404427
5.68571276925617
4.91391782257591
5.53765744119978
5.39993614653734
4.44259923516157
3.73542373738059
2.58394013846742
4.50156016901368
4.12068215455845
3.41405655987959
5.24632541013695
5.28975117161028
4.88744005070172
4.86537147789115
3.56613431474842
4.92057333739113
4.94380666856465
3.56334048853092
4.38769809567312
4.42175420648348
4.40653655564065
4.78301196805396
5.37167470092362
4.2991127634895
4.35739423042218
4.99109776885867
4.32701539956562
5.06725093970551
5.53180213358596
4.56190071467328
4.65675287515862
4.50980167675493
5.12169416307326
4.81086073488417
3.77682322801386
4.55296133405854
5.03747644173892
4.26838526752269
3.68265331668137
4.92403264360726
3.39005983385783
3.92406972591362
5.5651327420135
5.13951500438171
3.18383418577372
4.50523207682122
4.20827146700054
4.96144090219961
5.336305719191
4.67277084135921
5.5390592249848
4.62911450490537
5.32557648550186
5.32371633278126
5.09930354105463
4.42073653747231
4.48586517513395
3.88887896476548
5.10092279018466
4.83097033619632
5.42859116246837
5.63134466826217
4.54230027535592
4.0528896905386
3.72404681204284
2.40760659587143
3.05204290973392
3.62277178831821
2.93533892066467
4.18165203366797
1.75456729459047
2.97964474400519
3.44455334289881
4.28323254322474
2.34064123076866
1.94422754317275
3.56091886747183
3.15036528118234
4.89158463036943
3.64945098529384
3.35625006100538
3.76165679536931
3.5426809246899
4.08759380234351
4.7288179216791
3.41835076826553
4.5181485626829
3.88532660883372
4.14983892286578
3.24747115903681
4.47502508358299
3.888899966129
4.3930774240575
3.16015193443202
3.34814164402376
3.57198565268894
3.08283807906063
3.44361369651223
4.2858267154776
2.50010616722752
4.75287640868964
3.75614817144417
3.43802655687685
3.08283807906063
4.20993836995551
1.56655233738094
2.37865123339091
2.87600559259438
3.82568252086152
4.45610133990255
4.04307847702506
2.22025657314204
3.32251073610342
2.18747324044687
4.50532477255427
3.96368624610801
3.45428597372285
3.16778361508021
4.24918681653029
3.22778230403694
3.7495687561789
2.13542850170099
2.9930280194631
3.57992688939628
2.842723704248
3.76344485604821
3.86975063643661
4.25405727778197
1.94073722958883
3.52531981832315
2.77674782138067
4.5163415364258
3.77984684544499
3.320951605402
3.47568076937931
3.48461740244514
2.67601555618164
2.04801036192184
2.90162023991428
3.47603247283574
3.33351604742078
4.34655732661455
2.37617820285347
2.16063464294472
3.79952410962238
2.69502758252722
3.38807603653236
3.86586574247848
3.39554399251749
3.49408267874787
3.21985585412511
4.1286276550672
3.14128054459253
2.90959217547494
4.05257776594289
3.13385769000254
3.78441341231709
3.36037995007414
1.31005783135186
3.33512409036855
3.36571068622369
1.85068793920484
3.90993355621533
4.85101956999353
4.17394420763932
3.72776510505449
2.59703073743703
3.04352878104793
3.50215934387003
4.61420305648663
2.95565666838975
2.78669098601932
3.22816224308629
1.62112203973173
3.39379297049763
3.98042149855572
3.29735676621072
2.64337143825472
4.21890663294806
3.72341238027185
3.6112038554182
3.35945747347088
4.44434899193838
3.82643331403906
3.04818910712205
3.7012190041361
3.08039141901271
3.43501303751552
3.67531182388745
4.27949526611394
3.67911215728564
4.66905535355871
2.48954695548878
4.0708360994384
3.80039796954339
2.05209505057302
4.06083486271335
3.7429170652232
2.21738076256283
2.48954695548878
3.26579886152148
3.15041281935186
3.60689901506621
2.93824260202766
3.49699769982233
4.28004503430516
3.33488735322867
3.06899805206015
4.17125221502153
2.03605343347441
3.3912373653989
4.4174340912073
4.30302745264095
3.92399858182051
3.58707345237575
2.37775353129537
4.20331660127819
2.54955705976867
2.53286305477809
2.71441078559311
3.54854236045267
4.61218633496631
2.75964795651789
3.56201573180569
2.87248187525167
3.0547973483388
2.99234104911714
3.66631276368424
3.57809384296084
4.84360181673585
2.03483478766066
2.02420483081927
3.53390620266304
2.48512266565025
3.19374346470672
3.32461266586328
3.43917444126613
2.51559425350123
3.21864164570002
2.94278860914341
3.31985247207473
2.7173968322508
3.09141144191496
2.83288729389952
3.47875790696308
3.94783052384715
3.65856901709572
3.51446125668011
2.75725983405258
3.61730633196716
2.55478610607107
1.71087625729858
3.81800990106026
3.44423827248417
2.73128722956304
2.81603079892749
4.42350302347713
2.60780411711423
3.91859841274729
3.51631058662498
3.5695051917192
3.2797131535609
3.72159374808451
3.90696227410852
3.72212517421983
3.6350284484892
2.6569687925732
3.91125399666679
2.54173970262783
2.20548607763668
2.85021946507599
3.31411753338219
1.64135996233649
1.72029163007586
3.97709227737192
3.53589678693765
3.47602254674849
2.9769952759267
2.90922548510647
2.84235701387954
2.60013715562845
3.62790264471984
3.4556122756119
3.2797131535609
3.1562185324464
2.74437175928205
3.07467314136554
4.43356266936259
2.57512742705482
3.84378817480584
2.79556072617915
3.96151550309585
4.41797064708237
4.32887718354967
2.97449694047222
2.57512742705482
3.03875093688893
2.9085984637757
3.03572936746913
3.01681865321287
2.92582805222523
4.68037315482604
2.51481523415781
2.54990476061909
3.07879763128858
2.83585376795327
2.82667593090423
4.34411773179103
3.31895115248143
4.72379891629938
3.53258006155509
1.83418002587373
3.69477111594676
2.87878254793771
2.98469078215796
3.29877482349804
2.54370511708844
3.62811003480679
2.87111773718192
3.91915151617473
2.33630708057623
2.79556072617915
3.34947683348616
3.1227392582626
3.34861781278504
4.5449139409193
2.3640602758297
2.11598472824669
3.54257105919499
2.22588604349058
2.52287766735737
4.12441300034214
4.43183814255037
3.63449725099198
4.34320465634752
3.32824690770387
4.65693044507244
4.07153470471705
3.39019117365402
3.43842839458528
3.90696227410852
3.49977857235357
3.69786245442014
3.0512365945192
1.71116822914561
2.61246908860293
2.01121260064944
2.36702365057751
3.35478523889935
3.86530506143929
3.14822392575818
1.48921355210815
4.32631895174031
2.51412058016943
3.38416887344603
4.81788100411681
3.43708685457658
4.21516333321631
2.62100521638586
3.5063726480131
4.02605732989636
4.4835916502737
3.50304115337097
3.84182197568161
2.41842238583459
2.34499793307121
4.00126239763119
3.18769096684105
3.26805779557361
2.86694739777986
4.54377642336082
3.06643457054511
3.44087012292949
2.53234199675572
3.87037037068342
2.28674080126574
3.08627276571755
2.96284394992435
2.97891895884909
3.39819746442642
2.71003031140391
3.55060199507115
2.64785488444443
4.49784063729255
3.147421762771
3.8882650447424
4.06914296031589
3.74296896936605
4.97600783145023
4.88691436791753
2.33248971127845
3.85066010480782
3.38201489145519
4.0236063020136
3.18474687335782
2.62061619196869
2.78044563833545
5.38781439525307
2.7366003388401
2.80256771676218
2.02007145589575
3.88090443161445
3.45346326344569
4.30297353737054
3.53777692517923
5.22052588771157
3.64130267635662
3.68407413561454
4.40363239284994
3.14380065986857
2.14199375557441
3.59320132872041
3.04474086620111
2.81577929679113
2.4301212832688
4.47718870054258
2.5381931916158
3.07150469850059
4.455837710103
3.39315316504096
3.43214455283708
4.84266260946809
2.34425829647801
1.61748671525653
3.26485604529559
3.050153708061
2.02437965436719
3.58998346104089
4.46792286256814
3.68190965283787
3.82445806579601
4.36162060388492
4.70434284691832
3.59786826652842
2.85426413760725
3.452755290586
4.09674961405075
3.40407224129552
3.43778769119942
2.79407936452013
3.56106233888642
3.88605132273965
2.2816265074278
3.51544529262361
4.12878451961373
3.92809313305708
4.17722191136733
3.06810029339275
4.2992490092962
1.86727585907796
2.91692467066775
4.73543041234453
3.5789215518604
3.58200743428242
2.51680701406416
3.62322737520093
4.17770566416795
3.71754689446154
1.64135996233649
2.70646726264646
2.62425814860018
2.34124308929584
4.06933929079554
3.37954984268663
2.6569687925732
2.93941145579543
2.9769952759267
3.56375734482258
3.79518964142446
3.09243367649508
4.19526390952944
3.36485610253105
2.90243143634997
3.89105379023255
3.11391217779094
3.58200743428242
3.40828802691165
4.02083035520906
3.08408950150674
3.97463331613043
2.5938520710651
3.84626135995371
4.10541912070033
3.54158621095088
4.42044383223025
4.33135036869754
2.23396868243595
2.5938520710651
3.0412241220368
1.90850146233051
3.49130985741724
1.94822631242994
3.38140854217335
5.01044289904217
2.63025363472617
2.80197425508434
3.90726085666273
1.83418002587373
3.1458430255802
4.60726887730375
3.84145024113293
3.72212517421983
3.53505324670294
3.05329985159329
3.95792226145949
2.9752781895543
2.84763296522404
3.43453183515721
3.84587918340123
4.1506091234583
2.87359092232978
3.92162470132259
2.93601078997532
3.34341472680038
3.35195001863404
4.34185908398216
3.67868755700118
3.52930511068259
2.46055591744629
2.66383872886793
2.54089731711546
2.77374004411183
3.0707316679786
3.12273925826261
4.17147023498652
3.4176809507878
3.13841792232717
2.73583684019809
4.44011414486826
3.53298177009297
2.38701993482896
2.87160152865921
3.62322737520093
3.80207285307507
3.77419741326473
3.1275715533638
2.78798733001938
3.91274765462816
3.230332426369
2.13769797589571
3.43112019774396
4.19537480565541
2.14505268693313
3.95547366677699
3.25445808194309
3.35394944150256
4.47770621491528
3.16778361508021
3.42709578561632
4.0573968770467
2.58700125253385
3.73056654883421
2.7437940519784
4.41271217197499
3.56206464860022
2.77666150111612
3.95783720711587
2.84805505197091
3.42421176629772
4.07934290099207
2.54645581836352
2.5140356474389
4.75166675110981
4.26554783205344
4.83813686765738
3.45574344474578
3.37909221521835
3.74745286990657
4.0255837662445
3.35679010501509
5.01485544079042
3.99821891210727
4.29566140029588
2.02109558696747
3.83989850897541
4.37021030778958
3.51797834133725
3.64695509895921
2.73514119282336
2.45989249410963
4.54458863594692
3.26772975470952
4.37478957401203
3.51797834133725
4.4132797724025
2.77553816380085
2.68720239592436
4.41711128675269
4.13120124477797
3.69585854545686
3.9340783576461
2.1179857171084
2.9060459476454
2.76358067879026
4.38106961593299
4.07300519208628
3.31641223479569
3.74389105342361
4.7326588629692
1.76348367734506
3.69223219826104
1.91962003193397
2.78886548473692
3.27761666018485
1.29203818159377
3.62557111712105
3.90712886739891
4.04576950503927
1.37714456457249
2.73514119282336
2.56846004863795
3.05204290973393
3.90772561495304
4.54237502323357
3.25987229961228
2.33789052949359
4.10167886136298
1.25783173642205
2.87408730919127
4.05213991117913
3.51726799558077
4.43612318712176
3.18338702281496
2.75879107105234
3.67702258219668
3.12082197161094
4.31333140976641
4.21835616688108
3.90442335642278
3.36982752212661
2.71334784505096
3.96799240861036
1.98165865285203
1.3589066528207
2.58520490187117
3.26930324857614
3.62527566260577
2.60013715562847
2.10591698583656
3.34483812231802
3.58661305997698
3.08182851632895
3.98910874587373
2.86310688012884
2.89699233404374
4.11302240765061
2.83775046340305
2.89846416818521
2.66896448417257
4.4683377025789
3.29479320357637
2.64790440922814
3.92319425346268
3.29621406349652
4.46005712224773
4.13800087021298
3.04272370911112
3.33012928724761
4.48370115906265
4.333780277648
4.81879352534133
2.9543730736781
3.87536010596595
3.24608249883888
3.98790837397431
2.91981546455028
4.64789865087123
4.07113141764551
3.68502585583691
2.69360643303748
3.89256470759484
3.43967200884633
3.25001274929011
3.04293959222694
3.64303825876066
3.17793819692196
4.55546565183916
3.35547406715888
4.0029833039431
3.25001274929011
3.90326243971374
1.92703201045647
1.38488739915769
4.0531869354505
3.31985247207473
4.18124903446589
3.33940706370431
1.03384569584869
2.81954418820099
3.12553414283514
4.34489172040832
4.01553685437867
2.61177851629319
3.90776959091295
3.94440638657607
2.88436729791005
3.54163504944565
2.53323470742964
3.5374510830342
3.83504084510175
2.37617820285346
2.54143109586135
3.56307470619484
4.0566465209315
1.37714456457249
2.64539999694537
2.37607371709538
4.17292653029892
3.74513437128714
3.6923339280177
3.58987434668181
2.52028596326907
3.61308139232144
0.964827193109251
1.99321063536639
4.41409337522401
3.7178893229579
4.48382801100927
3.07985506890885
2.02832099910212
3.46139481692882
3.33634957493793
4.2380244369258
4.20895207572416
3.43692100258113
2.8426834025385
3.19873833405997
4.22043189154724
2.76431483316642
2.44304667408039
3.62105025782118
3.19399627573553
3.96951857167125
3.46503394739469
2.42955010994181
1.98803268301581
4.58504738600263
2.73241228729626
3.65046338618625
4.31906187320917
3.38186941579712
4.15084487408746
2.88269298263267
3.76806041425989
4.52487646080401
4.41927319114485
3.76933566611117
4.10350974192841
2.35410392670574
2.28978049429174
3.50244326672355
3.1264817574601
2.76923866466597
2.3681282668722
4.81007093610103
2.87481888427038
3.37966091354853
3.03116112766337
3.37155123977577
2.78555993217339
3.02195430658869
2.90762651114488
3.2452134715893
3.33387900529757
3.20884944231155
3.0517828641635
2.59263744566497
4.70957733161012
3.35915845708858
4.28646596387983
3.57032382940823
4.00615423235836
5.37420875058766
5.28511528705494
2.55078141840527
4.06239679912539
3.78021581059262
4.2899008147538
3.68356600426547
2.88230395821549
3.2792647692431
5.32641346934587
3.23541946974775
3.30138684766983
1.5212523249881
4.14719894435466
3.38914480431684
4.24775609859108
4.03659605608688
5.48682040045179
4.03950359549405
3.18525500470689
4.33931393372109
3.08562388910461
2.08677631679494
3.53798388994094
2.54592173529348
3.31459842769879
2.82832220240623
4.87538961968
3.03701232252345
3.57032382940824
4.85403862924042
2.89433403413332
3.37074362692987
5.1089571222083
2.28608152571406
2.11630584616418
3.53115055803579
3.54897283896865
2.52319878527484
3.85627797378109
4.73110812556046
3.94820416557808
4.08614583204281
4.5733572982025
4.97063735965853
3.86105352952073
3.12055865034746
3.71148372484832
4.36304412679096
3.33975378216667
3.3763867652922
2.72976090539127
3.06224320797877
3.38723219183201
1.78280737652016
3.72718198694118
4.06446606048488
3.87287569427761
4.43890967761414
1.4273048657863
4.4644679518666
3.34091817369888
3.8192409605827
4.49030844718619
3.43341773478235
4.29174917052418
3.05147055702912
3.77087481717166
4.69612303478103
4.62442323244655
4.03805007223515
4.27228731632486
2.20584999542039
2.43068479072846
3.67368984070058
3.17803007644534
3.07857513216796
2.53937484084923
4.97884851049749
3.57363659502485
3.19059709244353
2.33234341690889
2.92805267795747
2.81871661262546
3.16285860302541
2.87228785225922
3.51392787771327
2.87481888427038
2.64812162508204
2.6082843023452
2.6441857646502
4.45758546812709
3.52793603148503
4.28890990992252
3.43245197158851
4.17493180675481
5.23633689276794
5.14724342923523
3.1592873048079
4.23117437352185
3.80912289657193
4.45867838915025
3.85481257824249
2.88511836112725
3.45051134322012
5.46731776578259
3.40666604372478
2.74065903044033
2.22007003574257
4.31597651875111
3.66813899427851
4.2124174397054
4.06975273653894
5.65559797484824
3.90163173767433
3.35650157868391
4.37247061417315
3.22652818554133
2.29192635809663
3.67888818637766
2.40804987747376
3.34775510815085
2.8131045515634
4.73751776186029
3.02179467168062
3.43245197158852
4.7161667714207
3.06558060811034
3.5116479233666
5.37767152833227
2.42698582215078
1.97843398834446
3.69992813243224
3.41110098114894
2.38532692745513
4.02505554817754
4.8998856999569
4.11698173997453
4.25492340643926
4.32136543471946
5.13941493405498
4.02983110391718
3.28933622474391
3.45949186136529
4.43435386904046
3.48065807860339
3.5815368065939
2.93491094669297
3.23348978195579
3.24936033401229
1.95405395049718
3.76137963221453
4.26961610178658
4.01377999071433
4.60768725201059
3.56384364760925
5.16192322871015
1.44161431682136
4.11028760701426
5.03153230798637
3.43066526216594
2.66643050358488
4.10831765257637
3.41682288546058
4.79973697405452
3.6517887499972
2.74961651570428
4.29797790115865
2.36698477129305
2.21163521229278
4.91990315069351
2.18394384855856
2.44732223498277
3.7899753156934
4.23873864621559
1.82874554575458
2.67112109658429
2.21231063460735
3.11522334028884
2.9936965756232
3.21226955906346
2.58891989641496
4.44298264649785
0.979400350063493
3.86767466526134
3.51205753022801
2.2648801226574
4.8539947214288
2.78174488835548
4.64050193675541
3.6196226339199
3.85024840484164
4.64866950058647
5.23052912620864
3.03372219359036
2.78174488835548
4.38992666309464
3.84119792177426
4.11334116730382
3.4761348626399
4.55790181631608
4.66347967293478
4.26517870535741
2.74325564504469
3.869592708215
3.02754296222025
3.26823538075023
3.30513498348616
4.14124380337994
5.58644119972122
4.98869396847021
2.67844865808024
3.37564764126378
2.38545417038665
2.64648763893309
2.07950890474311
3.93135044088034
4.45040268570531
4.32723164409705
4.14985036967882
3.37420949805492
3.19626724871053
4.25112877614514
3.96700789046911
2.6607712417389
5.30851475320526
2.53445903592607
3.74210630418911
3.73426025346196
3.29754565517685
2.92358418988875
4.3161021946091
4.8626051786752
4.72090909301381
4.72992856083938
3.72013642620588
5.18888032283812
4.04078265529012
4.80579792458649
4.41036307892314
4.13668215908247
3.55744901153243
4.3110119240129
4.21884802836811
2.58755973378461
3.99821891210727
4.08089628626696
3.67194512958229
3.29698161933724
3.74400123842877
3.90495837131526
3.30079338599199
2.60797875633795
2.6382240628303
3.37482482000694
3.95441362749634
3.03285392528089
3.92808950248487
1.86899746313505
1.90243849868952
3.77619518207693
4.64671036826726
3.57298002605778
2.71030791967359
3.9529689368742
3.05518440900189
5.18266140917164
4.2904297606014
3.91245103498393
4.04834640932029
4.22366055350212
3.81209732671172
4.51351812598173
3.80182131555163
4.90242245969119
3.299801756276
3.35593178689988
1.94060138625392
2.92941106337629
3.92808950248487
4.52161014528773
3.56798322586967
3.73402637905351
2.74430196171589
2.59792612928088
2.82522354233893
4.81480675975689
2.30495678055543
4.93618567325459
3.73619408857432
3.01105515819546
3.30116447131769
3.98433347445544
2.21308600825012
2.55537842278117
3.84640587268138
4.19594357591973
4.06341129819572
3.74357575310227
2.5692811624851
2.09508756110106
3.87156037817535
4.01469899507408
3.6602372764573
3.43993975904191
4.10547213400419
4.15594248241712
4.30878209400402
3.16141814554966
2.11785759790015
2.91572790162368
3.74892584039494
2.77350471853808
2.33843582789662
2.91263821689682
4.43736654234693
2.48673394381596
4.05280236585693
3.30511743075978
4.01786112343046
3.21345115604802
3.42219705825013
2.88009731737385
3.15324634686902
3.25551199185648
2.92055325426978
3.00567732172355
3.58063940760178
2.68141985460745
3.44735854265883
2.69294400978798
2.74082301251098
2.42492534857836
1.99319295089135
3.35483203048103
3.9725497433912
2.28194480144672
1.62886487431694
2.73139422851681
3.75012845401959
4.04346957243013
3.61481517507661
3.46302551896824
3.41547344268022
4.52814255596225
2.72328171074953
3.17557634528201
3.3396448621003
3.51888836590709
2.80620566192501
4.11969345544553
2.99269652345217
2.60228943641822
3.81200284251408
2.81697909051445
2.62284131378125
2.58037915198894
4.16731813744238
2.8602198175337
2.62713303633954
3.62849135583715
3.28313671049661
4.3714717900641
3.84329797258746
2.60815032306846
3.24154395506398
4.17876899445602
4.07465170251658
4.55966495020991
2.94387648718574
3.87601584583845
2.81150911279621
3.68688880883777
2.66068688941885
4.21332526482856
3.81200284251408
3.67983259561921
2.69426217290997
3.59786180996932
3.19939278096457
2.83136196256157
2.80266036434517
3.76235108691111
3.15716682403336
4.48774095776927
3.287749373089
3.72736044953914
2.83136196256158
3.66298321183197
1.61987075695504
1.51447704248103
3.77756408104654
3.44944211539806
4.09266370228226
3.03842929733062
1.02865243563097
2.55518356811577
3.03694881065152
3.91031833436565
3.75640827924725
2.17720513025051
3.81918425872932
4.15681233649812
2.79578196572642
3.10706166340297
2.52015735442972
3.50787945076175
3.82196349210183
2.49549103100392
2.10685770981868
3.49535001212496
3.98892182686162
1.28855923238886
2.76471282509582
2.30834902302549
4.08434119811528
3.87180648138884
3.25776054197503
3.56605392786258
2.63959879141952
3.74366610189323
1.08414002125969
2.49202976627404
4.32550804304038
3.62930399077428
4.39524267882564
3.05908369602025
1.96059630503223
3.37280948474519
3.31276406320814
4.14943910474217
4.14122738165428
3.00234761653846
2.54166383740196
3.11015300187635
4.13184655936362
2.67572950098278
2.56235950223084
3.53246492563755
3.12627158166565
3.88093323948762
3.37644861521105
2.34096477775817
2.33093336306538
4.84400239607777
1.66890086049861
3.7299790226182
4.80595673131096
3.46037897656679
3.50194369371528
3.6377684547129
3.48093085392983
4.0141330570905
3.83461775563764
2.36930793130821
3.82742870329518
2.7532208963467
3.01210799676904
4.6943275740181
2.54002999967638
2.17494663488887
3.56439973901799
3.85843006181953
2.94762668492788
3.89811243736252
0.979400350063486
2.57274787292736
2.24021553109167
4.04778274919386
3.51877642956742
4.39336646775795
2.21231063460735
2.67112109658428
2.96958206286652
2.29459383705824
4.51199249659297
2.61699005101755
4.13951158775537
3.07714716655842
3.77469284079699
3.98401203769276
4.56587166331494
3.26100873726762
2.61699005101755
3.91493527361932
3.45495770692129
3.32773725033981
3.14524919729033
3.77229789935207
5.48396021225889
3.42966551522701
1.51034536050083
3.5668748305808
2.64723437782417
4.10374857088064
4.23499151663861
3.37564764126378
5.20020098486825
4.32403650557649
2.45287308140483
4.23858557571283
3.1567634144149
2.52417637165181
2.87998168921938
3.38887497351885
3.68480652358914
3.81735126061271
3.48519290678511
2.38545417038665
2.07950890474311
3.58647131325143
3.74143231379369
3.49336689864766
4.92227453835228
3.30576827995433
2.6253479602217
3.35395166906589
2.18078731120944
1.80682584592135
3.93579361021304
4.81298899993529
4.67129291427391
4.2593793629759
3.37813420137004
5.13333251364131
3.93310421881297
4.42548934019043
4.02136911414257
4.13387152884832
4.37792955085654
4.47880827884705
4.40167703400855
2.32986128467671
3.45574344474578
3.85532070959156
3.37261036312125
3.47981062497768
4.57659689533752
3.52464978691919
3.30388059467909
4.89951445489893
1.5372331847388
2.62446858347868
4.98349098347574
2.81886863687995
3.42119507541966
2.89387618316322
2.86317446022048
4.42419192742273
3.54645475176108
1.3276836522551
3.0835364317455
2.94660666810421
3.27277422265106
4.87186182618289
2.3338991413987
2.3277806537003
3.74193399118277
2.80590313322624
3.21722039121088
3.97495399354755
2.38201418564821
2.89597432926658
2.47577659089504
3.96703413089824
3.13100087525211
3.88901982722368
2.71289985099778
3.64406832819797
3.29280851920574
1.6530834973714
4.65392386586424
2.60882966237422
4.52555190968753
3.84654774118272
3.81565801112267
4.30803491245062
4.88989453807278
3.12934106150781
2.60882966237421
4.27497663602676
2.4060915211273
3.73779612067204
1.74263536170562
4.18235676968429
5.38893990100797
3.80412150266572
2.47810417123526
4.03072518783843
1.54172393868467
4.03390260212517
3.84721596232329
3.62332381865181
4.10062217618565
4.64805938033435
2.63040733356961
4.00363240304787
3.45098034559615
2.55374904516824
3.1406479151014
4.15827554814316
3.93248270097717
4.14576130022178
3.80921578154296
3.25628907348398
3.08604084402828
3.91049418800929
3.91896656595848
3.3862314698121
3.88431100209844
3.59998521113556
3.63187989950685
2.24844122992639
3.18213082961532
2.81335778520649
2.83028317107352
4.3698526300381
4.19164650709299
3.51548709142622
3.45354525383395
4.6596177369173
4.01057942642237
3.35210177348341
3.98460766229061
3.44503688021746
4.3122135833672
4.15269441523055
4.09265339201824
2.5439055741252
4.2251440193701
4.03285496175634
3.43250958679365
3.17078698298738
4.46946146650197
2.41913934777968
3.40552081842553
4.27791540709529
3.35844019930489
4.63407614827754
2.81412883206097
2.11934823597598
4.080034593999
3.53757466444999
2.32760292092482
3.39944972241302
4.41270865592135
3.28734014512473
3.34772861027508
3.58040966358252
3.58600424840942
4.19290409867288
3.63865522603189
2.39624729120028
3.06297626367277
4.76555962609589
4.27003858985578
4.28818401930592
3.15460749854954
2.55889823750097
3.36209405100553
3.9549205603227
1.95382647710569
4.64044559241958
3.69708296591103
3.74570855194444
1.3771445645725
3.08006922240023
4.03217446256658
3.86139713430897
3.82190627076704
3.58235556265316
3.86285612201903
5.38624048383258
4.1862488991523
4.27959498691903
3.86139713430897
4.68222911825384
2.20666138859492
2.33354761290511
3.54833863634504
4.26851268582215
4.29523255304643
3.97886381224332
1.09452839195621
2.32776705525573
3.55133150348353
4.02178903154962
3.04954786693409
2.72779006845984
4.32837853068207
5.05531186256142
2.62240269521449
3.00016566855373
2.85657559764176
3.91518165817558
4.12483103001464
2.31549550674595
2.657442648028
4.55301378244886
4.88742135292492
2.31410013028027
3.58235556265316
3.2068485490888
3.91096192760336
4.06918691127374
3.68488086956606
3.91321523689394
3.45724152897686
4.25804879472526
1.90178275881703
3.30967250383137
4.8398907358724
4.13999575947252
4.90443695077838
3.77967926995579
2.89831616734367
3.88200375669793
4.03767127273038
4.66013087344042
4.95820086360714
3.20668378937118
2.80969558888688
3.29008061963459
4.30881484513738
2.53151377091886
2.38236397797289
3.35389723424634
3.92180866013756
4.05567243636659
3.57901746597524
2.85015904971092
2.11696158603667
3.53315313669835
3.87861061577257
3.57745985967026
3.55436437220087
2.22701512908559
4.38266021261219
2.48614679672198
2.1958129732424
3.14204700073761
4.71533427453454
3.81236004174215
3.32745725326051
3.72812063240788
3.82085225774107
4.78261215387617
3.78636619485724
3.68480652358913
3.64829715402482
4.74225583046433
4.43171119990602
4.47154601483684
2.89720477687413
3.29913377764086
2.33024934401851
3.80823160936957
1.61241658730106
3.84269981147641
4.03097244637856
3.33777834533242
1.96246545492453
2.92818758285821
3.61253960791493
3.7361621994358
3.21580719129554
4.32259110279304
3.70696355601772
5.22945597392739
4.02946438924712
4.25144171113772
4.43940054147262
4.37491712341205
2.73168128521232
1.92123024144187
3.3549229053589
3.56179539458041
4.44133891612153
3.5709336056313
1.38544936252978
2.03684608468216
4.07419541783867
4.32441465016282
3.33205247750445
2.47038734678443
4.3081071736675
4.44921278308993
3.91096192760335
3.30590053691484
3.05787290167417
3.18584741635312
4.51459368913413
2.28128906157423
1.36888341563913
3.36507276183023
4.73063684301975
1.90178275881702
3.32495284097774
3.5983877314326
3.62004095702979
3.59656719485311
3.6615770739345
3.82011262114787
2.42539682198983
3.45814703151981
2.19270372939059
2.27782779684435
3.7832744472651
3.66891233614613
4.43485102419751
3.3100933433749
3.40979925769994
3.41241783011704
3.56658784940399
3.60720550896689
4.43362782824607
3.02689103607538
2.08116469678662
2.55555795693285
3.57725151442011
3.82007300330771
3.12259951811278
3.06297626367277
4.49981206730121
4.35749470525758
3.10120932867535
3.37821138494533
3.71360626205404
4.19834200112632
2.61791194126862
3.70514734000851
3.90281222694591
1.73818988035012
4.50187383194949
2.1927037293906
1.78249570369066
3.72301947365011
4.61501839070626
2.39624729120028
2.00285767521568
3.35633233547916
3.682499890026
5.28158749355784
3.41457789792852
3.39792103327981
4.15165965855772
3.87446677217142
4.29789914774071
4.38467966092249
3.46269294217803
3.88278123493978
3.55052371696797
4.37675979827318
2.05032211872228
4.29874549459863
3.79357860752761
4.05379399557293
2.79489941286792
2.73376225390123
3.57324510933441
3.68950841890404
3.8243794559149
4.90623856009196
3.31774890478486
5.38871366898044
4.18872208430016
3.53906672888276
3.68950841890403
4.68470230340171
1.3276836522551
2.65711736414222
2.15236102908057
4.59208243705924
4.68776744723535
4.21384717004067
1.40261383558471
2.95004643130861
2.62240269521449
4.44362826950011
3.14604350855067
2.92215136487918
3.39944972241302
5.0577850477093
3.70054771314913
3.30245994927525
2.95307123925834
3.63442780169806
4.22132667163122
3.66036644180535
2.85180394444734
4.55548696759674
4.88989453807278
2.75837996714617
4.14573166293751
3.20932173423666
4.989106945538
4.46691022634193
2.80590313322624
4.00971087851052
4.0416055668818
3.32911998645621
2.48614679672198
3.87304860411573
3.91096192760335
3.87194352370028
4.60137217446794
2.43480833489639
2.37286649730412
3.57893898038748
3.51267032008455
3.76182744085835
4.39433332966555
2.74386442644484
3.23153482683738
3.45152196145793
4.50237905939318
3.61404595370472
3.72723491303228
4.4425806291313
3.84223525416861
4.2514657395172
3.97155236016416
1.92123024144188
3.31457221300551
4.3425243904986
2.72302919976845
3.95187620898108
4.49816859981898
3.04352878104794
3.69969125656653
2.55272491409649
4.17394420763932
3.47523778794024
3.48378762989525
3.02229955450885
2.74238516267879
2.0977468164949
1.63496441643709
3.04094200032309
2.85000607196435
2.95686724520441
2.29052046808018
4.22433924843009
3.40537814442523
3.62504623212356
3.3265441469396
4.14087822872049
3.79951175810929
3.02011525863409
3.71506138084146
4.17734996619362
3.44885541422089
3.65475994652441
3.95856275563337
2.54869673069426
5.12766932860985
3.45727438286882
4.88095445665449
3.49692720632551
3.18251047716439
4.87095321992944
4.50172911240481
3.08972202312644
3.45727438286882
4.06701116080769
3.15584543483388
3.57997745913644
2.89393677868714
3.47007614389256
4.05412982128325
3.30796579729889
3.0484461746971
3.78506121655875
2.23932741349039
3.3143146954421
4.43127646791267
4.27610589671117
4.1272725618365
4.39719180959185
2.02490256112084
4.20565131420991
2.56339943647404
1.40244762818671
2.72825316229846
3.22950535025966
4.58526477903654
3.56976631373399
4.37213408902179
2.88657628808534
3.05332551419733
3.80245940633323
3.3134617935097
3.51350995718915
4.91024470285495
2.04867716436603
2.05540698666246
3.57584885542878
2.48365083150878
3.19227163056524
3.52788664587926
4.55143110461663
3.62489158486724
3.17433582235951
3.55035514738095
4.2678184761905
3.84781225884218
3.13335409468071
3.44045383213707
4.60917333355447
3.91975667535919
2.69824156381172
2.39280247614588
2.40440886387804
3.29637382148659
2.20193513589653
2.66832390084091
2.69635112052602
3.24202105988098
2.76837505005675
3.25226146139003
4.59445252387735
2.38766995767688
3.90144610044548
4.07899277845222
3.59435317622534
2.77915391139275
3.53528442579943
3.58051079951998
4.22670374727758
4.01533703288526
3.21372358826488
3.72494467438171
2.64857121167231
1.08414002125969
3.79240795966043
3.40083046714177
2.89455649358892
2.66248012466031
4.41576328218612
2.77480118661011
2.66259266175646
3.28687462833005
3.94986434350312
3.75984223949973
2.09957791346031
2.75260781047437
3.61737343748477
2.48640184385378
3.59244919490892
3.7850106176787
3.09952112587168
5.0524356497143
3.02652897396082
4.41784392868873
3.71754249629783
3.38021254699196
4.81947186715337
4.73037840362068
2.75436278103487
3.02652897396082
3.61280669077182
3.34726946858991
3.16080163776967
3.08536081244316
3.05090032252579
3.96123799134009
3.26829627868934
2.98613542308162
3.80963744281416
3.06055559794309
2.44262617173715
3.46882289754556
4.23643637810162
4.94850074628919
3.63989754243623
2.77636852045818
3.25470540761646
1.92607328185223
2.74440750131102
2.17742876712105
3.46568688720713
4.54559526042698
3.27261895725292
4.32065273624573
2.98142844857068
3.36706961527743
3.75097805355717
4.06492775284703
2.41130767379212
5.10166873661097
1.41135100974422
2.68749361734498
3.52541874689318
2.79739493258887
2.74609446176362
4.34911483033196
4.26004884197584
3.46420544716297
4.15689533406243
3.64108463997007
4.48663864124343
3.57950626646813
3.61339550689831
3.62789676524481
4.01573992543514
2.99921933018542
3.82308508021469
3.21296925759746
2.68986676101377
3.53445085872161
2.95340109523388
2.41382144725532
3.51651790197761
3.14616989795333
3.37142825900248
2.76091260843165
2.46826659354556
4.07738320540503
3.62435327374279
3.90801915522011
3.56881498384021
4.5602534044777
1.46268947156979
3.57028681798167
2.32506000305276
4.915568699406
4.29034789265244
3.06301253362274
4.21551060050192
2.84066436897636
4.34513145894852
4.43031721725223
4.0382783981872
2.99264148359021
4.93093215588976
4.63048378953848
5.11549703723182
3.40160407050519
4.32259110279305
2.91887151035436
3.98582480123508
2.97211077882297
4.3206876623867
4.51836241447261
3.9817293677274
2.98592278007673
3.89048113485562
3.81709473886432
3.54232909632936
2.66134971673051
3.29913377764086
3.06301253362274
4.31093682948462
3.01156958603908
4.4502143007702
4.24556743836617
4.19996595160422
3.30209300228974
2.27488502446111
4.34989044734098
3.53594387484247
3.68681706840946
3.63611057559479
2.40890668768196
2.61512497707183
3.70945965672151
4.79212271723542
3.93273406351196
2.67950321036308
3.56386510979315
4.22245345782878
3.46829281179642
3.60935974351554
2.53397434402283
2.54189639395814
3.53440580036942
1.25783173642205
2.33701188473219
2.81318602082379
3.81211769857698
1.34433349586646
2.30149551582556
2.30036228423262
3.17737184122286
3.63318082508794
4.519071227602
3.29621406349653
1.78144579959486
3.50504044559235
0.789740101481208
2.04550594963907
3.41853868614795
3.4271883717571
3.84575680044565
3.04564862373714
3.2374188194507
3.4271883717571
3.04564862373714
3.36548154457785
3.51510868380331
3.34973104686318
2.63826419140933
1.82367734222672
3.34492966721483
3.46829281179642
2.09914219296058
2.62549556874512
3.90093358635003
4.12517285805229
2.72619378372048
2.78911716119347
2.54538398888734
3.62813353969187
3.13845340255799
2.42158448896502
5.09243597922577
3.87058215902717
4.36417514810556
1.40193949683765
3.91488798236769
4.12308205585948
4.46575565766233
3.07148803745523
2.6227562561334
2.92480019447415
1.72311113023775
3.86418819755045
3.67705944994359
4.08709686769193
2.35036689494191
3.72520403912749
4.11958943184448
4.09708641353266
3.60087388270311
4.70067167712049
3.2934077379597
3.23528458060679
3.56318706187555
3.2212745753491
4.07142308056659
3.76620074818308
4.37132347301227
3.08135018889502
4.21282897127297
3.11044654371037
4.08445701509626
3.73532048278791
3.31361552396525
4.2436397039456
4.43467688440482
2.95682253366701
3.81368488574719
3.57820686180904
3.20503391778026
3.69340077451062
2.24427408444793
3.28909953948825
4.98410256792658
3.42577627752429
3.85873815354136
3.38151211354031
2.50669087194374
4.02764740844996
4.90331664932175
4.54444386187319
3.84631232804086
3.60069436803361
3.54699993553379
4.83972664432926
3.03105245303189
1.73276544799754
2.97131452588697
2.67808764270025
3.8224462334851
2.19142693102862
3.74482057303795
2.95898363469608
2.94519723798396
3.72346958259836
3.25607896496022
3.44006190070029
4.41110949355235
2.2219302611454
1.84219577432699
2.30227166081458
2.92384624754438
2.66071788862735
2.21576990137017
3.93474007897319
2.62679875617904
2.6053923462478
3.63315305185935
4.02873825301671
3.29625161407963
1.60306237466465
2.24548283080824
4.33078723087998
3.55308405618476
2.8672280563723
2.3436139931995
3.54699993553379
3.5193980992388
2.14455230734706
3.01593414433543
3.67831914829311
3.54511997416483
2.57864988906193
4.48050924306533
3.38472361246136
3.06145577509605
4.81189763927699
3.64188047472382
2.77773456973973
3.45071063991711
2.30703664412412
2.76389219303437
2.99845596560227
4.68912285030442
3.88750940568405
2.1171905899492
3.87681899334762
1.90075862774531
4.22952026338884
4.07461628456092
3.56834231100807
3.47909873114592
5.08732001071049
3.44858700402927
3.89084044343176
3.96066044574921
4.62365016092229
4.42843963603962
3.32782569513562
1.93598920398875
4.84562121916007
3.16018766127294
4.82069697658422
3.44189648799381
3.77330694329083
4.24362374252752
3.70031479137998
3.98073162496032
3.9796991385273
2.2522307438242
5.08162850938284
3.58745318551271
3.98261056271018
3.70031479137998
4.84105447244713
2.5306508621043
2.72368933404127
4.31360859411847
4.6586544069583
2.89432153691502
4.49654406036464
2.169516816596
2.99301883632856
3.08085809788093
3.67087395341246
3.03171059381715
3.7993240743732
3.85790512507947
5.16232906330139
2.65901885993044
2.81759310388804
1.25783173642205
2.62705784078329
2.43958540935052
2.7128390826201
3.72897665394137
4.33490356744355
4.58280937847519
2.44747258457842
3.58006362718772
2.90223657463906
3.9475780923193
3.29808004583897
4.28505013012537
2.31447137567423
3.10270865582677
4.43587028572468
1.94865345367077
3.71900974355564
4.3694173302698
3.63789716232532
4.28082405364859
2.54914124962992
2.50955029881339
3.04021588406115
2.91316022132551
4.55302591011205
4.44451537173042
3.57862762170673
2.18260072369981
2.59483729853938
4.11608962352748
3.03852516268764
2.77970755384703
3.39051339896229
3.47610605744594
3.86517630365149
2.17810644984382
2.62153978639993
2.23729854525883
3.74386569994418
3.87898166059427
3.42325823104456
4.05212691563572
4.15652443638399
4.03410540388943
2.74681043189705
4.45999519960186
3.84631232804085
4.38942069881772
4.08709686769193
3.96762719119278
3.12875894729261
1.62661548862117
2.82387913396041
3.90113677804696
3.07148803745523
1.47138915860209
4.72837527795255
4.09172887395956
4.00059077191607
3.43245197158851
3.35580074206108
2.9497194114377
2.90521483639066
3.46669142025898
3.56297467317006
3.97492743895
3.45811530455457
3.03603236644881
3.36729246625183
4.80523903877875
3.33977221839214
4.08198382994838
2.33234341690889
3.85027295830177
4.24116651879773
4.43220369925696
3.69735079170329
4.04301056042896
3.57573367666118
4.20820515660531
3.41663104669202
3.58914501950731
3.01232981166965
4.65403282371046
3.11249651242198
3.55065270991286
2.75923273748743
3.50836461402328
3.70848031377399
4.80682100770516
4.20075553535118
4.84798607012041
3.59822118288574
2.50669087194374
4.57657549881653
2.93455681141531
2.01870772535435
2.87481888427038
1.30794132279413
3.47875790696309
2.18895374588075
3.74234738789007
2.39208134405382
2.3323434169089
3.72099639745049
2.21576990137017
3.10999215648415
5.42671832378906
2.12543461952882
1.25783173642204
3.30394540289411
2.31099242646931
2.0763538507224
3.21744364344971
4.2344475197571
3.08961811910539
3.95026328130719
4.1914580638568
4.33180302932715
3.83290904841616
2.6047361167442
2.70441218404041
4.63385200719043
3.22301431196863
2.79089309752771
2.26727903435489
2.50669087194374
2.14925177933267
1.10424324375701
3.13166630458774
3.60198418944851
3.2150502299487
3.58182112788697
3.74201702947921
4.42521926581546
1.53019118677641
2.17462750063891
4.32394424209083
3.63651137443729
3.30423662457297
2.45573974836308
3.68081719777781
4.14572579667144
3.40581713412973
1.46322582167365
2.64539999694538
3.24519137414041
2.83463778785092
4.59182138755519
2.77203557619882
2.47883465191035
3.46189355255507
2.66526551559489
3.2101783932485
4.41309042834768
2.54093535917052
3.64073315358787
3.00791119973871
3.85007568005153
3.94864361280943
4.16119309053912
3.01148455703399
4.08220476299811
4.03756734352704
2.47072623492874
4.27315810646157
2.20542266996561
4.14478615028485
3.40841130638259
3.37752157632254
3.87546099959462
4.45732062521679
3.12229906354543
2.20542266996561
3.89421087662409
2.26772479115357
3.07982368716353
2.56027809926296
3.52438433617579
5.15727379367517
3.74178029233933
2.91624060603538
4.02368318987605
1.31005783135186
4.19312393832838
4.66485869988063
4.15545842749546
3.86895606885283
3.93535482348641
2.35036689494191
4.45074120995153
3.01284391079601
2.1156126103681
2.70251148030126
3.72013911334302
4.46461730982083
3.55402314310518
3.37664186868697
2.81815263868386
2.64790440922814
3.47792027515329
3.63892612733078
2.90243143634998
4.02212405917463
3.16184877633543
3.19374346470672
1.79860014708662
2.74399439481519
2.02420483081927
2.59861706374073
4.21093145651579
4.03272533357068
3.07735065662609
2.86180709671734
4.500696563395
3.57244299162224
3.08831279371812
3.55203374943461
4.0967164462901
4.1952551325205
3.92102830789774
3.82886441225295
2.26386513549751
3.78700758456995
3.75281452312864
2.81813019667111
2.90699800322209
4.23779535916916
2.18747324044688
3.54726530560476
2.78706562033877
3.98074053107398
3.62491891644489
4.09665811772798
2.48710364916908
4.40907889562309
0.74055161853483
3.61751907576046
2.69422100309203
4.190946180057
4.28001088581438
2.34087468058777
3.20668177001977
2.74389936996196
4.15426411869917
3.40447906123307
4.21457857650993
3.39945542160503
4.93149779859185
3.96423829854517
4.73836835049966
4.03593178599616
4.85026586777705
3.72926899097496
3.83465029238046
2.53910891343884
4.66675758419471
4.15824305327744
4.7680820649005
3.51359754506073
2.80876980018449
4.27684427695252
4.01174737213753
3.65062310223996
4.20631484538206
2.73073848864431
5.5274505253734
3.72071232755658
4.35357162643913
4.71498571417435
5.15945025314169
3.30265864499184
3.02355232725758
4.00725889706322
4.28461117763893
3.12258555149842
4.42128791567498
3.19525938485507
2.35239422375428
3.49476785713829
4.57816429875479
3.49973219812782
3.49508911186296
3.34625577698828
5.18193775936624
3.28261389242636
3.4246345293617
2.1009724786387
1.08067875652981
3.43764080135502
2.16501280416325
3.15259778623206
3.77267032236125
5.02863139446575
2.42604483053756
3.76271315325388
3.56976631373399
2.9916929218528
3.4484556109341
4.50873422076394
2.8632121981124
2.51502552069157
3.50560608829444
2.25095773890953
3.12721728431018
3.20384688656472
3.79649972729036
4.43942661861362
2.32351077070216
3.69716835753891
3.41699342453316
3.09288088151591
3.36604718727995
4.25498886588344
3.67324189891841
2.48708968255472
0.88606826825005
2.62549556874512
3.66212019518357
3.0063232607018
2.43462822849579
4.4804971964026
3.4005503387033
2.16196226680943
3.01404126653028
3.55065270991286
3.04272138762553
3.28764310392381
4.41409337522401
3.28709644323066
3.1028069216386
4.31883699524546
2.28091935622112
3.10427875578007
2.24497492107075
4.67415229017376
3.50060779117123
2.0910733020462
4.12900884105752
3.09039947590168
4.03606755914592
4.34381545780783
3.24853829670598
3.12431469965276
4.68951574665751
4.53959486524285
5.02460811293619
3.16018766127294
4.0811746935608
3.45189708643372
4.19372296156916
3.12563005214513
4.85371323846608
4.27694600524035
3.89084044343176
2.89942102063233
4.0983792951897
3.6454865964412
3.45582733688495
3.24875417982179
3.43722367116582
2.62110708974002
4.34965106424431
2.86952883557211
4.20879789153795
3.45582733688496
4.10907702730859
2.13284659805132
1.8088769622595
4.25900152304536
3.74384203517654
3.76017700458572
3.54522165129916
1.23966028344354
3.02535877579584
2.70054951348487
4.55070630800317
4.22135144197353
2.81759310388804
3.4775965406834
4.43035161816286
2.46329526802989
3.7474496370405
2.44747258457843
3.01329396583694
3.6292262575069
2.17036361525862
2.74724568345621
3.60292612230501
3.85083193333666
1.25783173642205
2.43958540935053
2.17025912950054
3.75185450041874
4.16620640116731
3.89814851561255
3.50411222383061
1.93496507291702
4.03806602167172
0.7590126055144
2.57853152571844
3.98910874587374
3.63508653209119
4.27801342341443
2.52302396172692
2.06817241521227
3.03122176669928
3.25354678407121
4.15522164605908
4.00313748812931
3.64273559017597
3.04849799013334
2.77766630417982
4.13466976869604
2.67855271031521
2.23723208648555
3.19706069471936
3.11119348486881
3.88375644882004
3.04396191751452
2.22373552234696
3.36726310831922
3.38079847238212
2.85779379600556
3.92161852889
3.37220282620937
3.2469270045285
3.82117372803216
2.63193587580821
3.25719909805383
2.46314989657772
4.17648902296047
3.00294452395794
2.8215961243905
3.79323467300316
2.9945058015706
4.14278261334668
3.90516589050572
2.75087502949268
3.01285477834656
4.19408156833901
4.11743957721328
4.70686316602586
2.8660353895425
3.7914095866816
2.95423381922044
3.80196753222063
3.28624441430757
4.45088583599838
3.85479071721078
3.70745084183812
2.43341295843073
3.65972972788759
3.75145361753366
2.98125379668021
2.97521489815706
3.23396032373102
2.59261730656991
4.14638771680951
3.14965947956404
3.87863392851504
2.98125379668021
3.74153957160033
2.21795298103005
1.89398334523823
3.92095564125569
3.33798219409185
3.97543444687103
3.14085930695997
1.52977515865062
3.19132194728053
2.72164462868476
4.15745338190913
4.00245950137877
2.52319318410955
3.70195500331811
4.06091866216704
2.48047778375967
3.45304971726202
1.7317294154515
3.12837314800454
3.42596291007209
1.79085731250142
2.83235206643492
3.22879730426956
3.64756858590185
0.498819130907641
2.23632206191572
2.17025912950054
3.76903701614854
3.66854313395402
3.98325489859128
3.0453170066458
2.21857770134316
3.54559117533771
0.7590126055144
2.28876641883923
4.01020386107364
3.03122176669928
4.16655350210821
3.25354678407121
2.16754807397755
3.63508653209119
2.52302396172692
3.82401000861157
3.90724381379823
3.3483356703975
3.13360437311206
2.99292374646514
3.81902437822367
2.26230280825271
1.85772578372835
3.30377574892012
2.67911822606868
3.46523565909991
2.87971305704264
1.84422921958976
3.982106004784
3.14100433241731
1.64522061391427
3.96648999493262
4.09250352102129
3.32585846859369
3.48568063347545
2.65873756461626
2.19544304200232
3.53477877284467
4.20203061160021
2.57997657714175
2.84839781319855
3.77246900338628
2.87468447551396
4.9818100603153
4.00066465372219
2.9216766749627
3.85188222531518
3.77898079683507
3.51794505498128
4.32510436853704
3.35714155888457
4.45997179191893
3.62956398492056
3.45079328529341
2.85313326509048
3.36491180630662
3.48568063347545
4.3222937383029
3.10197516366807
3.73866119195279
3.33170642480717
2.30816102240167
3.03312170267301
4.37012700308984
1.8345615535026
4.49150591658753
3.49477767934207
2.67564057491969
2.30816102240167
3.79944637611629
1.80285220952611
2.84838296609397
3.66151877434223
4.29541425356459
3.97252237390009
3.54425934611743
2.15904736376109
3.26433396533948
2.8837453501386
3.67575775269279
3.56934835216168
3.19852334980968
3.86405572477194
4.26794696842012
3.3180077339828
2.92000173631741
1.65184953569854
3.5022046556701
3.30424608372789
2.92702399186025
3.50768223213504
3.60838014433452
3.99268678567988
2.02072588161436
3.60812260918988
2.51537732927856
4.60656696637167
3.54840180557185
3.56028695177508
2.99210180337685
3.58269392040893
3.59046264138032
2.13081315278856
3.3354395503681
4.17230458252747
2.50981171218433
3.54379678168669
3.28034847287927
2.33058921378696
3.01232981166965
1.82158480846822
4.05057395791871
4.0845542293942
2.19544304200232
2.79811127855536
3.52113432999802
4.4299061309401
3.05269521240889
2.99389246308718
4.14280319588875
2.53173516715547
4.08569188819
2.87680098407169
2.00632994104359
3.9600804132704
3.25445808194309
3.33062682845392
4.3865696425716
2.87338369530173
3.19170956574902
3.96403121580823
2.51411733929781
3.51888686430062
2.58246272472816
4.31934651073652
3.47092807625655
3.08328389063729
3.82930416206137
2.94205322601444
3.75542340374523
4.04722002855957
2.45531924601984
2.62549556874512
4.66053017876613
4.24991923889349
4.74450696296047
3.56811786788496
3.49585380320875
3.6563162975629
3.84114627102672
3.2310269755281
4.8240335235514
3.99373560551674
4.30026814678929
2.31410013028027
3.80258721566364
4.09667102612484
3.44770240710732
2.99390951453727
2.93840454025817
3.21890509962405
4.74785198338173
3.16835409594425
4.25178161606804
3.44770240710733
4.23373866478128
2.48113824402237
2.39280247614588
4.2941033288087
3.94826124630571
3.54071070533437
3.74964086242833
2.02859428955827
2.69250281637288
3.18659574236637
4.19509717884372
3.56773575984208
2.64250601226
3.58413646680771
4.55501325563554
2.17973357940755
3.01832597572535
1.91962003193397
3.2712306357806
3.48088000761965
1.67154448435097
3.33117119734257
3.7209963974505
4.24903285247407
1.37714456457249
2.93840454025817
2.18895374588075
3.46829281179642
3.81140062173008
4.24797510345508
2.97625967118615
2.81329050658187
4.01054228901931
0.878325433664841
2.99084889718168
4.47515497475524
3.67702258219668
4.53970118966123
3.51523455031801
2.37928476829513
3.89677429833797
3.12082197161094
4.19715769616457
4.31424984121215
3.23051713388709
3.07542760234812
2.55820000492847
3.85509386728187
1.96447613712223
1.73841295557791
2.9164165393187
2.98485309442978
3.60418054740587
3.20400192102039
2.48542328859376
2.57752300683799
2.84777289630276
3.64753389748677
3.13187842740878
3.61361923544162
3.3334287639729
4.06259013726442
1.84219577432699
3.34370085749823
2.70456630580996
4.4179054321927
3.79268462543915
3.06301253362274
3.87973643244757
3.081007561015
4.2336715376423
3.99166764995012
3.5406151309739
3.09935653779095
4.43549797757126
4.2083285015089
4.79775209032149
3.10745179877475
4.03282599591383
2.42120824314107
3.59406937188655
2.7532188382282
3.91786025991902
4.09620712644303
3.79833976613375
2.51991471787512
3.45183156755351
3.54355545719958
3.06775555612461
2.76731673782297
3.47537673296326
2.68350623086554
4.38780412604174
3.39107588879629
4.12005033774729
3.77099389816142
3.83242849589596
3.00769308251126
1.98048510468263
4.01184456555132
3.13008403375777
4.06632337116667
3.23174823125561
2.31951526013184
2.40158184579931
3.51138473016599
4.39886979114138
4.09334842567439
2.7646095933418
3.94337141255035
3.85491600212052
3.2702178852409
3.69446612649426
1.81823117489591
2.33863304652333
3.66737931930434
1.25783173642205
2.04261196495371
2.43905720278834
3.88898499513409
0.585320890352044
2.47773847114797
2.95999923098175
2.97929691466732
3.13551755787466
4.22467130782352
2.83741884631173
1.68744762555134
3.01256559925833
1.54875270699562
1.75574084275986
3.22046375959243
2.8233236063652
3.95865534177414
3.04564862373714
2.95728817545877
3.4271883717571
2.31512580139285
3.03426990713034
3.70124115375171
3.4348374298419
2.34386427163085
2.20318364498392
3.02928427674245
3.05204290973393
2.09914219296058
2.5140356474389
3.4688583275499
3.70665206833216
2.34668748096327
2.63396932107097
3.11866251186888
3.54821889610096
3.31203317483239
4.39603784118358
4.57177626344599
2.81599456783772
3.98852566934695
2.23789879456533
2.80215219113236
3.96047462675694
4.97388391575927
4.62003537371532
3.83822185661828
2.86321219811241
2.70786263911213
5.4205177423641
3.35112436453279
4.31180946253691
4.28620274251274
5.56083381197766
3.00031322658003
3.17173568825486
3.44197373366276
4.43731850605091
3.53616133519437
3.41409706610433
1.35472186656297
4.31968273779343
2.30149551582556
4.33947927116462
3.1006501833346
3.13766071885314
3.9449241073221
3.93389275352342
3.3519250198915
4.94171779968197
3.44322822279945
5.95573201554225
4.39126677891107
3.68486427019756
4.63713109556023
4.89054125476522
3.92976556948285
3.4986704729756
3.97674945431048
4.75972932335694
3.67368984070058
4.765793297028
2.83182329275329
2.37868015296116
4.89277339935201
3.91937745735743
2.31534515125195
3.30198145608236
4.74717885242364
5.19052147551108
4.54886751609128
2.54850041155085
1.97404682349325
2.9374262939817
3.40160407050519
2.90041575846315
2.95949013045147
3.94721720999078
5.4569128846346
2.96280215116151
4.50332976366631
3.96019012109654
4.25794654551771
3.20323600131009
4.84875870866487
2.73628654296694
3.61880639548469
4.27672501303314
3.00660700012825
3.45620471953291
4.60185242877844
4.1567979120033
4.92273660005468
3.82085794673267
3.80870407391448
4.27980970873143
3.33497538861822
4.42578349048022
4.61219058596402
3.15462027958169
2.06653645627859
2.44059306600186
3.83883359426184
4.45797859179565
3.7417262150017
3.70088185216069
4.87141089843846
4.61684769620452
2.71306655601159
4.19678936645866
1.95091892895911
3.23029806346857
3.53931971850965
4.01572925678752
4.34620068677059
2.84570828223857
4.82403885947735
1.76734959670186
2.86626015960161
3.17487070979293
5.15671292139971
4.23972678931926
3.3676726587548
3.24944832316604
3.50833542358839
5.19494216568869
3.7072105156506
4.0453654928999
4.06062716583734
5.1805252275816
4.11919436575334
4.40464597279872
2.30149551582556
3.89484303868942
2.78559782388449
4.24961025623472
2.28457839971543
4.27006655905353
3.53440580036942
3.17173568825486
2.55817471597311
3.16737443325399
3.60292188248626
3.78417056699176
2.89473893664125
4.39924233232048
3.3676726587548
5.30610720345482
3.72660931601736
3.91215081387482
4.48740890902859
4.41520131963386
3.5494569850868
2.71306655601159
3.64586378896092
3.97412540639294
4.50628549760934
3.93028010689759
1.59891300820943
2.07596227532696
4.51246481495594
4.75489064748783
3.24520168440442
2.54850041155084
4.36687026802758
4.52586401261736
4.3181035185366
3.41435587922155
2.74535606752149
2.81511502670042
4.20207685498145
2.35794029110167
2.20600908591994
3.43733682650644
4.80728807254718
1.97404682349324
3.40160407050519
3.29553265820282
4.02718254796302
4.03874919144048
4.46845012426882
3.5075957869952
2.50204805151727
3.89641642863707
1.88984865616083
2.3544790263718
4.22154384438237
4.1071817332634
4.87312042131477
3.3503087488692
3.46670184907863
4.23019352999152
3.22729695214107
4.04547490608417
4.22319662118343
3.1456261622198
2.90204964640898
2.62050453842065
4.02166259990228
4.19805105379295
3.19925074764021
3.47530627548529
4.57207613197743
4.79967670184494
3.54566221292035
3.8164807820626
3.86608223922688
3.63396438470031
3.1273634810191
4.1833062951368
2.87338369530173
3.19170956574902
3.76299695726821
2.89362364205501
3.51888686430062
2.96196902748536
4.1183122521965
3.26766472882174
3.08328389063729
3.72245098724856
2.84805505197091
3.64396348243902
3.84395668112477
2.25205589858503
2.5140356474389
4.45726683133132
4.04665589145868
4.63607948027126
3.36485452045015
3.29259045577394
3.45305295012809
3.73118384646602
3.2310269755281
4.72045552101194
3.79047225808193
4.20626997274577
1.93459382752307
3.60451228910811
4.09667102612484
3.24443905967252
3.37341581729448
2.73514119282336
2.83939879686684
4.54458863594692
3.54786039870146
4.14820361352858
3.24443905967252
4.13974049073775
2.48113824402237
2.39280247614588
4.19052532626922
3.83680132499948
3.92021700809158
3.63967843786762
2.02859428955827
2.69250281637288
2.98333239493157
4.08666969615452
3.94724206259929
3.02201231501721
3.96364276956491
4.45911958130446
1.98165865285203
3.39783227848255
1.54011372917677
3.07315570922508
3.27761666018485
1.29203818159377
3.33117119734257
3.62699822340697
4.04576950503927
0.997638261815283
2.73514119282336
2.56846004863795
3.2702178852409
3.61332569517455
4.24797510345508
2.88036599685508
2.71739683225079
3.8072789415845
1.25783173642205
2.78758554974687
4.27189162732043
3.29751627943946
4.43612318712176
3.51523455031801
2.37928476829513
3.89677429833797
2.74131566885374
4.09357969362511
4.21835616688108
3.61002343664429
3.07542760234812
2.93770630768567
3.74824069246905
1.76348367734506
1.3589066528207
2.80495661801248
2.89085492038625
3.40091719997107
2.82449561826318
2.10591698583656
2.40477964678066
4.07026339767858
3.28618334076621
2.86773618772138
4.65308324960682
3.04352878104794
3.6467077460203
2.14249111537249
4.17394420763931
4.09616049992969
3.43080411934901
3.51763973621158
3.36330787466823
2.09335965164367
1.7214661758815
3.51133722737593
2.84711640385863
3.45220742690715
2.37702222752458
4.17135573788384
3.2773751281261
3.62654372886907
3.44790809142821
4.25928284122462
3.17998442258552
2.51781717852152
3.09553404531769
3.34992447033576
3.4825251694278
3.6255964060764
3.92355021509516
2.25429681091578
4.64623188661105
3.27023686064849
4.39951701465568
3.73834361555775
3.65917350868125
5.11236962916168
5.02327616562899
3.10455247187524
3.9734752026853
3.89326686136847
3.65118561653662
3.57997745913644
2.89832394353836
3.17567622411407
4.52452504833608
3.10445480181604
3.71813381143468
2.87230931834941
3.24724249047858
3.26133118489587
4.43566363276388
4.43102054649901
4.5868639465757
3.91575436759303
3.19414896535926
4.16417546743732
2.27039489316123
0.992213829462699
2.96966957153071
2.69647977418029
3.70902291811092
2.49989556826085
4.61355049825404
2.64807557012879
3.29474192342957
4.59219950781445
2.90322799478568
2.76451072380834
4.85726119230871
1.46127270127474
1.84072394018551
2.74842335957094
3.27339093298999
2.53919358974224
2.95632151990501
3.9659221418129
3.41699342453316
3.34594396478263
4.05996460487023
4.43942661861363
3.26230329603844
2.12543901769253
3.23255567180298
4.40127517322038
2.83561665409949
2.12667643783747
1.38488739915769
2.81464266260205
3.53779023071883
1.79170133717252
3.19729941906279
2.71959255425131
3.09039728684636
3.55811515153796
3.70620780453396
4.47514607075875
2.20738006820454
4.70491137005695
3.43471857265367
2.65244076502945
4.17413634724473
3.02950619279063
3.03863176349223
3.64053316024852
4.4425646643021
3.24430344701945
3.21916644137292
3.18318218652899
3.11425200762158
4.32252761520216
3.3046878804052
2.24420644557426
3.19259978020205
4.83336240925829
3.04863784236425
4.20277770064416
3.05445260082063
3.39484271293303
3.58329339064226
4.14385817831403
2.79772519590099
4.69709423920965
3.35717047845483
4.04639553805286
2.03684608468216
3.06524348838855
4.27454860062094
3.53736458003369
3.85143723289065
3.5936153025655
2.99018762355232
5.39750022374492
4.40077198649945
3.23780002920996
3.53736458003368
4.61776190633393
2.85723382194933
2.95413735349781
3.71027022546085
4.39813620235142
4.59259765372698
4.05853625684336
1.86871985486536
1.66806553514606
3.62216672526294
4.06330841435224
3.51394028297219
3.15225275553139
4.60247709989628
5.15759370984934
2.66022278561518
3.45497063316559
2.08026693811922
3.14122430066566
3.56127536309821
2.1505122913359
3.46141163785676
4.54649732392438
4.89868109283726
2.0220755430421
3.5936153025655
3.42137163643595
3.94878201800403
4.16847708539876
4.2246138216528
3.4064504555679
3.55952337626478
4.32888401650467
2.11630584616419
3.32093224374372
4.91072595765181
4.03309052918402
5.06707559868639
3.65111710105363
3.14069030539802
4.53560862866936
3.15009649831381
4.82276952134842
4.84119640870787
3.63361547602329
3.48656699232463
3.52319997545016
4.43197177639224
2.53721098888705
2.21738076256283
3.48352075077562
3.86587690549689
4.08775753364215
3.49687626389858
2.74475131616793
3.44480538623967
2.09038256005578
2.89485613923786
3.37482482000694
4.33391993025354
3.53101731631605
4.14052373543777
1.16436374463255
2.40060188972468
3.100648861779
5.02696168686991
3.91896807991681
2.7646868066855
4.21810020222728
2.7300569932566
4.88662139163092
4.44550306027432
4.25843908884297
3.75230639177957
4.63389435222614
4.06872940311927
4.63513454624417
3.94583331579931
5.04712860696218
3.64578981013504
3.56832422108995
2.43876477728907
3.27539911723533
4.05351175227644
4.66562214553541
3.71046028424586
3.85268346733147
3.53404206319711
2.77048066309276
2.59483874131885
4.50370394692923
1.97982936481014
4.7702225017699
3.19072461433242
3.26768723460302
3.47371900512957
4.13345497619257
3.00282610973134
2.93488472553838
3.96506296095934
4.19594357591973
3.5666757400273
4.15380955182628
3.09279946548999
2.61707092223445
3.67327106753715
4.36068704893312
3.39938806197807
3.40642151014375
3.52248809972951
4.15594248241712
4.01274207646331
3.12789989665149
1.70762379917614
2.5906004858784
3.42379842464965
2.46848356738113
3.06393018451286
2.7635167151597
4.27140337086225
2.07650014509195
3.74319704977478
2.75964795651789
3.72182110588975
3.21345115604802
4.14769141486637
2.46986351864983
2.86462896840745
3.25551199185648
2.252429573051
3.00567732172355
3.38235009696358
2.4690274204174
3.33012928724762
2.7473228967999
2.71009551654417
2.68720239592436
1.58295915216733
2.94459823175701
3.64742232764591
2.24842655254856
2.2207636112642
2.22590202429126
3.36764804652215
3.6332357737061
3.30979402391968
3.16698550142753
3.24291890886834
4.14789123735962
2.60605245533831
2.97209861376453
2.02438492510866
4.49400086065398
3.18445205712048
3.58522624858869
4.97838162119297
2.86321219811241
3.16120793825635
3.18368075911835
2.84936982140704
4.74969553700902
4.17690846220898
3.83396256970518
4.4044975184141
2.43648826508051
1.60877821550422
4.16176301470736
3.04919579178603
3.53166828898367
3.02744801485601
4.76385835842736
2.87273210886812
2.31534515125195
3.35909008020227
3.37363801517802
2.6977913043246
2.03231737075758
1.40193949683765
2.94880569198684
2.42923354704981
3.24520168440441
3.05386963956575
2.07398022798024
4.97697502683123
3.47718544916691
4.37058948863349
4.39709534033022
3.91550571055175
5.49902471118575
5.40993124765305
3.0028211882295
4.18042379120372
3.86433933534629
4.24368823708013
3.90838508047048
2.35860699918145
3.50408384544811
4.28379302296852
3.41435587922155
3.3377390897627
3.02693933929532
4.08196180675711
2.54850041155084
2.74206908428384
3.94882742823809
5.42158326285423
4.16431955609215
3.84457475269069
3.11331423810768
2.45071147609676
2.39280383462994
2.85698161115343
3.37269324621545
3.22682979984999
2.92101529057184
5.00020558027811
3.50606664281522
4.04662245930982
4.97885458983851
3.55365378211712
2.32812318055252
5.17358402580231
1.64158928421026
2.59260447606576
3.46591342043824
4.02527146887023
2.99949741517642
3.79104083618354
4.325519489903
3.48797339416171
4.38713360852849
4.8407549934236
4.51040658824216
3.81164004122174
3.0874443851824
3.85813503971087
3.71943410613854
2.35011684633555
3.17990470308754
2.56978888047033
3.75807299324629
4.21400370275399
2.44212712450396
3.79529970585314
3.90449403556394
2.8496652614788
4.39768930008853
3.57071667684047
2.83317916612268
3.63765274530474
3.72775761801729
4.12043996595404
3.15724087249693
3.39772712937087
1.5172965426429
3.14339849579157
3.23987237483452
4.63613933975819
4.38284958738678
3.11761960469585
3.79729537499419
1.98726038718971
4.69991549044168
4.0717266164552
4.06368249271081
3.56560049059033
5.03433650016424
3.32593279705238
3.89233794017728
4.08202439023781
4.77856481071012
3.75305083920103
2.82552761502305
1.69596817122218
4.01819572330222
3.31071514620955
4.79153343613621
3.44189648799381
3.47890702351235
4.12323694694754
3.51327726915965
3.15791161663394
4.22111554775955
2.72262597087703
5.32304491861508
3.74354703117761
4.01048384066991
4.21651561119647
4.69652785150765
3.40549734656424
3.04733417548366
4.31799575896969
4.308393025865
2.82387913396041
4.29303306488179
3.21871075609079
2.45977324087642
4.10726392077449
3.61789044286623
2.65659145591117
3.51887096008902
3.96166937384612
4.71901535773222
3.82826526416886
2.3851032905846
0.964827193109244
2.21682404205928
2.68100181858277
2.17981350654074
3.17637963445813
3.2258464145015
4.82422578770744
2.19773747765311
3.82148003641996
3.31247037336308
3.53734429359529
2.47065454998112
4.61157292233634
1.72706691258294
2.94918938250461
3.60844478986684
2.35888725239479
3.09948240803186
3.81634295020092
3.21182402648429
4.0729258933145
3.10025569481025
3.2992904002946
3.42999900199125
2.32575575823422
3.52143166633921
4.23661721139634
2.99122315861545
1.47796700519731
1.80509719705817
2.94684321928906
3.44875896141166
3.02112396307928
2.98027960023828
3.90485872642927
3.72708641012653
1.86325584927143
3.41127988788115
1.90143296649234
3.75120425458709
2.44165545105359
3.07330004066158
5.16666183025862
3.23698864193153
3.90400454432324
2.830747961108
2.10657321534015
4.6073627742056
4.60799307327977
3.26740891896068
4.05156472040373
2.81026470889963
2.35157482157112
4.35004322377301
3.42297223560515
3.73022828188703
3.21572822392167
4.19730470768286
3.61552871493501
3.05814175731884
3.23613812158595
3.66230807601843
2.55545854152119
2.77511397682447
2.14473610290455
2.20600908591994
3.17203015311671
3.12224972578809
3.34253970040616
2.44775667179938
4.3877801430808
2.75099988674101
4.00074810044004
4.68576540117062
3.17270910448485
4.96851305035616
4.87941958682346
2.2600245821626
3.45423822877782
3.50588847487111
3.67713458633563
3.76605231766707
2.0056742011711
3.3617510826447
5.02658962903541
3.28230290025584
3.21478713114638
3.18273952390784
3.57003559882999
3.29129701761774
3.48486569035074
3.80649466543468
4.90965705492712
3.63380789526255
4.03285496175634
3.85611084417458
3.19350808216365
2.76658027844907
3.59977821722033
3.66136330705585
3.08449703704658
2.54966787400285
4.4696939194485
3.37634869660761
3.94016477996603
4.44834292900892
3.74193399118277
3.07091978661942
4.60703037505781
2.38438589027716
2.48614679672197
2.95398721251112
3.91881378952645
2.89303973583264
3.27911462825642
3.58272288383611
2.7451767880948
4.03420081051814
4.25156010967316
3.76760998217526
3.06884343515485
2.57990534210651
3.26894015596043
2.97663750007165
3.09291345240245
3.60070953032065
2.99059370770343
3.94635320231193
4.50267376359439
2.63040733356961
3.05250309978624
4.32529886279703
3.5924618675457
3.88576309216141
2.5550980208368
3.05358748389761
3.87156861781018
3.19936864439251
3.10452328936108
2.98349409348814
4.35443881688285
2.04801036192183
2.98496592762962
2.91038089340481
4.70975411181114
4.08453330505759
2.88932081846038
4.00969601290707
3.38271582294093
4.55094604654335
4.22450262965737
3.83246381059234
3.41663104669202
4.7251175682949
4.42466920194364
4.90968244963697
3.19578948291034
4.1167765151982
2.71305692275951
3.78001021364024
2.38678988847091
4.11487307479186
4.31254782687775
3.77591478013255
2.78010819248188
3.68466654726077
3.23177384851225
3.33651450873451
2.83504143189286
3.88445466799291
3.26882712121758
4.79688206107141
3.59689047639112
4.24439971317534
4.03975285077133
3.99415136400938
2.71677211193769
1.47138915860209
4.14407585974613
3.11195431174065
4.27213795876151
3.43029598799994
1.8235857973299
2.02980408671977
3.91527424431636
4.58630812964056
4.10642577867431
2.85319492552544
4.14918600014519
3.73650822624199
3.67410739939127
3.7830514586779
2.61973646687403
2.74771098155297
4.07645725433399
1.84315262677409
1.75169099438013
2.77333460471363
4.29806293016374
1.46364632401689
2.88681640617762
3.16581381857659
3.38318642881769
3.21210879520778
3.93375033724994
3.38197618634774
1.9872603871897
3.08005581624207
1.75456729459047
1.46018505928701
3.62435327374279
3.50999116262383
4.27592985067519
2.87195690857477
2.81806110058334
3.25349665659474
3.12845141460385
3.44828433544458
4.00105391539008
3.52342276202553
2.05294330105728
2.40899823257876
3.43069179006603
3.55405493464763
2.68446308331264
2.83131015633996
3.98373637721675
4.2109349809035
2.93200837131533
3.21929021142302
3.61475325573847
3.64130293934321
1.91662323196188
4.12774802453229
4.28231852970312
2.50755999116387
3.92729601748051
2.97756117126596
1.3771445645725
3.72301947365011
4.63128454643703
2.74237669986897
3.16722141984825
3.65219796949217
3.19350808216366
5.16507005618789
3.60117835855025
3.20519606279531
4.03514222118777
4.22059618084013
3.78934767302889
3.89568785306015
3.25942959474322
3.68559954917569
3.35319199999006
3.88585365648922
2.03483478766066
3.64187618132998
3.19532162627397
3.95494098925737
2.32760292092482
2.92036271452296
3.95275141209162
2.92920600968611
3.57710989716914
4.70905687432787
2.1533851601523
4.99180452351342
3.99507628626795
2.9470431929673
2.92920600968611
4.34343457061242
2.24446759353117
3.03662366689942
2.84322029691241
4.47867424943718
4.29277381341653
4.10043898241862
1.78212013834191
3.32955273406581
3.04500337973828
3.95272212771615
2.75104987473185
2.92215136487918
4.02531375437162
4.76824557534601
3.50782274266463
2.97176754361909
2.17857130268231
3.82102826231979
3.6230696903776
3.26595386309828
3.23131024720455
4.26784299552099
4.49298539260577
2.37887366438897
3.96345625312328
3.01567593620445
4.7963819750535
3.8686532450883
3.7226870745023
3.51882357036062
3.92275383724527
3.75172067098001
2.48614679672198
3.69077319430151
4.33356261212715
2.86218602413325
3.87961446817827
3.59917207952896
2.8188931168687
3.33258125118608
2.34830657545199
4.29808046362466
4.40337783604389
2.24720884930399
3.23972666256041
3.74752274047861
4.70876882922157
3.42132098322022
3.33282233432522
4.32606319176134
3.19119801834196
4.3485903359543
3.19705242358814
2.16758797064327
3.90840261335009
4.08124447218032
2.52229307335118
5.1857779426648
4.33035985421375
2.72949280839332
3.7471092601147
3.02763889604655
2.71565043168796
3.7190582175247
4.73246750652703
3.8302952722341
3.59680544738603
2.776710438668
2.62136087966772
5.32962881806847
3.26462260508839
3.52206936105569
4.19970098306835
5.31941740274542
2.9094243022844
3.08084676395923
3.20055732443051
4.19590209681867
4.06918691127374
3.62199522643841
1.88774744264234
4.85270831387279
2.06007910659332
4.24859034686899
3.01414842389019
3.34555887918722
4.15282226765618
3.84739099407901
3.55982318022558
4.70030139044972
3.35233929850383
5.71431560631001
4.14985036967882
3.44344786096532
3.84739099407901
4.7996523304696
3.14002546800164
3.4121687135312
3.88586053001485
4.96762748369103
3.58280091640495
4.67490437273236
2.04208319127207
3.16842025444237
4.10303329787079
3.67796104812518
2.22445622695633
3.06056504685012
4.50576244319139
5.39841963584516
3.75912741461006
2.3070840023186
1.88754506404884
3.72716639546292
3.16018766127294
3.43344133454252
3.74923023193269
4.73695731147199
5.21549647540235
2.87630039171712
4.26191335443406
3.17045001961532
5.04768664699893
3.73626157738945
4.60734229943264
2.94418470330101
4.15183197156406
4.8097505891125
2.21686689864703
3.98923029561228
5.39159253025965
4.36469607233737
5.13063476038876
4.02875610706675
3.01896397243326
4.4877078690655
3.54287354895229
5.21552359196144
4.82008874629809
3.06811852013729
2.85627655775981
3.23033316748307
4.62857369574305
3.66823849031443
3.50030980576945
4.49062195364191
4.08167079695724
4.37543128697227
3.24609213209096
3.40704926497745
3.84938288087081
5.05502384233491
0.784857441875353
2.86555202131417
5.35501085214584
3.85807645974681
3.59901521887121
3.10839927051038
3.61555020308392
4.79728610396923
3.73455467905034
1.36679103647923
3.29805951909265
3.04971511781011
3.45223914452636
5.24338169485299
2.72858430155065
2.24576877281905
4.11345385985287
2.9940030605155
2.26771807488582
4.32331875390891
2.64830121056211
3.75598092374622
3.17714200038375
4.14485427434979
4.13515053264712
3.92812721144782
2.78204935008132
4.18957061438971
4.15281511368538
2.69229132023827
4.68345482798785
2.63836062449782
4.55508287181113
3.95475351337868
3.7433490184664
4.52255799979776
5.10441762541993
2.37696531864437
2.63836062449782
4.30450759815037
2.59646233607419
4.11089029721854
2.78184318457249
4.55545094623078
5.59606438822111
3.99840491708272
3.02879487830626
3.76616672977922
1.78280737652016
4.0627302025116
4.85136561971832
4.32468922814051
4.34170561402114
4.86258246768148
3.00192720223971
4.45843736765971
3.49036106643241
2.76827213251538
3.3201128369767
4.26648132033912
4.63384811046586
4.23324301574082
4.02373886889011
3.3566129269132
3.18636469745748
4.12501727535643
4.29048643462858
3.59335595702524
3.91357415639556
3.63936593197182
3.73220375293607
2.48952466776188
3.28764310392381
2.91368163863571
3.07136660890902
4.44768657535269
4.3059904896913
3.73001017877337
3.54102696935298
4.77396171951562
3.79818623272705
3.56106233888642
4.19913074963775
3.87196856686958
4.49003372681875
4.39377785306604
4.30161395742125
2.77534124175626
4.33334979156606
4.40437483042645
3.44793477319057
3.37974754839038
4.6765859537151
2.66022278561518
3.03507971886472
3.17106131658561
1.81417738270804
2.29933448435639
5.03509238402616
4.23218977008867
3.06207406780274
2.24504250116238
3.1017743434973
4.18132761830883
3.94851201923488
2.83828932338698
3.46585926045812
3.80837453485233
2.32033132588165
4.47689572425598
3.3648243037445
3.17998942120794
3.34258072440463
3.55321559569632
2.98805064658945
4.22540887886921
2.86515455926948
3.96644985043235
2.56511105360521
3.158598553715
3.1399372310617
2.86567344986039
2.97283299574662
4.25589647816047
4.20836939058368
2.77200471080165
4.23521451696973
1.68980190656293
3.67551749784867
3.42910685207013
2.47773847114796
3.68954374524008
4.27140337086225
2.85796156722807
2.39304024859975
3.72372930881761
3.70399856350396
3.636057179311
3.55533729358439
3.78621790854478
4.64735449655713
3.74408388445133
3.79174283036781
3.31824337600707
2.59259231100733
3.95096138155817
4.48006681850789
4.48710026667358
4.60316685625934
3.74621681504217
2.93429240882828
4.20857865318131
2.20553290551395
1.50992172934858
2.34311966811983
2.96639267371895
3.76510263828548
2.35379104778475
3.19072461433242
2.57440925142976
2.68350623086554
3.84032671304772
2.64337143825472
2.13796082039747
4.84886386863899
2.06013785127489
2.4549033010325
2.18002165620594
3.32791990870155
1.92499856519372
2.30167134043376
2.96693652675521
2.92040361987267
3.44849535057252
3.41126797031679
3.38837484969698
2.08086825850515
2.53487256438206
3.23769666027096
3.32910530907838
2.92193606503682
3.30658078082108
2.95792237914721
2.55478610607107
3.80770313025749
2.75725983405258
2.83319324149339
3.0672124808298
3.10396156167612
3.47000772010234
3.21211229364043
3.64584133021562
1.63714480793232
3.70178211254311
4.73543041234453
4.08744244819491
3.43336518527602
2.97653704019423
2.95702702160353
3.88166564662723
4.31980313670815
2.66125674861127
3.16619728877652
3.10916524870242
1.62112203973173
3.77329927325483
3.8910300710056
3.00295684643223
2.64337143825472
3.92450671316958
3.50986924899933
3.52181242786808
3.23644567674275
4.33774096790562
3.71084415639009
2.75378918734357
3.6147172446917
2.78599149923424
3.34412411321989
3.55230002715933
4.16330741358525
3.59261039784123
4.38486711485444
2.21600767382405
3.82517009573339
3.80039796954339
2.43160135333022
4.06083486271335
3.97174139918064
2.00383763129032
2.21600767382404
3.02013285781647
2.85601289957337
3.49130985741724
2.85174084258325
3.38140854217335
4.49822000981212
3.04048743345018
2.94598625533202
4.04973791503892
2.41555973623161
3.09683744562042
4.33093233176289
4.18743829499196
4.30350488457772
3.34140744867074
2.75725983405258
3.90891668149971
2.17005075701146
2.91236935753529
2.71441078559311
3.54854236045267
4.49659717731733
2.53082362256045
3.56201573180569
2.52783078583715
3.0547973483388
2.99234104911714
4.04581906644144
3.28369392318235
4.54920189695737
1.65532848490345
2.37522135040636
3.32575475899082
2.48512266565025
3.0707316679786
3.70411896862048
3.20026079732493
2.51559425350123
3.59814794845723
2.56328230638621
3.5380274475817
2.33789052949359
2.71190513915776
2.83288729389952
3.18435798718461
3.65343060406868
4.03807531985292
3.13495495392291
2.37775353129537
3.61730633196716
2.93429240882828
1.43074561330666
3.43850359830306
3.68315191642538
2.73128722956304
3.84365725322566
3.46027266953794
3.35139820134251
4.25540325861395
2.7437940519784
3.22128119802148
4.05261654799187
2.71993192689264
3.52475196123936
2.78827731232301
4.40793184292016
3.55951340844018
3.28909847823214
3.85887579433381
3.14786781360927
3.96123799134008
4.07679166083202
2.54390457820348
2.83131015633997
4.74911551094976
4.2629965918934
4.72632045410604
3.45319220458574
3.37654097505831
3.74490162974653
3.92973160321036
3.15097551742024
4.91261885573503
3.99566767194723
4.18384498674457
2.19478730212984
3.8321588479361
4.16439572019473
3.51542710117721
3.06163420860716
3.14421912785302
3.42471968721889
4.95366657097658
3.3741686835391
4.27255298895665
3.51542710117722
4.30146335885117
2.56972357620599
2.26321283282254
4.31487470169731
3.81867160298238
3.74652529292921
3.83822619461196
1.91217112951354
2.70023136005054
3.39241032996122
4.28368251102737
3.48768430173423
2.73109134444363
3.78995105440255
4.3426073057135
2.38554816700241
3.10691130790898
2.41843916284162
3.47704522337546
3.6866945952145
1.87735907194582
3.41975652952621
3.96127562533227
4.45484744006893
1.87596369548015
3.14421912785303
2.3947683334756
3.67410739939127
3.68081591215829
4.33656043563872
3.4750788020938
3.01910509417673
3.87937590506165
1.08414002125969
2.49202976627404
4.68096956235009
3.98107458595022
4.74551577725607
3.72104913791286
2.7530447104505
4.10258888593283
3.59953483793025
4.50120969991811
4.52006442880701
3.31910246607073
3.16401293453175
2.76401459252331
4.1622551207833
2.26549570225877
1.94422754317274
3.12223112691353
3.45718153872785
3.90911271201251
3.40981650861522
2.6912378761886
2.33956940129248
3.31863034173109
2.43461345309122
2.53487256438206
4.50711508887372
4.05463137948886
3.76336692669189
2.39261152630786
2.92421595289749
4.32889664345431
4.64980487812402
3.53958218227613
3.6134282856036
3.10884941493584
1.91343838677098
4.07000278514531
3.86110867040529
3.88128228009708
2.93568778529396
4.25450845458546
3.60848671697263
3.49627819211898
3.39505929510827
4.47995081357576
3.08759315036486
2.63447635919312
2.96237884046189
2.34155125533851
3.47061485915291
3.56038616058822
4.1601824379635
3.26539940935671
4.25534260562979
2.37023412733834
3.65712335150947
4.24762896637048
2.73457266968472
4.50806585954043
4.41897239600772
2.25298258420023
3.07347246937515
3.15087319822226
3.73433833323823
3.10807988415856
2.82331693872845
2.7037786491362
4.79492352170261
3.21996168992946
3.65292356594651
3.17569752594547
3.41111442530769
3.42683918703629
4.30250842790808
4.33862927427835
4.75073588140481
2.94453637048939
3.75281452312864
4.23891842291558
2.75537164736352
2.32844384364893
3.16164178242019
3.22322687225571
3.61663164589025
1.93005643892652
4.00924672863278
2.93821226180748
3.50202834516589
3.9878957381932
3.46189355255508
2.62107870377965
4.87920363837326
1.94624945547702
2.04801036192183
2.41555973623161
3.48067735472631
2.10388678144541
3.12019345473412
3.30935407557488
2.513510680762
3.59606437571801
3.84162985770086
3.53594387484247
2.63070700035472
2.4209841685842
2.8308037211603
3.35944507881265
2.9522758347711
3.45414980596657
2.81628059212277
3.66631276368424
4.06453732879425
2.35036689494191
2.46076494266965
4.15098574721638
3.35594092794086
3.72684191863911
2.89106771861704
3.30915121011057
1.55754530630048
2.29933448435639
5.03509238402616
4.11353268181071
2.84968163361268
2.57016991690767
2.98311725521934
4.47736763584954
3.56603161173744
2.49230126952794
3.79098667620342
3.54324326949926
2.64545874162694
4.77293574179669
3.20975100407157
2.8340013673489
3.63862074194535
3.1429817969723
2.73141857018189
4.10379245860678
2.72114255902179
3.82397279205617
2.21912299974618
2.94620611952494
3.02128014278374
2.51968539600135
2.84968163361268
4.11188447791278
4.06589233220749
2.65334762252369
3.82498071824571
1.51724737275106
3.52639599611155
3.73412800322707
2.80286588689325
3.85550691672476
4.43736654234693
2.60132949082051
2.22048571478787
3.5746078070805
3.29376476477994
3.636057179311
3.43668020530644
3.78621790854478
4.76458375196835
3.33385008572731
3.64995991901493
3.17576631763088
2.79607004252481
3.60497332769913
4.36140973022992
4.14111221281454
4.80664458777681
3.74621681504217
3.230332426369
3.86259059932228
2.61576670423796
1.83504914509386
2.66824708386512
3.27141382487589
3.41911458442645
2.50291254952187
3.35668778581711
2.98464305015378
2.97212360932711
4.00628988453241
2.93941145579543
2.13796082039747
4.50287581477996
2.4703716499989
2.74352067949408
2.18002165620594
3.6194966191476
1.92499856519372
2.50514907195124
3.17932896094527
3.03763287528388
3.77362276631781
3.8215017690408
3.5056041051082
2.49110205722916
2.94510636310608
3.56282407601625
2.98311725521934
2.69742851326212
3.43256668228943
3.34040278664464
2.96501990479509
4.11272428141444
3.05329985159329
3.00574777530527
3.44969288832723
3.22119081708734
3.67348545161982
4.38127918810906
4.21911633000003
1.8234753625967
5.01700036826834
4.44035843407373
2.84111475765962
3.57586268613768
3.07580524732445
3.15914899350625
3.82905679738469
4.52731746522532
3.56158086611012
3.64497179866394
3.17152481483021
2.75923273748744
5.43962739792845
3.4987058547197
3.13974162815963
4.30969956292833
5.15063982834896
2.21060659152993
3.64157458118873
3.84222863839027
4.59834716467113
4.3710694282119
3.45074865246139
2.33124600446064
4.5433718463708
2.75889681734779
4.72146692162796
3.43657656289833
3.45718082845352
4.4048141311392
3.87089345798675
3.67194455529147
4.79711975430359
3.49021115632355
5.80592031405135
4.2619717447447
2.74463015021085
3.87089345798675
4.89542613980733
2.97124789360519
3.52216729339119
4.23965358529134
5.07762606355101
3.41155434242792
4.53707431367548
2.4661406301251
2.70936013341519
3.93425572347434
3.36862458062319
2.66795478877462
3.39280846103984
4.33698486879494
5.49419344518289
3.86912599447004
2.27392732186654
1.90276271489166
3.53316164073064
3.28666899137438
3.55024276955208
4.0814736461224
4.83273112080972
5.30710118314369
2.98842176678299
4.3535180621754
3.2825713946812
5.15768522685892
3.56501500341243
4.33862789330865
2.95940235414383
4.24760578090179
4.64097301471605
2.32898827371292
4.08083500335362
5.22281495586319
4.19344949836034
4.95938818641172
4.07692245834465
3.27095583591629
4.31646129508847
3.55809119979511
5.04674601756498
5.07208060978112
3.03496183968522
2.68502998378278
3.02518312618137
4.42342365444135
3.65023405387528
3.61711124077901
4.6006205335019
4.09014061005869
4.17028124567057
3.07484555811394
3.23827169058099
4.25832722949275
3.47631972393314
1.08067875652981
4.44016693368614
4.65383839837322
3.28869364800295
4.31865929220457
2.52574587585248
2.41635238743936
3.71660734743941
4.94812229245842
2.98474743152791
3.09491242719197
3.59232964206331
3.50202934355433
5.65310736222794
3.9297904657905
3.32421844045408
4.52317952722782
4.57380639376675
2.95340319759683
4.38437118725563
3.70899689593624
4.80879469035361
4.23783768575788
4.19354525852827
3.07404261052753
3.80057524030391
3.50169342341469
4.59851496301165
3.65490600734756
3.90475971879686
3.81561924738877
3.16200031924454
3.26781888241861
5.00756727998607
2.74741455025665
5.39820043057711
3.8300930708579
2.00183354414395
3.16200031924454
4.50764803266262
2.39441445902299
3.40971784344592
3.68959421381937
4.96517661360573
4.15435094849482
4.40813058445767
2.32762242453364
2.9980301942556
3.35742228889212
4.11142118669008
3.41075139484151
3.24401047161068
3.76015143421273
5.07866233702423
4.07231464590075
3.01672392793343
2.64555932095855
3.98074053107398
4.02946559744127
3.76857221400131
3.93267565669324
4.44495301366501
4.89938129966946
2.85870382057539
4.24706038283162
2.8506927207944
5.36087387828962
4.30781160947932
3.76179445872644
3.70219896021072
4.141148101558
4.06413958013385
2.20696434739399
3.97437732400984
4.64598152128099
3.45065289229345
4.21659158034483
3.52686308687268
2.68176095216585
3.57366468902158
2.81529459372823
4.46991258298278
4.48288572603068
2.29216523361833
3.42782658984967
3.44598795341447
4.84422848167444
3.85379090939129
3.83544068522825
4.8141004978014
3.37267790790452
4.59108607290366
3.81764216418083
2.66143825599879
3.02001144783485
4.05194781617746
2.30034191236737
2.65226728236674
4.82161241972667
3.73975623799159
2.10688502754579
2.92310271491802
3.72591386128623
4.58981708579482
3.14522678450435
2.95618277699791
4.14391947421376
3.12243844226616
1.90266213556005
4.5594557774972
2.77866639300078
2.63701568232194
3.42514077764585
3.71981523155451
1.988621964115
3.36099585253989
2.86036607207731
3.57922896590234
2.33157244969145
2.20340951345804
2.27848353671685
3.26248200206824
2.10688502754579
4.24082820713059
3.82114850605366
2.27957117870456
4.41417560199614
2.17918719031199
4.01385900772432
3.46556420697501
3.54566249296014
4.41857979203986
5.00043941766204
3.34412609688741
2.88242553234879
4.06207081869326
3.87059819936214
3.74850662925628
3.78961300331679
3.89866735849006
4.02178714590145
3.47307359878283
3.77890364823273
3.01693369440136
3.14900284053515
2.86217672163225
3.61861312416303
4.25356166275981
5.15957738578717
4.30928969035727
3.01685246206951
3.11979399325539
1.87297009817107
1.46127270127474
1.92545047779823
3.00285002862384
3.53156403437171
3.06598542483697
3.91976066113221
3.10456822021193
3.08154062065537
4.5693627598475
2.72593149149594
1.39516421433058
4.96675732224992
1.72757504393201
2.85293769082234
2.53295445421629
3.73114271937067
2.03441557652198
2.85808186996159
3.92212556701216
3.78042948135077
4.12655556432816
4.41069665279124
4.24840071117509
3.23389866329605
3.34777759993898
4.14613320256191
3.72591386128623
1.95463190719523
3.05879023847031
2.94735135063813
2.77831400360584
3.84416048516238
2.83981988729381
3.74854438137216
3.05664145232072
2.47839421102045
4.02641824963018
