16.1266910184506
16.933273773948
17.22139452786
16.4535344951712
16.1266910184506
16.8788766223522
15.8596215785161
16.5530422588702
16.5537499594054
15.68724573418
16.8473536004024
15.3814912243456
16.8550687508677
16.1147322832123
15.5000070286199
15.7696647268987
15.9387721145392
16.1938828192353
15.9453570035089
16.1424612722841
15.7359450613255
15.9422838554027
16.6759484260433
13.1463447926494
13.355080168107
13.9566785202942
19.2872559647889
20.3743397705543
20.4136288741335
19.83214951025
19.011952663832
20.257491637431
19.6116719434122
19.3535097786186
19.2373261439035
19.7629597513407
19.9489976433733
19.5217885205394
19.7399481562461
19.6386366536627
19.2464852195825
20.0804881009564
20.3405126908864
19.4598475280835
19.7005058225757
19.0526423112148
20.09217410018
19.601848369325
20.0013732899796
19.2872559647889
20.3743397705543
20.1397261169801
20.1060522674034
19.011952663832
20.5313943945844
19.6116719434122
19.3535097786186
19.437294791013
19.9609366826763
19.7490289962637
19.7956912776928
19.7399481562461
19.4386680065532
19.5203879767359
20.3543908581098
20.066609933733
19.659816175193
19.9744085797291
19.3265450683681
20.09217410018
19.601848369325
20.0013732899796
19.8148422441744
20.9019260499398
20.9026034075287
20.6424832378949
19.5395389432175
21.0678253650759
20.1392582227977
19.9329859410742
19.9648810703985
20.4885229620618
20.3934634087725
20.3321222481843
20.3194243187016
20.083102419062
20.0568189472274
20.8908218286013
20.7958148631655
20.1874024545785
20.5465036271106
19.8986401157496
20.6286050706715
20.1739434167065
20.5808494524352
