16.1311014295477
15.593596397848
16.5825740641664
16.1777061625488
16.5825740641664
16.5825740641664
15.4709958880917
16.0085009197914
15.8623489136979
15.8623489136979
16.636744075797
16.4586729581606
9.74015054226192
9.7835078929587
9.30400812452327
10.0893076748246
9.96145536834386
14.4529236997475
14.1841711838976
15.1681809976873
14.8031545557179
14.7988894304007
15.2455894216357
14.1905276822583
14.4592801981082
14.2615796078461
14.5303321236959
15.0112754824194
15.174537496048
14.5054854746992
14.0587854834641
15.0427952972538
14.9519630856476
14.7755616114713
14.866366651936
14.0083925447041
14.4550925359391
14.0603043135315
14.1511093539962
14.9423669583777
14.9924023584937
14.4313732727579
13.9846732815228
14.9686830953125
14.3493839213908
14.8778780548478
14.9686830953125
13.8275620883958
14.2742620796309
14.162620756908
14.2534257973727
14.9466625737032
14.8115719021855
14.4730789095398
14.3822738690751
15.3662836828647
14.8090892017508
14.9423669583777
15.2111194742276
14.1863400200892
14.2771450605539
14.0491621850528
14.4958621762878
14.5976141360861
15.1703498338789
14.3290568293814
14.0603043135315
15.0443141273212
14.9519630856476
14.7740427814039
15.220742772639
14.339336212188
14.6080887280378
14.2367329588493
14.5054854746992
15.1049864488878
15.3233460259776
