4.1151238997971
4.39058261140496
3.42804361904137
5.58797099670222
5.14497082385539
4.85932547852904
5.13838904166912
2.86295321967135
1.90129784179666
3.51887112897854
4.55812407264395
5.30232565137589
5.45545372727519
1.64354463080615
5.49299642149373
5.89464266480308
4.75962112882639
7.03897801408208
3.23054517856759
5.66877350030422
5.32585605841782
4.94540696485463
6.61606170437709
3.69725026014855
4.43804340054663
3.7359999246735
4.32643587120522
4.98711392416162
5.06943058756168
4.68936792568785
4.47870188327366
