17.6834140507604
18.4834057666143
16.8835094908524
19.027036979773
16.6655968322288
18.5587410131213
16.9653240896529
17.4768550718164
17.8672152551954
17.6535995783403
18.3158171946349
16.5666587220843
16.2287478508677
16.3635333221798
18.4717937782435
18.5317433734744
18.173762581221
15.9786987325575
18.8884211410311
17.8645095772003
16.7326204451074
18.7108966708276
17.280716408588
18.0762518680617
18.3768289041958
17.6431686311501
17.2398911709876
15.7606302710357
17.6504070275387
18.0472031831031
19.4991656437227
16.8835094908524
17.1507766190616
17.8835171096088
18.1619952082897
18.4999060795062
17.2593699315693
18.404975947674
18.1919696796519
18.4311744321244
17.2988962693569
17.1665969531959
16.5339061288851
18.1636855325744
16.8851744984062
18.3899726110161
16.5360753443543
18.2482235334513
18.450313472784
18.8055218950088
17.6655509982103
17.8391029539326
17.2464751014906
18.2649966160379
16.9452587810763
17.7497394215159
17.0600213395083
16.463584832638
16.9398089112266
17.6637597114166
18.5356857338804
18.433314812217
17.1172555834017
16.8682501962095
17.5738888688783
18.7195307191675
17.5678868985735
18.6439270822121
17.324643500849
18.4522212870483
17.3777732536654
18.306156014751
18.035241617161
18.3958855354665
18.655173629033
18.7815241303363
18.0511322584008
19.884181828647
19.4033572119169
17.2552171436602
18.056928312713
18.6896191370239
16.4152175700443
17.9915523635546
18.088674619511
16.0680289413786
17.0391413052039
17.0855543553117
17.0561894163775
16.3033901475522
17.5601777564275
17.3005041759936
17.9699528383188
13.7988438407397
13.6551468884386
13.5426337483263
17.1268647873602
12.4027050839563
15.3991776930028
13.579505882072
13.6462517749044
16.1010138397975
13.965636048546
13.214151804955
13.2217379719691
12.8575158950786
12.1322085734385
12.2325280385362
14.2031200947591
13.3266018493984
11.7230750479324
17.720588261892
16.2179119579264
12.4123145618955
13.8191882481834
12.3953923419226
13.6275010575035
13.4848188518561
12.9055495045603
13.6625418073004
12.6033386817928
13.2497105755693
14.2742956599891
14.6797034089687
14.0322108444587
13.5120936693288
13.4983819450301
15.0194442511362
15.6552154350318
11.6431752509828
11.5453052211056
12.5938861380573
10.4402409125258
11.6864101686727
11.3657179601647
12.1844522250883
13.0507828130494
13.7903653608899
13.8086712613109
12.3503168548378
12.695495996577
13.9675250288197
10.73655166461
12.4967812659647
12.3053905831442
14.0858638533341
10.9867993683835
12.1037833440789
13.7380760928668
12.7990855039358
11.9440651199586
11.4810249684766
13.9516145353689
12.9575668116562
12.0865715023375
13.9879917889632
13.3476750239482
12.7936537138294
12.5290616563217
13.3507572308727
11.6874588744097
12.2630943541405
12.4686568568574
11.6888162728207
12.5094088964962
14.1027505605906
12.6681662836692
13.4474592604144
13.2905273507219
14.5059596143512
12.8451123232422
14.47246605095
13.2105365211232
13.1094503225109
12.6636519177451
11.3701877012518
11.8011971479295
13.1692575240396
12.1806605737415
12.1322085734385
12.1239471810046
12.2469955526953
12.2342276840627
13.6787766414327
12.5704996263403
