2.23865834819649
2.33223156820712
3.6769072857866
2.91505129669038
3.2952210961394
2.23865834819649
2.03221575674446
3.49795131074383
2.45262283559042
2.20290677128183
1.64900976383585
1.43133289959434
3.18977647839316
2.61511577079793
2.31416843954025
2.74132408869339
1.43133289959434
2.68339836104869
3.13272816093189
3.28179083670052
3.91167670045812
3.11778151129484
2.40563698588629
3.97995929070889
3.2884725258322
3.33545837553633
2.2319097778893
3.1860641015456
3.55280364155576
3.11474531783522
2.9616386669969
2.58518124439546
2.7879114589999
2.50967115305168
1.70234570444954
2.9590009529349
2.30322856159968
1.80779032219577
1.82273697183282
4.3601290901579
3.49946770094203
4.08911628530268
2.73457551838621
2.89706845359372
3.70219791554648
3.31016774577645
2.91876367353795
2.91201510323076
2.96535104384446
2.08251550389855
2.41238555619347
7.21454303582894
6.56039956189076
6.5084642438421
5.48512445576715
7.42968882716787
7.21061134036133
6.76312977649521
6.71119445844655
6.80515091115243
6.30573402923765
5.86223110788241
6.35232139954417
6.35232139954417
7.21061134036133
6.0866565424311
7.07081576826548
7.49797141741861
6.35232139954417
6.01837395218034
7.22695861256342
5.70420194257369
5.92862737712238
7.22695861256342
5.65950089327795
5.86034478687162
6.37799526199928
7.22695861256342
5.93051369813317
6.9559458077082
5.23045892311403
6.85173828145892
6.32605994395061
6.79980296341029
6.59707274880583
6.49211697164
6.28403880929341
7.70070163202307
6.23745143898688
6.08130859468896
6.28403880929341
5.64126730006508
5.50147172796923
5.70954989031584
6.86808555366102
6.85173828145892
5.29874151336479
7.21061134036133
7.48162414521653
7.05446849606338
6.58072547660374
5.86223110788241
6.28938675703555
