2.43505450823097
1.57193393966434
0
2.61637074879219
0.995114600520512
3.34397931874817
4.20709988731481
3.41600547927628
4.32561575631327
5.2492492062993
4.32561575631327
0.995114600520512
4.20709988731481
0
3.41600547927628
3.34397931874817
2.43505450823097
1.57193393966434
3.01416133751815
4.00927593803867
4.32561575631327
5.30910141219779
3.41600547927628
2.23723055895483
1.24211595843431
0.995114600520512
0
3.21911853465928
1.57193393966434
2.43505450823097
0.995114600520512
1.97700257622497
0
4.2070998873148
3.34397931874817
4.32561575631327
3.41600547927628
4.81628723916869
2.76715997960435
3.76227458012487
4.2070998873148
5.23338503038927
3.34397931874817
0.995114600520512
0
2.23723055895483
1.24211595843431
1.97700257622497
2.43505450823097
1.57193393966434
0
2.61637074879219
0.995114600520512
3.34397931874817
4.2070998873148
3.41600547927628
4.32561575631327
5.2492492062993
4.00927593803867
3.01416133751815
3.41600547927628
5.85489500875735
4.32561575631327
1.24211595843431
2.23723055895483
0
0.995114600520512
3.8584867072265
3.76227458012487
2.76715997960435
3.34397931874817
5.84921076918784
4.2070998873148
0
0.995114600520512
1.24211595843431
2.23723055895483
2.61637074879219
0
0.995114600520519
2.43505450823097
3.46133965130542
1.57193393966434
3.76227458012487
2.76715997960435
4.00927593803867
3.01416133751815
4.74416255582933
0.995114600520519
0
1.57193393966434
4.077165390104
2.43505450823097
2.76715997960435
3.76227458012487
3.01416133751815
4.00927593803867
5.38353072839655
