8.86626379625676
9.46516838675443
9.18638493715052
9.21570735778485
4.42037641313274
9.34371808374682
4.82159602050512
8.76968257966437
4.6655784225015
6.11512555088952
9.51095941226338
5.82649480532553
5.67192156633737
6.26554752667975
4.82159602050512
5.99233473953197
6.27251958344601
7.93042348816033
5.80873221306857
5.95016606629147
5.56595010770614
6.69890421527182
5.99142540964514
5.2676207986256
5.58410942103323
7.77537527376792
7.82116629927687
6.83468745730912
7.49531050840794
8.17641903995278
7.69741459291573
7.68096245919075
5.82649480532553
5.92337171189939
6.05346549707255
6.2465455906858
7.7494573786101
5.95030947919447
7.53131720546461
5.64998884517221
6.35798663367098
9.02359694285305
6.15160097331097
7.23493768107028
6.34497670989218
9.31228857437723
6.69890421527182
5.75184869191989
6.50474088604128
6.3374995575247
6.21604925451708
6.82271888914075
6.69257036880627
7.93264444611865
8.51771560203717
7.80897318515272
7.99426284267484
7.35860894203621
7.65164003855643
4.94429789785985
5.68603033571384
7.68096245919075
6.44689762457279
7.40872296139155
5.82999239930605
6.56959950192752
6.6776144168384
6.84485574535496
8.17515677216431
8.22133607764283
6.28049467818356
6.86614554378839
6.09800494823439
5.79763971742883
6.53089176525555
7.97734198358509
6.4201207656679
6.00195571958482
16.6758134562282
14.5886831821052
14.297692235718
14.5271718421969
14.7945306020651
14.3841421169987
14.2649457696732
14.9991484188109
14.4588524899242
14.6581492640746
14.0811111174363
14.5714936873076
13.8953047937251
13.926833668425
13.3332077080827
14.6405318236239
13.9808366274224
14.0625461222417
13.1564702752652
14.2390599637208
14.1539145947106
14.6618707706983
13.0228953837789
12.6947028272559
15.1663897473275
13.5724603196244
12.8451594405063
13.3797780940022
13.1449515292307
13.1270970400852
13.511534912867
12.8681353204617
13.4858617234342
14.2667034097068
13.5966983011947
14.5130671107967
14.0463650407919
13.8449054031449
14.7783461832473
13.3265584820625
14.3714121725471
13.6978099314321
14.5850669105669
14.6519711753953
13.7498787003582
13.4248591374025
14.6312728226286
13.3942939997605
14.3688565682582
14.433583135094
14.3589569729552
14.2055847941455
13.5345381573193
14.2136063693085
13.2819769266534
13.2729931518868
13.0233671256679
12.7605857665429
13.6573589145745
13.0348202949749
14.8991416246094
14.351848778717
13.8269470115137
14.2042475964951
12.7695695413095
12.7554598396879
14.0914587814989
12.5444256324165
12.990450410537
13.4500866116338
13.3805427058055
13.850218373184
13.4689201618993
15.0718807039134
15.3915243787376
14.2621408993887
13.7547563799871
13.3016788333828
14.0057816769783
