0
0
0
0
0
0
0
0
0
0
0
0
0
0
0
0
0
0
0
0
0
0
0
0
0
0
0
0
0
0
0
0
0
0
0
0
0
0
0
0
0
0
0
0
0
0
0
0
0
0
0
0
0
0
0
0
0
0
0
0
0
0
0
0
0
0
0
0
0
0
0
0
0
0
0
0
0
0
0
0
0
0
0
0
0
0
0
0
0
0
0
0
0
0
0
0
0
0
0
0
0
0
0
0
0
0
0
0
0
0
0
0
0
0
0
0
0
0
0
0
0
0
0
0
0
0
7.5767608902799
5.84662384355137
5.96075582528829
4.228465433598
4.09207962746129
5.67429399608145
5.7449260654505
3.8386470662685
7.06410918508867
6.33299994642718
4.18797393555255
4.78141943951487
4.39430333067112
5.8353310073999
5.48399914395312
5.39386058010827
6.22142259065945
6.17781934152281
6.06231575346349
6.46353463801034
5.86974292202525
4.87813415545402
6.59289638357254
6.47488140366485
5.68220897584692
4.75206845647475
4.6913458172955
5.05129074768932
5.93956174969527
5.32597635428361
5.05200162743693
4.14063360077668
4.79203071707644
4.97005497653971
6.97070989996202
5.1118807629618
6.54800068700838
5.8771135674116
3.88229352763046
4.33790792230059
7.07147201257373
5.30844384735312
6.76986544286051
5.056749141786
5.12301267743652
5.91223469083749
4.30099759165469
3.77382969871248
4.21380506729609
5.37522392606283
6.02974571815176
4.24805664908075
3.48573321839034
4.38645955482828
4.50258655490336
5.42882921711489
4.96129234371693
7.08564015745168
5.29127908592022
4.26217632748569
6.04661665656461
5.64116114555324
6.5225517432073
6.10043000280342
6.63794717928991
6.05179515855778
5.27860106600517
6.00374123586765
5.51247310059674
4.52541712381776
5.51694782222084
6.61703530472519
5.34112420371238
5.19311488135821
6.14675416870489
5.50134118612202
5.99211104519226
5.33128605895661
5.51757164342436
4.86801549920789
7.29265968518934
6.29495741482204
5.02721523127859
5.52779487495573
5.08967734366874
4.14483228675749
5.64900514908632
5.29259958209158
4.42026506662745
4.76350671876681
4.3029391784194
5.37831738475711
4.70910559523713
4.01007083818601
5.14606958495153
4.00415040452912
6.3842461799447
7.49069674547661
5.77807790756682
6.19869652004434
4.46640612835404
4.04148257257162
5.43635330132541
5.67683712522091
3.8386470662685
6.99602024485905
6.26491100619757
4.11988499532296
4.71287350353032
4.15636263591507
5.74926686259664
5.43340208906345
5.39386058010827
5.9834818959034
6.1097304012932
5.91241507027908
6.39544569778073
5.71984223884084
4.7282334722696
6.5238874383862
6.47488140366485
5.68220897584692
4.99000915123079
4.92928651205154
4.90139006450489
5.87147280946568
5.25788741405401
4.90210094425251
4.37857429553273
4.79203071707644
5.20799567129576
6.88464575515872
5.0437918227322
6.49740363211871
5.80856763142706
3.88229352763046
4.09996722754454
7.07147201257373
5.54638454210917
6.68380129805721
4.81880844702996
5.05492373720692
5.91223469083749
4.30099759165469
4.01177039346852
4.14214213750803
5.32462687117317
5.87984503496736
4.09815596589633
3.24779252363429
4.30009162991054
4.35268587171894
5.66676991187093
4.7233516489609
6.93573947426727
5.14137840273581
4.26217632748569
5.97807072058006
5.49126046236883
6.37265106002289
5.950529319619
6.56985823906032
5.98370621832818
5.12870038282074
5.85384055268324
5.75041379535279
4.4748200689281
5.46635076733117
6.54848936874064
5.10318350895633
5.14251782646853
6.09615711381522
5.73928188087807
5.99211104519226
5.56922675371266
5.51757164342436
4.63007480445184
7.14275900200491
6.29495741482204
5.02721523127859
5.52779487495573
5.32761803842478
4.14483228675749
5.64900514908632
5.05465888733553
4.1823243718714
4.76350671876681
4.3029391784194
5.37831738475711
4.94704628999318
3.95947378329635
4.90812889019548
4.24209109928517
6.33364912505502
7.40454291512265
5.66222158158011
5.6172553117914
4.21878641250002
4.47700338491176
5.28937023863099
5.66968258431872
3.56811247798613
6.8654845241725
6.16224219481865
4.35328907589327
4.74606880220479
5.03329296994649
6.36732253742828
5.54010928446941
5.15892217501939
6.2705908487578
6.06204705446157
6.06617713631536
6.5153673390578
5.50507137936137
5.41012568548238
6.73285765704611
5.83668971033738
5.40635971010464
4.12920400426824
4.3850755275891
5.10740088820559
6.08328805646234
5.73089170213274
4.97220998972232
4.04471677599321
4.45817319753692
5.37497032438885
7.21598024742948
5.49680452041226
6.71721878765386
5.93791418543329
3.93840366814673
4.05854805448269
6.60034856804156
5.3645539878694
7.04712217145645
4.75535653723873
5.507936434887
5.52731093338704
4.68592134910514
3.82993983922875
4.74133925644831
5.78366393050329
5.40688126594524
4.41855595876515
4.22298683976496
5.02672270439979
5.0467975393658
5.48493935763117
5.58415679592344
6.61451671291951
4.83934879036305
4.16625950270222
5.80255202895336
6.12437218777674
6.41699192446646
5.92228841515701
6.33317635146799
6.58378668858616
4.80747762147298
5.87701038795983
5.33433151295033
4.49282323029145
5.2340880225118
6.66886800577265
5.28733194194126
4.73570583623076
5.86389436899584
5.32319959847561
5.29447555520268
5.28320867879286
4.81993615343479
4.10477132785508
6.65140956676904
5.48293275566435
4.33310439788032
4.8187307356675
5.07733566492902
4.767696738964
5.21942793154871
5.00924416481351
3.67384908883301
5.38637117097332
3.71178886489062
4.80423342035546
4.90212718504017
4.65997619397381
4.81221206541201
3.67029288498961
6.02969102000245
6.40228055317286
3.98946406179375
6.22497659639311
5.3519694032905
4.84547117581324
5.56254109424
4.51887340512676
4.3868400871784
5.45283081811774
4.98752918351991
3.08746461724119
3.48024434355269
5.98521618015386
5.06194498146534
5.61563855032434
5.79380783488331
6.94577097820099
5.49117241890893
6.76675696651513
5.05288421744939
5.79417276848393
5.39343465255599
5.72726265454255
7.0768900239711
5.86538869998447
5.02797095689398
5.66508719317109
5.07050105511239
5.5547271738551
4.58008252294077
5.65122703486941
5.01296185682658
5.18847758361426
6.24779667900883
6.30877759557668
4.03432139880385
6.87504087844752
4.98109967073459
4.31022598851848
4.97685521601278
6.94347307557399
5.97227527247112
5.67966059072157
5.36737991865423
4.04545331327858
5.87043544091947
5.41622573518249
4.43158058131048
3.6977345679998
6.09758045273107
5.33392516417036
4.93068403352835
5.09418679347023
4.02837069163078
5.75388597990152
6.06600455991966
5.97370765759563
6.72306645279275
5.39148628306121
4.71042363778928
4.11989309957285
6.56794008373244
6.37954033712275
6.4493304990356
5.22546987827596
5.240611110739
5.11675190608034
6.12420064779523
6.47988759245009
5.099231715949
5.36409456245505
5.20499569618621
6.22771373972685
5.44435886313782
6.1042918220901
6.46875567797537
6.23515363711557
6.56322034437485
5.76061423534767
5.1827203342328
6.91812402918287
6.24775416759313
5.22834669391477
5.54903512174484
6.22289174442876
5.08473187662355
6.71417420910498
5.96189783978962
4.51198634536907
5.81663168260391
4.60703116092505
5.31798866079842
5.63514661025718
4.97275595881348
5.40356019507411
4.49126669150184
6.45878850699361
7.55687783172546
5.88021224275685
6.53065735751595
4.79836696582568
3.52217809523361
5.95565777866342
5.77990365263401
4.17060790374012
7.0727672488747
6.34165801021322
4.22295152273607
4.81500783872037
4.67566711325307
5.81544794884547
4.91409761172542
5.7258214175799
6.50278637324141
6.21279692870632
5.80752040564235
6.49851222519385
5.61494757420413
4.62333880763289
6.62507706683914
6.80684224113648
6.01416981331853
5.32196998870245
5.26124734952319
4.79649539986818
5.94821981348133
5.32871904021255
4.79720627961578
4.71053513300436
5.12399155454807
5.52732290122954
6.95082684140758
5.11462344889073
5.97809915478069
5.9107019666171
4.21425436510208
4.61927170488254
7.40343285004537
5.87834537958079
6.74998238430605
5.33811292436798
5.12575536336546
6.24419552830913
4.63295842912632
4.34373123094015
4.17879037801663
4.80532239383517
5.77495037033063
3.99326130125962
3.76709700097231
4.33673987041913
4.24779120708223
5.99873074934256
5.21066592172728
6.83084480963056
5.03648373809909
4.59413716495732
6.08020505577011
5.38636579773213
6.26775639538618
5.84563465498228
6.64660524307597
6.06045322234382
5.02380571818403
5.74894588804651
6.08237463282441
3.95551559159009
4.94704628999317
6.65062370393067
5.62248798629432
4.62321334913051
5.5768526364772
6.07124271834969
6.32407188266389
5.90118759118429
5.84953248089599
5.14937928178985
7.0378643373682
6.62691825229368
5.3591760687502
5.85975571242736
5.65957887589641
4.47679312422913
5.98096598655794
5.57396336467355
4.7016288492094
5.09546755623844
4.63490001589103
5.71027822222873
5.27900712746479
3.44016930595832
5.42743336753351
4.5740519367568
5.81434464771702
7.5646428512205
5.41760304163037
6.24803943756359
4.53395050408301
3.95262926125413
5.34281622059578
6.30866994962171
3.41982214613711
6.91082156441068
6.20757923505683
4.6393204669801
5.27004088804766
5.48813442032406
6.56988679350773
4.77527990873852
5.62888104704719
6.69972658115932
5.91954510525213
5.56949930366639
6.07890761192678
5.07279649514728
5.31569362752321
6.46539428851443
7.096487646192
5.70046191214834
4.73578451294803
4.89701935971304
4.65767769688129
5.6722707696466
5.31821415691266
4.92528988191396
4.19494295761909
4.7083015106617
5.50708637016172
7.00299519185204
5.53622618279331
5.79398104904908
5.95717199946253
4.07191200552385
4.22627926789466
6.44013138674251
5.70744635313612
6.61181888175298
4.91456137031262
5.54735809726804
5.39341327548545
4.83614753073104
4.19326659831587
4.72375796247719
5.05818633671988
4.68622742275093
4.80000529031804
4.66471391220889
5.34228584661363
4.81269795918501
6.06486378399774
5.80878086975951
5.75871281619732
4.4502982623447
3.69345463099859
5.62179788356232
5.91441553768869
5.76867982033357
5.25207283618687
6.20757923505683
6.17276940177041
3.88767212485832
5.18301262707872
5.71181975899204
3.96844910663384
4.35603327280991
5.94312733015809
5.71646767434279
4.55151694857869
5.09906499326496
5.70068784451732
5.68689755103738
5.79515251091681
5.21235814926949
4.62013401512127
6.26235903875069
5.69949808151493
4.64826848946333
5.54474043830437
5.45482391097073
4.31562296944932
5.68240344041581
5.21271107964953
4.23868097474106
5.04752277542966
4.60273647748459
4.45373809517444
4.99402374526718
3.89162216165163
4.654373434934
3.52424875046055
5.04011413717296
7.23982530257528
5.54489515779069
6.09313670130349
4.34233793808795
4.66434702477813
5.05142954387494
5.72866982626837
3.21578261406198
7.03533627869895
6.02714671648235
4.1672369769371
4.79795739800466
4.77922708812159
6.28125839262499
5.72745292433577
4.81011696768654
5.75029914612728
6.23189880898803
5.62955527057002
6.20933770407215
5.59311139093301
5.26022500229797
6.36874720221692
6.13953607996715
5.1684190153486
4.60508539378033
4.30642205984503
5.19544089977722
6.01519911623275
5.31399755457029
4.33030272995695
4.28265747074925
4.22023250278087
5.26410581181205
6.94075589567501
5.66665627493871
6.66662173276418
5.9093054009699
4.17634436290278
3.28794256838687
6.36240787328552
5.84043537738149
6.96105802665315
3.99712413985218
5.67778818941345
5.28937023863099
4.92386204386119
4.30582122874085
4.51209837751293
5.38073701168946
5.01903988800479
4.39220680116867
3.63271628108475
4.67004786991544
4.73760962916943
5.96082074714325
5.10827540641135
6.22667533497906
4.51851395052929
4.16625950270222
5.97194678772486
6.02325199239719
6.02915054652601
5.42005786804843
6.09415325458905
6.51569774835655
4.41963624353251
5.48916901001936
5.21994234378222
4.32783700623366
5.42143166237818
6.36238137503206
4.76704023931073
4.80866030692901
6.05123800886222
5.20881042930749
5.41802708079061
5.20455521104878
4.94348767902272
4.05599084005021
6.33057472693527
5.7208734504204
4.45313126687695
5.05667143042355
4.9629464957609
4.52975604420795
5.28433360642245
4.45470930755735
3.5594599196649
5.14843047621727
3.83181573388723
4.56629272559941
5.14006787979622
4.49146531332471
4.33633067589992
3.67029288498961
5.97909396511278
7.21475200525777
5.55981455072712
5.85519600654745
3.36648970869086
4.7149440796678
5.28937023863099
6.08465052700346
3.21578261406198
7.10342521892856
6.09523565671195
4.05091027771855
5.1575120882982
4.72927602237214
6.41727360317772
5.77804997922544
5.09800872819202
5.64717901034587
6.01209598871213
5.729504888005
6.5153673390578
5.45512031361194
5.46007675123182
6.39618540873575
6.29164971963816
5.69425147061013
4.12920400426823
4.06848136508898
5.34534158296164
5.5574556012008
5.33213542905044
5.00603586840289
3.51888432073168
4.74606495804241
4.97621405130656
6.97686897472886
5.73474521516832
6.19138633239231
5.46086221797663
4.17634436290278
3.97589903727845
6.47897615787542
5.31460292211996
6.52128971619491
4.71094622412031
5.74587712964305
5.28937023863099
4.63597028335571
4.0678805339848
4.81999272419239
5.66927476133517
5.64482196070129
4.82999924485856
4.39648943110234
5.26583397710039
5.12545100710988
5.7228800523872
5.87204855642892
6.22350481663262
4.66841463371371
3.6422604986048
6.04049272370941
5.64732022032008
6.41699192446646
5.5200074854834
6.16224219481865
6.05795423332461
4.39821345080135
5.87701038795983
5.21994234378222
3.90255267161125
5.47202871726785
6.38097624526716
4.97911531869023
4.85925736181868
6.10183506375189
5.20881042930749
5.34221039966462
5.20455521104878
4.86767099789672
4.21811485368026
6.82153624065715
5.6450567692944
4.37731458575094
5.22319078076292
4.9629464957609
4.767696738964
5.234382540673
4.71851561768995
4.03534130917699
5.38637117097332
3.99833508422659
5.01630849973496
4.66418649028412
4.30412167345834
4.81221206541201
3.67029288498961
5.62523097490703
7.31847877031936
5.83141046288702
5.85519600654745
4.16883534675057
4.42640633002209
5.05142954387494
5.88948540459462
3.56811247798613
6.7973955839429
6.09415325458905
4.5695179066107
4.9622976329222
4.50746051468495
6.56915015313048
5.48951222957971
5.44681393552487
6.03265015400175
5.7060663537265
5.62838469262546
6.4472783988282
5.06727893567148
5.54811676280346
6.36757662427236
6.12458147084286
5.69425147061013
4.36714469902428
4.62301622234514
4.95750020502118
5.72730735572725
5.37491100139765
5.1102010670434
3.99476571024377
4.74606495804241
5.3250192586394
6.84202434212069
5.42871558018266
6.37872997225869
5.57263315265953
3.93840366814673
3.82060735972665
6.60034856804156
5.31460292211996
6.67316626614767
4.51741584248271
5.4398474946574
5.52731093338704
4.39802958859967
4.0678805339848
4.67138560452489
5.73306687561362
5.25698058276082
4.55654703608623
4.27293790551441
5.24466081298184
4.89689685618139
5.7228800523872
5.63410786167287
6.17672426922962
4.68944810717862
3.92898168116571
5.73400609296881
5.68657974408683
6.26709124128206
5.4844959714671
6.2650874112384
6.22780598785106
4.36968517778307
5.7271097047754
5.57227220770638
4.44222617540179
5.18349096762213
6.31243030928262
5.04939124718521
4.68510878134109
5.81329731410617
5.56114029323166
5.00658379469719
5.52114937354891
4.53204439292929
3.57893887259354
6.50150888358462
5.19504099515886
4.04521263737485
5.106622496173
5.31527635968506
4.767696738964
4.93153617104322
4.77130347005746
3.43590839407696
5.38637117097332
3.99968062539611
4.80423342035546
5.14006787979622
4.60937913908414
4.57427137065596
3.90823357974566
5.69120220460728
7.58730188080789
5.43453008530409
6.35710049690615
5.34351353059083
4.8289058599976
6.29080362226975
5.62970292350011
4.45720953109292
6.24377837141398
6.34184143752575
4.55649206837522
4.59107386192606
5.74626366311446
5.42601211033087
5.3459678059653
6.33408073390647
7.41213138385099
4.53096666252667
5.97403411152783
5.39994058580516
5.56803397222208
5.06668792406667
5.69572459317948
7.93041161983899
6.26284613668792
5.69038023380115
5.85161508056616
4.80083031075337
4.80990388791382
4.13042543603926
5.91732666116854
5.00672321615249
5.52008176919511
5.10732573475248
5.85912050867518
4.77442319146564
6.48133232369901
5.73152813853795
4.04985557619812
5.22903630046403
7.17189278646794
5.30768571772688
5.93551956470418
5.85770175192793
4.78555510594037
6.12281657943713
5.11176865886135
4.17121016899013
3.96195497114952
5.24500126898022
5.82424699744406
4.78642107264108
4.8851141635012
4.58048285528596
5.26143927457378
5.6893067656809
5.83500596389599
6.66359440318122
5.57801417045627
4.6103865461384
4.94283085744073
5.66540983423214
6.03578284812369
6.12893811822548
6.10390074276971
5.02889471859355
4.97365519586878
5.71458990767357
6.44711783812255
5.52370029810012
5.27560678885521
5.26416030403649
6.71922470691216
5.96395267772527
6.01863850931028
6.43598592364783
6.67219585340466
6.15360960425319
6.19765645163676
5.62289104769065
7.26791615024294
6.68479638388221
5.66990659535065
6.45760332205637
5.81328100430711
4.71025193763061
6.04086053375219
6.0033930328394
5.41233631703227
5.443540931589
5.51559936123657
5.50119017186327
5.31294179069933
4.47444485173708
5.44727262014947
4.44118066560038
6.67500490170424
7.33804762213967
5.77383258852416
6.47577684359944
4.22729485565342
4.5131116518255
5.76233400765307
5.95171540422814
3.36276567675639
6.98348228707661
6.21323341961603
4.11815847449087
4.98681959031446
4.96429909663819
6.54056922005965
5.57621755138315
5.20587095110166
6.12014277936794
5.99052008159101
4.86869974104245
6.14449152152642
4.83225586140544
5.07515299378137
5.99698602157161
6.91451417184467
5.80211369351979
4.75206845647475
4.45340512253945
4.72247713075512
5.70929234042322
4.96125961151907
4.14523072144034
4.37968946769423
4.89304802073684
5.32201696897224
6.62428320209867
5.60181009239298
6.22749459930607
5.53754422032457
4.56126812035325
3.97298141678844
6.62595922056984
5.93518375917195
6.64458533307683
4.70802860363032
5.61294200686771
5.4363533013254
5.02089404080617
4.69074498619131
4.42803632676281
5.22950163873682
4.78401681373875
4.20713479265204
4.39357181061235
4.8738775796708
4.26464586014731
6.34574450459374
5.86913093593894
5.36269966967006
3.80760948675115
4.26512495081131
5.96412504685873
5.26239646286962
5.55618677750391
4.65920233852086
5.80435856821063
6.1754764725129
3.53740830383879
5.01620524099727
5.60486610123269
3.938660938525
5.27019628942554
6.00871123975775
5.45207908771232
4.65742493397639
5.90000263590959
5.59373418675797
5.72713415711508
5.58947896849926
5.2525947553472
4.4531379279463
5.96073109369459
6.02998052674487
4.76223834320143
5.60811453821338
5.34787025321137
4.91467980165842
5.38136560336744
4.71559799719995
4.27036438344302
5.53335423366775
4.38325884167705
5.16329156242938
5.52499163724667
4.34022994037209
4.80929444492202
4.05521664244007
5.66133924182077
7.33804762213967
5.87741019732172
6.04867594189223
4.43936993503291
4.2241047191585
5.76233400765307
5.52461450252092
3.83864706626849
6.55638138536938
6.21323341961603
4.35609916924692
4.55971868860726
4.67529216397119
6.39775375773995
5.19546139430739
5.68175234061376
6.22326291514935
5.56341917988381
4.935892119144
6.19327200933131
4.40515495969822
4.93233753146167
6.06417839967315
6.91451417184467
5.80211369351979
4.75206845647475
4.92928651205154
4.34172097367939
5.47135164566718
5.05638484395541
4.14523072144034
4.14174877293819
4.89304802073684
5.41714220140858
6.71940843453502
5.31280315972598
6.0383343923549
5.29960352556853
4.1805119632775
4.21092211154449
6.98527232549202
5.55442760209621
6.45542512612567
4.94596929838637
5.3239350742007
5.91223469083749
4.73188710813919
4.30998882911557
4.6149107836079
5.32462687117317
5.02195750849478
3.82637863557629
4.58044626745743
5.0607520365159
4.4515203169924
5.96498834751798
6.04806826302729
5.70376050020751
4.28349087626324
4.02718425605526
5.53702414515151
5.11958100054991
5.60496726530879
4.6850679538974
6.28023995772273
6.03266101019319
3.89672140876097
5.06498572880215
5.63073171660925
4.17660163328105
4.861507278015
6.05749172756263
5.45207908771232
4.18154354446429
5.49131362449904
5.61959980213453
5.48919346235904
5.63825945630414
5.01465406059115
4.21519723319025
6.19867178845064
5.79203983198882
4.52429764844538
5.49154625362346
5.39665074101626
5.10155425850352
5.43014609117231
5.16561377133549
4.03242368868698
5.72022869051284
4.26669055708713
5.40123225718543
5.35424332059219
4.19741447805239
4.80929444492203
4.05521664244007
5.66133924182077
7.5313461677579
5.89949940311662
5.66603579959628
3.93089465199454
4.66387784175685
5.52731093338704
6.0063548326291
3.33017178323009
6.91426501197739
6.40018288957469
4.64118083639876
5.08274105051515
4.9322756662861
6.51239883561408
5.63523451690574
5.20887324076882
6.2705908487578
5.82293578176097
5.36959636439933
6.08826643735058
5.26596010666077
5.55520198366817
6.03627688513008
6.22674404476442
5.21837008109805
4.36714469902428
4.14713483283306
5.20252612064193
5.5574556012008
5.0622437845515
4.78422036071572
3.51888432073167
4.27018356853032
4.70632240680763
6.54733232984824
5.63854544579273
6.24016682019719
5.41208173017175
4.03352890058308
4.03268243910614
6.36240787328552
5.17178745980026
6.57007020399979
4.75535653723875
5.64967736026748
5.28937023863099
4.58490404544476
3.9250650716651
4.39178815662226
5.40290777342754
5.40688126594524
4.80157295170698
4.22187166760346
4.9650633650792
4.7577906066988
5.58006459006751
5.57510449400519
6.08868425765798
4.601408095607
3.69104098640966
5.85133251675823
5.69366496495155
5.98989102275925
5.18438088051598
6.09523565671195
6.15307946576095
4.28164516621144
5.44990948625261
4.88431573881481
4.49282323029145
5.30128040061335
5.95387534355995
5.49940702132075
4.73570583623076
5.9310867470974
4.87318382434008
5.45659956883273
4.85610777708565
4.98206016706484
4.26689534148514
6.5165890077944
5.6450567692944
4.49522841151038
5.34456319092904
4.65023476322182
4.47868980629701
4.50443526933601
4.77130347005746
4.14973047834511
5.09736423830632
4.23762132015216
4.77836780497891
4.73137886838567
4.5171607316541
4.33633067589992
3.19441149547751
5.86317166966308
7.7051782092947
6.28747188212801
6.07520733508288
4.84223622361199
4.0297061781029
6.19584382140931
5.64810235809778
4.38654604919284
6.50495871810098
6.5455157453945
4.80029217449932
4.68673120077541
4.7349595047405
5.86911871154738
4.66682634811481
6.20048337535281
6.91516230915636
5.40477562782613
4.9020894406295
6.20589535233135
4.43168635288889
4.40370248526909
6.03037572115866
7.02121618834741
6.33074873971237
5.18557827023098
5.44144979355184
3.81308592748681
5.78608851452618
4.63861431033964
4.92793164945782
4.67038381913076
5.42168306692942
4.99937166779281
6.14199290053757
5.11840461867035
6.03287558097396
5.7294732836789
3.65187691708492
4.79412332753917
7.39482071162455
5.02579255590365
6.37016348253894
5.59706598863831
5.12953653314509
6.34574450459374
4.53748856708356
3.78135378292299
4.3418587748082
4.91038099414871
5.45546732225101
3.41213275855185
4.50043689556992
4.91513398326516
4.17846830819272
5.43635330132542
5.8616068517284
6.11330888634004
4.64999415191278
4.6045997900527
5.54964748815155
4.54216546655246
5.63149865849945
5.23053119364833
6.47850920728781
5.50402596400063
4.30626979489348
5.09151712199283
6.17619495636018
4.7245006162054
4.77892411169564
6.07011507056268
6.02290721499775
4.82456775982498
5.40873045817969
6.16506304188546
5.89205975093809
5.74344431723889
5.41752034917021
4.55245484040607
6.54121363647646
6.08051695139976
4.93068859361574
5.90109463975599
5.53757130337504
4.90715571744791
5.15383111473319
5.53274435849051
4.58032267161134
5.52583014945722
4.79415276897909
5.68970937659637
5.27166015427283
3.78669325761924
5.33792949111459
4.58385168863264
6.0708876279533
7.41716497986542
6.00301815426349
5.930507887543
4.10498260223737
4.41888224581157
5.48493935763119
5.7296230690284
3.88723312257426
6.76091442816105
6.2585835278358
4.40144927746668
4.76565944733781
4.24587054864953
5.65975894986217
5.05600241582349
5.70469510532555
5.92190683750377
5.59716085133357
5.32627272184672
6.16033988108273
5.14259081666704
4.63872555953515
6.0008898611827
6.70119810577069
5.98494582204667
5.03859520753656
4.9778725683573
4.52399039126496
5.56616283507418
4.59259598030858
5.14682953665501
4.04751936692425
5.03675930947894
4.54270423755034
6.2193543214133
5.42119149597214
5.94617025917053
5.51434839255978
3.5048938543905
4.02643546193336
7.00989695417408
4.88109310836374
6.16080372085373
4.84175121174175
5.43232341044688
5.96082074714326
4.39050550438915
3.63437072022858
4.51954181074798
4.94722719793323
5.9284310912731
4.00864805316188
3.91308395737973
4.96538306365597
4.73008554495891
5.28937023863098
5.38864308270632
6.58627265536214
5.18996445904157
3.93295485004134
5.74296490388207
4.8259690286234
6.10446242752156
5.5891057935023
6.56353076069854
5.31841478458275
4.77923356391558
5.56448089101492
5.6768820297416
4.52340612523387
5.16810017940432
6.02549179153715
5.02965174334514
5.09935465836553
5.79790652588837
5.66575011526686
5.63068751907557
5.27986709204434
5.15614811730768
4.26865127833517
7.08118394360525
5.93353388870536
4.66579170516189
5.75411157706158
5.03825837675645
4.52223195999743
5.0717537269125
4.98112712172434
4.23091042817717
5.14090639200674
4.52925588052524
5.30478561914592
4.64879570206632
3.58207411005638
4.8649657220925
4.19892793118219
5.9841823061499
7.71132916241019
5.09473369394134
5.26367061116657
4.25194073236084
4.23352386081483
5.29939313276987
5.61925817111285
3.32580200342154
6.5036037212579
6.46540298836731
4.40644859906363
4.61006811842396
5.14015090629888
6.15906262923698
4.96442528389044
5.2693343991319
6.41836279857737
5.7477536266974
6.17937879009456
6.12494541380271
5.18838270176667
5.13978175251915
6.8460593108253
6.60090060259019
5.102974569477
3.92794228596432
4.5650585222414
4.53171688762666
5.74210489395049
5.72681203355832
4.95769802851132
3.67499249114086
4.08844891268458
5.34256708618166
7.40589524334834
5.19934303273276
6.46261413483107
6.03270394891581
3.35919501097648
4.39493125944826
6.34611124402693
5.05778955559185
6.73043349386175
5.14106918181435
5.2104749472075
5.29939313276987
4.50307152109789
3.24260890901245
4.86842614613248
5.72321310138392
5.41690416008413
4.38615272055796
4.28233282596652
5.19906226976346
5.25436776385123
5.11420609469432
5.45191924759098
6.53934061927998
4.94303430492188
3.41144485927639
5.20235658065484
6.31428718369559
6.07225565595957
5.82062555989002
6.46540298836731
6.33772875851065
4.66829992794098
5.48658846270473
5.16778384214092
4.53835063886152
4.51724579362704
6.27844608051755
5.64717897114034
4.64553709129429
5.26027751408211
5.15665192766618
5.61696285869469
5.274031466494
5.1424234569268
4.60079637766827
6.85821521710927
5.62956338917224
4.57833379712062
4.68694714557121
4.93370286654791
4.1705365888228
5.66292602598018
5.16928799182362
3.95731719215911
4.90243639480313
3.74494318475143
4.57179303183836
4.25337389638501
4.3187082315596
4.37300965235205
2.95434721823289
6.01927984007227
6.80224760424453
5.18254254291917
6.72099102897057
4.43254407085992
5.13628116230106
5.98274352380909
5.57105500057129
4.19713753072014
6.60282188341975
5.59463232120314
3.49955737607797
4.60615918665763
5.38373106386194
5.9249663699587
6.13477197964495
5.68902583122885
6.21314693510225
4.82112394693071
6.13257583101917
6.00177181262562
5.89453106014617
5.63501324496131
5.85426631267081
6.94582357070269
6.28526857364696
5.34849961568246
5.15946880441356
5.58963448443302
4.37573968347147
4.81853990261828
5.40910681141705
4.73026878808524
5.71950873063994
5.80517184909941
6.48456174150983
5.22114968873613
6.47975024093725
4.91894312191168
4.83288407443041
4.7604001918604
7.24182757126117
6.18039794454307
6.02898248297588
5.23200967523371
5.23228160321087
6.05222165201672
5.35851426507513
4.96236094026849
4.28531661786202
5.99447589451036
5.99206828849549
5.0729029583519
5.04955528461413
4.73115787077002
5.43435899079499
6.6173604586709
6.39311200754233
6.44334578400509
5.23613355233757
4.61431508322429
5.58346464320189
5.8149696775547
6.62876564282621
5.95941823201761
5.66163885930984
5.55687537410001
4.79947433740938
6.38253590626303
6.31186232132782
4.58270068918326
6.02302310378595
5.86599153085695
5.76268393505112
5.41109720730104
6.65478457307479
6.30073040685309
6.19525714423314
6.29554265037335
5.72071774246524
5.00168347004114
7.05962948241435
6.49810351386293
5.23129386854049
6.03808766540522
6.12004870685444
5.49024072068341
6.05108948172146
5.47715115689532
4.94721809762751
6.10891515269273
4.81323196886889
5.87028778252451
5.75489440547119
4.66367813469785
5.72408885386258
4.88263491420302
6.22326134282808
7.885161203947
5.48270617295275
6.11188631153501
5.16328230397829
4.07523358667296
5.93999911404367
5.68990492160324
3.90629487987218
6.5416376945531
6.58219472184662
4.54555473385464
4.6699344548868
5.41871613426536
5.51578250517028
4.47189850461162
5.77533149643589
7.06293425897593
5.78442101758653
5.23599047681263
5.76669293927138
4.82999033750689
3.98828225412005
6.36427675734178
7.39537274617317
5.7297401908113
5.2222572466831
5.38349209344811
3.61815808398363
5.94219668493536
4.79897760020161
4.62552792774132
4.82649198953995
4.76406702157156
5.15000330988684
6.52467442452559
5.15508359512248
6.24606677155573
6.35009550242295
3.45342441699041
4.68049075836919
6.90264269285388
5.35036329286126
6.52127064834879
5.50689724370185
5.16621550959721
5.85195910247203
4.9315374322488
3.57477900978243
4.34261537480636
4.754804932593
4.96168192012931
3.47259391691492
4.08501666442092
4.67325149843732
4.19916407583305
5.44409258030979
5.27032995059527
6.08808385844996
4.51573897171556
4.32500366291944
5.30958321090695
5.16278768529652
5.20599169761609
5.39089448351028
6.34425402709059
5.69444863444394
4.21704316711093
4.65231470893286
5.98378167017421
4.77002802477546
4.47077089422143
5.9188044180082
6.17067916481733
5.21028040440062
5.2138026146765
5.97264975569946
6.52830443031216
5.68548661713515
6.05376502854426
5.3622372661013
6.40695845627923
6.54090496078971
5.48967536873809
5.71935998391025
5.34515801718905
4.1231211104616
5.83644048186525
5.45484749074457
4.86379077493743
4.85502091644192
4.77735602309045
5.00725321394372
4.79365518227216
3.58824075752473
4.89872707805462
3.86790602187592
6.22699579836249
7.23194013714478
4.83521709206418
6.27451512529551
4.63686448981129
4.32069836563953
5.05853481752384
5.88510038041196
3.71072576087199
6.816059545091
5.87487652098108
3.9778102030143
4.8464713188379
5.66418091323192
5.94929231892652
5.1433490131239
5.60540566902966
6.41544517808737
6.13126721473551
5.72726265454254
6.18117049797854
4.99261915126738
4.42179206787628
6.8555489350717
6.64572109136304
5.6769865341308
4.78874743292687
5.18792297444791
4.28960859249589
5.62745981607636
5.70836880346992
4.57277427106085
4.29785694334736
4.71131336489108
6.05939451315517
7.43406562779391
5.40054837408905
6.2120012191839
5.87144525650771
4.1248749255027
4.41787925433481
6.73103500147741
6.02181380137351
6.56700792818275
5.13815156132436
5.41168028856379
5.68203327506582
5.17700221121537
4.2462295182947
4.82602084852896
5.66419613586132
4.55609901312158
4.1440444254272
4.56842213814353
5.15665697215994
4.68256954955568
6.11554308882205
5.75373542431788
5.91647616707347
4.32016985271537
3.79636861672686
5.48612007485805
5.59629749905274
5.63855141070423
5.40983618706301
6.35075791049318
6.12795844820016
4.04543547573448
5.05288421744939
6.00272337372692
4.09857751626319
4.72410237719528
6.33328197671537
5.43218627127083
4.91958605296409
5.46713409765036
5.99159145925219
6.02775223152172
6.08605612565168
5.55321282975381
4.86168506731086
6.13223062912135
6.04035276199927
4.98912316994765
5.30981159777772
5.7457275257056
4.60652658418421
6.23700999038181
5.40431106608968
4.19234026642516
5.33842639016456
4.36780763695793
4.74464170990933
4.80904597048996
4.02175057128096
4.84597342137413
3.81515236519544
5.45813430730779
7.81982328716884
6.30904778924912
5.69256719278695
4.21937177140549
4.46947930070124
5.96082074714326
5.90857652183481
3.76368159698633
6.82900336839066
6.63161970092814
4.82186808162045
4.94859455249048
4.73787712523049
5.98376378942152
5.10659947071316
5.5776189231463
6.68013923489032
5.66524979156316
5.28701319807996
5.99048812655629
5.29249149985145
5.02656693747561
5.88073859941787
6.63629243089694
5.74700512729062
4.80065451278051
4.5806446465893
4.67389107444936
5.8721924700598
4.53360873835894
5.31285540690829
4.04751936692425
4.79881861472289
4.17768736061506
6.01869728365567
5.48928043620174
6.23470800881625
5.77205453549551
3.5048938543905
4.32115955851708
6.77195625941804
4.64315241360769
6.48480856041307
5.12410221961623
5.50041235067649
5.72288005238721
4.39050550438915
3.39643002547254
4.27461057803592
4.87427272723498
5.84039107970147
4.27293790551441
4.02747312654785
4.86259078162254
4.5633920656432
5.05142954387494
5.38864308270632
6.49823264379052
5.03491790936324
4.21967603260224
5.81151083986661
5.16502991875899
6.01642241594993
5.61545495109878
6.3266724680654
5.62444441956838
4.69119355234395
5.47644087944329
5.31538980939763
4.92633304404769
5.218697234294
5.85609703276564
5.78788414073169
5.26434088242334
5.84850358077804
5.30425789492289
5.74507668824369
4.88263917027633
5.27053728647579
4.55537246089608
6.92613739392692
5.93353388870536
4.78370553092131
5.75411157706158
4.67676615641248
4.28429126524139
4.53096666252668
5.05978058946842
4.58324029210135
4.90296569725069
4.64716970628469
5.06684492438987
4.64879570206632
3.98852568546153
4.8649657220925
3.72304654167009
6.2727200557956
7.12868786045448
5.30695446303464
5.90397649435233
4.10439724333191
4.61328078686718
5.05142954387495
5.5395096193172
3.45372330881802
6.84617607174779
6.02714671648235
3.92929628218105
4.60879719105348
4.72816085021064
5.90050223554925
5.58463746201607
5.04805766244259
5.51235845137123
6.04273860203685
5.69674764867158
6.25811819187704
5.40395118398184
4.87946884522222
6.43593958031847
6.00375795913267
5.1684190153486
4.60508539378033
4.54436275460107
5.05262543745752
5.53931772672065
5.40912278700664
4.33030272995695
3.80677608123716
4.22023250278087
5.35923104424839
7.03588112811136
5.57045650556314
6.23952083105696
5.43342401145781
4.03352890058308
3.7379583425224
6.60034856804156
5.69761991506179
6.53395712494593
4.47300552936426
5.58158842003787
5.52731093338704
4.87279580595024
4.16300576642115
4.63842866719895
5.4758622441258
5.49492127751687
4.24939133884897
3.81959073792985
4.79637815960147
4.92448408601451
5.81800528482355
5.2872127334997
6.46461602973509
4.75645464528533
3.69037811319012
5.78278658077369
5.64249583532145
6.07793103433088
5.44592348342498
6.33209394934509
6.1349415912808
4.65757693828856
5.53794949782424
5.24580795915877
4.08989631147763
5.25068334572367
6.41116186283694
4.74117462393419
4.57071961217296
5.88048969220773
5.23467604468404
5.63010216017011
5.25333569885366
5.15556275840221
4.26806591942971
6.67163555747273
5.93294852979989
4.66520634625644
5.05667143042355
5.01172698356579
4.71663050105304
5.33311409422733
4.6926500023134
3.79740061442094
5.33530493306237
3.83181573388723
5.01630849973496
4.73137886838567
4.11070915624897
4.33633067589992
3.67029288498961
5.86252568052285
7.16937819139953
5.47479632970328
6.55836221521008
5.38612424728097
5.14962731827324
6.41625333756531
5.23139893888211
4.93746070041357
6.44019306965927
6.0672217663176
3.99750529325289
4.27002778155977
5.77299769857682
4.96562410094094
5.77883634422454
6.18344909181242
7.02641873927537
4.9463868936757
6.21591659635567
5.83914299886514
6.01979400689116
4.67567097594355
5.93760707800732
6.76463382669994
6.288071164578
5.97443361620778
5.9095727806699
5.2336988490126
4.9543257954135
4.54584566718829
5.66597528417303
5.29265196674481
5.70610838828853
5.53247761366944
6.05222250569816
4.97568490976957
6.60501318768226
5.44874874604883
4.48624877104866
5.36848284043552
7.7727483675598
5.7968391965363
6.12225522514927
5.94787049686441
4.9868168242443
6.72367216052899
5.65184103749216
4.61572563688673
3.96119837115137
5.43741455516621
6.42557810225173
4.42445689154314
4.76109067715929
4.24658181910283
5.24074350693346
6.05222165201672
5.85975546807026
7.26215834080924
5.79013733163851
5.17721156055761
5.4208358294414
5.38263044174303
6.46613682906572
6.57591133372487
6.23815592296694
5.17331662609324
5.63866534466231
6.18064756873579
6.63953112430855
5.32011117421206
5.81974557828067
5.99125447760196
6.33351206233654
5.8161807279057
6.45150704756952
6.62839920983382
6.8860151933177
6.21156730435694
6.4114757915498
5.62683283776245
7.40217133044017
7.07447239377936
5.95045800679683
6.30149515164717
6.03254953849533
5.4966332944548
5.87350605883668
6.10710387138684
5.44864301070506
6.11435016460428
5.19455328087028
6.18364633451593
5.55300606794395
4.43495665707553
5.990669127956
5.15712633235711
6.85673955754999
7.33804762213967
5.58951843681623
6.04867594189223
4.72726169553841
4.2241047191585
5.76233400765307
5.23672274201542
3.83864706626849
6.55638138536938
6.21323341961603
4.06820740874142
4.27182692810176
4.96318392447668
6.10986199723446
5.19546139430739
5.39386058010827
6.22326291514935
5.8513109403893
5.22378387964948
6.19327200933131
4.6930467202037
4.64444577095618
6.35207016017864
6.62662241133918
5.51422193301428
4.75206845647475
4.92928651205154
4.34172097367939
5.75924340617266
5.3442766044609
3.85733896093485
4.42964053344367
4.60515626023134
5.70503396191407
7.0073001950405
5.31280315972598
6.32622615286039
5.58749528607402
4.1805119632775
4.21092211154449
6.98527232549202
5.8423193626017
6.74331688663116
4.94596929838637
5.3239350742007
5.91223469083749
5.01977886864467
4.30998882911557
4.6149107836079
5.32462687117317
5.02195750849478
3.5384868750708
4.29255450695196
4.77286027601041
4.4515203169924
5.96498834751798
5.7601765025218
5.99165226071299
4.28349087626324
4.31324256539664
5.53702414515151
5.40747276105539
5.60496726530879
4.97295971440288
6.28023995772273
6.32055277069869
4.18461316926647
5.06498572880215
5.63073171660925
4.17660163328105
4.861507278015
6.34538348806812
5.45207908771232
4.18154354446429
5.49131362449904
5.61959980213453
5.77708522286453
5.63825945630414
5.30254582109663
4.50308899369574
6.19867178845064
6.07993159249433
4.81218940895087
5.20365449311798
5.39665074101626
5.10155425850352
5.71803785167779
5.16561377133549
4.03242368868698
5.72022869051284
3.97879879658163
5.40123225718543
5.35424332059219
4.19741447805239
4.80929444492203
4.05521664244007
5.94923100232628
7.38732432285086
5.07659581946119
5.73955200067866
3.96404897185534
4.4208675006812
4.82351174325779
6.06770135410611
3.32580200342154
6.65548027121066
6.14139814880797
4.36473153171547
5.0442324405879
4.91776370507511
6.12294955018314
5.15176892375682
5.55722615963738
5.94248140906528
5.62925662496343
5.74158634640464
6.05685647357312
4.98853095283282
5.03983213508417
6.48077827805155
6.62874868788589
5.3908663299825
4.40382367547641
4.80299921699745
4.61975689919829
5.13020829388567
5.36153100078455
5.03018454655068
3.38710073063537
4.37634067319006
5.29261602043221
7.03193933803956
5.3691947872592
5.87898927640039
5.429482221386
3.59713570573253
4.15699056469222
6.34611124402693
5.24577918459846
6.11853689379693
4.90312848705832
5.38032670173394
5.29939313276987
4.45312045534845
3.71849029852454
4.79847249420907
5.67261604649424
5.26700347689971
4.76208449263507
4.33228389171597
5.41700037834551
5.10446708066681
5.5900874842064
5.50187031334042
6.10154817559009
4.79313362173746
2.88561240401487
5.37220833518129
5.63855404524965
5.92235497277515
5.38283311620012
6.37933884356401
5.72583215844583
4.23050748425107
5.33668777952033
5.40572453689695
4.24981288921581
4.70458943349341
5.92200838402751
5.17129758162824
4.83288073116067
5.44762115394849
5.39459262242222
5.56701179294524
5.51197216125005
5.09247239117735
4.31290461716277
6.70831453392485
5.5796123234228
4.52838273137118
5.21277960083276
5.17164356130396
4.1705365888228
5.39922309074906
4.93134729706757
3.95731719215911
4.90243639480313
4.27077564001297
4.57179303183836
4.25337389638501
4.03017048191388
4.135068957596
3.19228791298893
5.44285032992107
7.51146310920345
5.69580998078561
6.23593733182395
4.78868794472769
4.09397630952917
5.80867471596898
5.72120575805254
3.66213262070172
6.92292307576344
6.40884095336075
4.3182743866138
4.7598346007302
5.50153120937356
6.20462401655414
5.06533298467806
5.24030871019711
6.55195463133974
6.14580512944998
5.4026927770837
6.09100912327953
5.29905651934513
5.01251487534156
6.29858776193174
6.27081312173056
5.24980555052633
4.93704623125196
4.71703636506074
4.94773077282081
5.85400542549235
5.35287823098593
4.24153325238911
4.37667761346484
4.31425264549646
5.55148209200291
6.81534103179928
5.67352303297625
5.95815704847501
5.67439260697342
4.36548973805472
4.31404622168809
6.69436871075714
6.02958075253343
6.83807890595084
5.0047301152491
5.68465494745098
5.62133107610262
5.20475664342189
4.49496660389277
4.42109579960202
4.83300624119987
5.15208591812413
4.25888584338037
4.21534368967993
4.70647924755347
4.50299525887769
6.1499661222952
5.5445234412668
6.12178067034234
4.34661274778588
4.26027964541781
5.88492091596373
5.72676137763591
5.73509567493813
5.21747729320035
6.10389372049801
6.44962929005251
4.31474157889581
5.19511413843148
5.45421727104248
3.92292169806379
4.73137886838567
6.24312060201635
5.78077080390271
4.16580430400307
5.3611852148697
5.44308535656776
6.07645216680987
5.42600930931334
5.60191276504197
4.83615088457258
6.26179365997328
6.26490936727154
5.11508100948751
5.38863226789519
5.2201362954495
4.81065064376864
5.12428786731312
5.05266725263942
4.43109426092704
5.42932507577796
4.28169039711828
5.11032864245055
5.30128040061335
3.94725919942644
4.61769445848188
3.76431302770519
5.58116189794089
7.43280964145937
5.93447699030014
5.99799663706791
4.38640701505409
3.85603561477312
5.80867471596898
5.66029231122518
3.78568414628965
6.68498238100739
6.34183441525406
4.49177697795118
4.69539649731152
4.7216328722871
6.49251577705964
4.82739228992201
5.65527665288185
6.26960362346527
5.61997267418845
5.30396122352937
6.32894981803557
4.77322406408361
5.30040663584704
6.19985620837742
6.86155125186583
5.77563800578787
4.69910553649591
4.87632359207271
4.70979007806478
5.56611366498686
5.19206265265968
4.51329982582573
4.08878585295936
4.840085100758
5.39066651367667
6.81417045385471
5.4355823382202
5.67026528796952
5.4352813342728
4.12754904329867
4.2572628198604
6.93230940551319
5.5037482972719
6.55018714544536
4.96031980213067
5.44671425269493
5.85927177085865
4.67892418816035
4.25702590913674
4.73768996210214
4.9565577667878
5.39002661288016
4.19444773996168
4.62678697577335
5.18353121501012
4.81958942137778
5.91202542753915
6.07035589652833
6.07182960459289
4.65155998064863
3.97422133607643
5.64698022120768
5.4876501049353
5.97303636969417
5.05313705828278
6.40884095336075
6.16173752954701
4.26479051314636
5.43305483318753
5.57776879663041
3.80853252889568
4.49343817362963
6.19316953626691
5.49841979602823
3.81347444007892
5.12324452011367
5.56663688215569
5.4362305423802
5.5852965363253
4.96169114061232
4.26153794150616
6.56674089283602
5.73907691200999
4.47133472846654
5.43858333364463
5.34368782103742
5.04859133852469
5.37718317119348
5.2119544796514
4.07876439700289
5.66726577053401
4.2137276371083
5.34826933720659
5.30128040061335
3.829345373667
4.85563515323794
4.00225372246123
5.2932701374354
6.29256242212826
4.79422977096901
6.23707810774586
5.03858250129858
4.97083659548582
6.16387219904766
4.39632822199178
4.51476139257488
5.42809510484022
5.08494713908688
3.22781288871775
3.43143240807808
5.20105681929789
5.27246572552275
5.97996115259902
5.8701545064674
6.51564802050695
5.14164892209579
5.97538643111658
5.06498572880214
5.47647139004405
5.67332645788017
4.93589211914399
7.12695224594128
5.99051585937345
5.42818278278113
5.4064507307747
5.43482365738707
5.1233655603438
3.92809856342626
5.18472503341292
4.80686325525383
5.5581625030525
5.60554436726223
5.5941204023178
4.18451687919682
6.47171870922465
4.17131724503936
4.67853024313943
4.89055723278696
7.30638796190982
5.74282976794986
5.33013709390845
5.1751976557162
4.19564879367156
6.23335032725528
5.19306969825988
4.80800710897748
3.48662450307873
5.79484841267319
5.93525626897801
4.89769506592216
5.12205141255492
3.93246575598675
5.50685511873581
6.28610398393577
6.28523375011389
6.50790617465374
5.4117771567924
4.69090955039287
4.40873786462234
5.85328289047354
6.38279341635756
5.75638438424322
5.15195367719357
4.90437472966406
5.02500768929012
6.19327200933131
6.20407866749835
5.07249661812909
5.75740226286305
4.92920544703348
6.00966586141229
4.94425704939406
6.38720860934709
6.19294675302361
5.9663576810822
6.1154236750273
5.49181827931429
4.77278400689022
7.00281746289686
6.26920405071199
5.12351021471103
6.10801504801578
6.07276506732262
5.56273684862422
5.87548819152219
5.84524889257793
4.78677576838972
6.18141128063353
4.88315935147945
6.00044482345109
6.0203153647677
4.98381650494092
5.56364652462476
4.72128868661558
6.55723422666884
7.30600638882413
5.64702949298072
6.18715684401908
4.67429877555958
3.90710185268407
5.57073402121294
5.56156075767086
3.78568414628965
6.87414258795856
6.10389372049801
4.20388521744569
4.5966649437572
5.06059087070355
6.34743947887384
4.97020775224172
5.36738489237636
6.26960362346527
6.0970246416451
5.76260130068937
6.51811002498674
5.25027603154026
5.15533033766126
6.65849628553741
6.4714969174388
5.72568694003843
4.69910553649591
4.87632359207271
4.85260554038448
6.0919461202484
5.62276987548487
4.46334876007628
4.61461830822088
4.79013403500855
5.82137373650185
7.24487767667991
5.49954720634119
6.14731725542617
5.96111378953434
4.27036450561837
4.04518774048091
6.93230940551319
5.93445552009709
7.02723911290201
4.72237910737462
5.51067912081592
5.85927177085865
5.01788218657679
4.39984137145642
4.80165483022312
5.0993732291075
5.15208591812413
4.04937144177589
4.38996145317881
4.95960432262563
4.87065565928874
6.05484088985885
5.8335303739338
6.35972136509838
4.65155998064863
4.49822034017386
5.83614042815886
5.91835732776049
6.16219657664534
5.55310389816777
6.40884095336075
6.59244475237221
4.55268227365185
5.6222150401387
5.78984387600991
3.80853252889568
4.66418649028412
6.67022150372357
5.28634471664874
4.05141513483496
5.29399283676815
5.77871196153518
5.5120472235062
5.77445674327647
5.03750782173831
4.33735462263215
6.46362075705461
5.81489359313599
4.54715140959254
5.15069157313915
5.53284802798859
5.09965757643564
5.85423513865013
5.2119544796514
3.84082370224685
5.71833200844496
3.9258358766028
5.1361942578271
5.47202871726785
3.9721608359867
5.09357584799399
4.24019441721727
5.45978948777475
7.9799232232667
5.82715142776287
6.06605402676935
4.82242762349395
3.70716448228757
5.98633982235958
6.05396633313083
3.85333195989335
6.63639971387279
6.67695674116632
4.88999998866478
5.01533727155678
5.24266964135749
5.89843628499546
4.10382940022624
6.01026033696253
7.10927496729184
5.57269890810316
5.31616782069252
5.82420399543588
4.9101676813868
4.64424311901094
6.19686925311818
7.60819860624608
5.99115626358487
5.16929432670428
5.33052917346927
3.98622718836901
5.74906694374955
4.64676364840038
5.21598423335048
4.48563730905563
4.99899586209824
4.83563586164946
6.33154468333978
5.29076140382675
5.59010590666485
6.13837339293957
3.40046149701158
4.7268314666851
6.84967977287505
5.03599584462384
6.32814090716298
5.55323795201776
5.30189331830148
5.7989961824932
4.59068275176448
3.5218160898036
4.47829318351063
4.38673582820763
5.32975102451471
4.12855478180579
4.41924913324233
5.09682106764706
4.56723318021844
5.39341327548547
5.56331609079295
6.16826120232986
4.88380807610093
3.98414898243512
5.36709426707144
5.24296502917643
5.57406080200147
5.47107182739017
6.43901604641027
5.50131889325814
4.29722051099084
5.02038381331824
5.93081875019536
4.40195892039009
4.10270178983606
5.68842371366721
6.21701987313324
4.84221130001522
4.84573351029111
5.91968683572064
6.18744974982782
5.63252369715632
5.71291034805995
5.12068621391171
6.77502756066461
6.20005028030538
5.14882068825376
5.9542888244369
5.29219509721021
4.07015819048277
5.51977462665532
5.50118819906049
4.91013148325334
4.80205799646309
5.01228486361711
4.95429029396489
4.74069226229333
3.22017165313936
4.94506778637053
3.81494310189709
5.57103493347163
