37.274242806631
37.2142511845513
39.4759470301001
39.5012489322103
37.4674372242799
39.3419119520297
39.2775433632231
39.1960385663827
39.2604071551892
48.9031867751056
48.9757561983515
48.9713939454547
49.2002390606713
48.8144123619593
48.9538116074513
49.0787832384174
48.9463752235748
49.1130036088072
39.0738709502413
38.9395642111442
39.1324924250566
39.1781435607335
39.7432254794975
39.0315046980016
39.0212187104331
39.0416991758379
39.0519851634065
39.0174428757489
38.8830775968848
39.1471712184658
39.1928223541427
39.6815100750333
38.8263474946836
38.816061507115
38.8365419725199
38.8468279600884
38.970053749819
38.8812310305404
39.1486967268639
39.1943478625408
39.6393791989499
38.8567036469401
38.8464176593716
38.8267629302958
38.8370489178643
39.165131951689
39.0762508814821
39.2024831227116
39.2481634338527
39.7368511547433
39.0004674199531
38.9901814323846
39.0106618977894
39.020947885358
38.9533221084672
38.8458526627258
39.0982010891703
39.1438232358084
39.6556022089906
38.7551110858491
38.7448250982806
38.7653055636855
38.775591551254
39.0443648987541
38.9100289841928
39.1076844529945
39.1533355886714
39.7413870336085
38.9951519339499
38.9848659463813
39.0053755872504
39.0156615748189
39.0309688596377
38.8966329450764
39.0720151468257
39.1176662825026
39.7176877021958
39.0212775935574
39.0109916059889
39.0314720713938
39.0417580589623
38.9810193846535
38.8466834700923
39.1839612177909
39.2296123534679
39.6436326046284
38.7827750604572
38.7724890728886
38.8330754631953
38.8433614507639
39.030959887222
38.9234612660164
39.0788607671175
39.1245119027944
39.6363788753853
38.8589437657374
38.8486577781688
38.8691382435737
38.8794242311423
