7.5486458166018
9.15396381532128
9.54409419712495
8.22273027784212
9.37002708006448
10.1401632467312
9.221618444857
6.58215799519194
8.89440699961463
9.86551459643297
9.23489096584284
9.37769009463953
7.07861493802982
8.74235820344163
10.037986265517
6.0720345724829
9.65883036571952
10.4292215292216
8.44992172052823
9.63207768908511
9.18300025645184
8.00303270562591
8.28425920919663
9.85095088077368
10.2367565167408
8.9733066583863
9.25996264835678
9.32195104335416
8.48665702790267
9.82445787891006
9.18866961288711
9.22924792544224
9.11354528320129
9.3108771727265
8.17436457339278
8.73369717832531
8.09924024370697
7.2699541697023
7.76583657535783
9.01733774512023
10.7377414272543
9.65179467973858
8.52688411243317
8.91871614381497
9.29490275037866
8.80882150801113
8.29787292435523
10.0439557086501
8.93219041102516
7.81515237645115
8.63748964024425
10.3616789582372
9.66526894694877
9.62748553553824
9.37135841146908
10.215287576417
10.1051255901625
8.23091996930461
8.18160416821131
8.65096390745444
9.18300025645184
9.25996264835678
8.00303270562591
9.51669176283018
10.3503396453895
8.65096390745444
8.63748964024425
3.7861151493804
3.85509999064741
5.11659757565929
5.67403610537538
2.57313413686183
3.81389592692222
4.41302375458425
4.60468165397888
3.78213510164899
5.1749621622827
5.32922956489168
4.4152893738353
6.51090029922779
4.69607529270537
2.90334631314614
5.54041618940746
2.64815272434918
2.86588447252998
1.45218846885893
4.12663570045755
0
2.22367659330188
4.16732902208276
2.89345871379529
3.66823806477293
4.00958544649597
1.39701320337107
4.31118305486259
3.48410890101752
4.69608048228391
5.46955502594767
3.38043369940964
4.52760390758731
3.45362104141769
4.76788096599247
3.08337148736041
3.85485961180336
3.19684491226244
3.87285275742509
2.89642088908582
1.83018028792786
2.04214745700529
2.48313693159736
3.31305559000223
1.63118301850146
4.02532260572077
2.36612865991531
2.18271290842074
3.97321760586303
3.48707021547523
1.45218846885893
1.52325229850243
2.52102913700408
2.32994663279004
2.6539330252786
4.75584704528259
1.01430503949431
4.72089233171867
5.2340996660642
1.50672409750976
4.7789340215763
4.67477569546606
5.9946859549416
5.40182581867662
3.70846569098705
2.64548805799579
3.38043369940963
4.72375330046992
4.16578755425355
5.35461319746112
5.57443023660695
4.62649077330103
6.32767404360013
5.02103941696289
4.21788935141878
5.60645532978426
3.68941949976696
3.92799251426096
2.62885703830818
5.0859484304758
1.39701320337107
2.07801873115259
4.02198630247261
3.88627758599119
4.64090521679605
5.20747835317814
0
5.5445788527508
2.36612865991531
4.36945742681175
5.14293197047551
4.23768529464675
4.20098085211514
2.46649350835325
4.63393291873976
2.75674843188824
3.70920174965407
3.40860415935006
4.1978168816826
2.56979783361366
2.43691619053
1.71552440153313
1.45218846885892
3.16771287039207
3.02819622187255
3.69869955024861
3.48410890101752
1.01430503949431
4.0034538120059
3.49169407330209
1.12556541338676
2.53931312092113
2.7006801721825
2.93394371931643
4.05094622864969
3.58743917635615
1.98697219151742
4.42859493059323
5.41129055372234
2.11072118403615
4.59160810994997
4.48165712095297
6.24203564690065
3.84633302455726
4.42217367165214
4.20098085211514
4.93592649352899
2.71307052906009
3.54729589920852
4.64090521679605
4.50005553294803
3.55211606964211
4.77218124948078
4.45279021323162
4.94313769229603
3.75787620998646
4.68794410349906
4.07814132821461
3.34256501897326
5.2840199140599
2.22367659330188
0
2.46649350835325
3.96837276229919
5.35461319746113
5.99913437433209
2.07801873115259
6.25828683341588
4.31688852817364
4.62080798154603
3.58743917635615
4.95139327531183
2.64548805799579
4.02198630247261
2.57313413686183
2.77411252674348
1.63118301850146
1.45218846885893
3.48410890101752
1.01430503949431
3.62550996710655
1.96687495626741
3.40860415935006
3.31536892279498
3.85485961180336
3.71606364510384
4.1978168816826
2.56979783361366
3.28974583134082
3.50905816815732
1.142929508242
3.54694170417481
1.98697219151743
2.24452225938512
4.8776096185805
5.14293197047551
2.7006801721825
4.67994548532752
4.69758257305726
1.5099686126368
4.19748788956498
3.90306366657936
5.41012307807022
5.51207735191818
4.82700394709624
5.27474962031194
5.85019648840378
4.77792234073944
2.50204473541581
4.54347691730198
4.44614874241488
3.5322085513585
6.3489415457706
3.42958194175592
4.96673993290436
5.71365687616802
3.64430706024751
3.3524955259751
3.70605827909334
3.53127675713584
2.25386981023439
2.13372848667706
4.00537026862558
3.10297395816761
5.81303672950956
5.47654308535838
2.85786689676078
6.3745766746208
4.94496259440723
5.53389721437849
5.30759627249048
5.52523236414627
4.36564515413012
4.84922451898362
4.70686262353891
3.91041355864978
3.76491150517854
3.370085599023
3.43184370292055
2.73446213562863
3.88865361264552
2.87996418909987
3.94399062498707
4.15087232209681
3.88505282873587
4.85236467701014
4.61999847014972
3.64356660181046
3.21766917270056
4.48749849399479
2.27923054014829
3.0007860546382
1.88954389202336
1.26590061699038
4.90780283551301
6.2167007386723
3.15910370423094
5.55870906381325
4.60261442108347
1.06571504300523
4.70631390564809
4.70609247898958
5.81976849154559
6.65307339766545
3.93340438689037
4.61856252739663
5.21769035505865
5.94534991220161
4.11227137715655
6.31789391165871
6.08154872312425
5.18856253743515
7.46612666591902
4.99379431298501
3.15188800223206
6.84335012465043
1.45218846885893
3.63368559268781
2.68588704732894
3.50419795695791
1.45199008250328
3.47567948817566
5.24710849619703
3.01267268827233
4.81116981414894
4.02730726156792
2.38664585994357
4.41277006243322
4.59491381379006
5.84978689246513
6.57392941499183
4.21415790262063
5.70759615562872
4.25828764189209
5.97319576604025
4.22630323673641
5.10686250667715
4.64637484724546
5.09810545886181
4.07641313712724
2.13987045288109
3.19585386718651
3.6230029722895
4.46676200018345
3.08317310100476
5.16825435509678
3.59138136135204
2.98737950889514
4.8278958144413
4.80338817208143
2.59512021823494
1.45199008250328
3.6639608863801
2.9589125663687
4.1059231077819
5.56051364575699
2.15723678887032
5.87267797039731
6.16931602868028
2.95871418001306
3.81227256348609
3.15557372246817
5.16992494554036
4.96032812471029
4.07985823437161
4.52760390758731
5.12673173524933
3.8909736733138
2.56385408638019
3.66823806477293
3.90251548496007
2.93060464345951
5.79719231856272
3.46934840040328
4.41007041065593
4.82670820874238
4.15487682185896
2.93961409937685
2.95891256636871
3.99721155380982
1.50672409750976
1.5099686126368
3.45362104141769
3.1890372158353
5.17496216228271
5.51630954400575
2.11072118403615
5.81790715237236
4.1978168816826
4.94743103701819
4.75584704528259
4.88715779691942
3.81389592692222
4.11155718938186
4.05417298532739
3.10073558221564
3.14115163113828
2.48313693159736
2.36612865991532
2.18271290842075
3.33690438543763
2.29349801173957
3.19684491226244
3.45702592216904
3.13790711601124
4.04268670057601
3.87285275742509
2.89642088908582
2.46649350835326
3.46091280136955
1.46955256371416
3.0299763960122
1.01430503949431
1.17650881571329
4.16065712278838
5.46955502594767
2.52102913700408
4.86486266388548
3.72737556855442
0
4.81110215180834
4.4875221492246
5.99764726939932
4.83361989148278
3.78664809173074
3.3000193252086
4.03496496662245
3.85600003730211
3.65808100252735
4.78640727026728
4.69224568124527
3.74430621793935
5.7594681164063
4.56357531655045
4.20611995296954
4.85233130019654
3.89789385805833
3.83375295071327
2.60554727964677
5.06263867181439
1.45218846885893
1.142929508242
3.45378037527876
3.91844571622323
4.45365167055458
5.28838770812473
1.12556541338676
5.54754016720852
3.49169407330209
3.66823806477293
4.57472604328167
4.05043174840528
3.6327749249213
3.12102477556607
3.71606364510384
1.63118301850146
2.77411252674348
2.59511797710094
3.46091280136955
2.00159190641982
2.67305664934073
1.01430503949431
2.57775388224571
2.46649350835326
3.08337148736041
2.57313413686183
3.48707021547523
1.66883630670712
3.43524788481206
2.36612865991531
0
2.71307052906009
2.13247424498866
2.35530736270395
4.10612149413755
4.24197044356896
1.79971864527597
3.72737556855442
4.8430846265285
1.46955256371416
