2.91829583405449
2.91829583405449
2.91829583405449
2.91829583405449
2.91829583405449
2.91829583405449
2.91829583405449
2.91829583405449
2.91829583405449
2.91829583405449
2.91829583405449
2.91829583405449
2.91829583405449
2.91829583405449
2.91829583405449
2.91829583405449
2.91829583405449
2.91829583405449
2.91829583405449
2.91829583405449
2.91829583405449
2.91829583405449
2.91829583405449
2.91829583405449
2.91829583405449
2.91829583405449
2.91829583405449
2.91829583405449
2.91829583405449
2.91829583405449
2.91829583405449
2.91829583405449
2.91829583405449
2.91829583405449
2.91829583405449
2.91829583405449
2.91829583405449
2.91829583405449
2.91829583405449
2.91829583405449
2.91829583405449
2.91829583405449
2.91829583405449
2.91829583405449
2.91829583405449
2.91829583405449
2.91829583405449
2.91829583405449
2.91829583405449
2.91829583405449
2.91829583405449
2.91829583405449
2.91829583405449
2.91829583405449
2.91829583405449
2.91829583405449
2.91829583405449
2.91829583405449
2.91829583405449
2.91829583405449
2.91829583405449
2.91829583405449
2.91829583405449
2.91829583405449
2.91829583405449
2.91829583405449
2.91829583405449
2.91829583405449
2.91829583405449
2.91829583405449
2.91829583405449
2.91829583405449
2.91829583405449
2.91829583405449
2.91829583405449
2.91829583405449
2.91829583405449
2.91829583405449
2.91829583405449
2.91829583405449
2.91829583405449
2.91829583405449
2.91829583405449
2.91829583405449
2.91829583405449
2.91829583405449
2.91829583405449
2.91829583405449
2.91829583405449
2.91829583405449
2.91829583405449
2.91829583405449
2.91829583405449
2.91829583405449
2.91829583405449
2.91829583405449
2.91829583405449
2.91829583405449
2.91829583405449
2.91829583405449
2.91829583405449
2.91829583405449
2.91829583405449
2.91829583405449
2.91829583405449
2.91829583405449
2.91829583405449
2.91829583405449
2.91829583405449
2.91829583405449
2.48645351057272
3.11108928285555
3.76314863464684
2.7008817258263
2.19534576073062
4.13187355970499
2.99522571828147
2.99216812790501
3.09437787279681
1.84843342931437
2.98907131462026
4.46839356876822
3.75816632718904
4.80066275011994
2.77688286784887
2.32347844278649
3.01738005688272
4.89771012452134
3.07838568960908
2.93198319357526
2.33582056941049
3.14061067644339
2.70478044567481
3.59208670114204
3.65070990491969
2.77381785102247
2.38864202826892
3.62035793018908
2.1531283223683
4.10596256854436
3.3869841738915
2.946930563696
3.68619218293074
2.94783329764469
2.9322245455657
3.10378418586848
3.42621467286844
3.99423330851776
2.89299040489951
2.32740514347133
4.26007001336919
3.43019380722772
2.44323849400502
3.18253291728489
4.21042252255765
2.84123932838768
3.84125243620405
2.98525190995433
3.52519282528203
3.20959451549627
3.25405889136685
3.40482400092178
2.79605721415418
3.10933676693327
2.93416592917227
1.004291596145
2.96150430955619
1.76757250969209
3.91431200266355
4.32394085777398
2.66821700791088
2.8030333641961
3.31377242937306
3.43642321681286
3.31377242937306
1.22799942918523
2.36521625354482
2.63918290818278
1.66558486673532
3.29969974456095
3.67438739895608
3.2651894501722
3.51882786757808
2.49077568174032
1.68999466127041
1.55514612766905
4.13596297110245
4.3111355212307
3.26370037610061
3.1879689172291
3.42621467286844
3.71950197451375
4.38859144921057
1.52119426074009
2.2788112004292
3.55496095089291
3.43799847419556
2.66389431393846
4.3094982280403
2.15569687649118
3.44431062961444
2.74227147978182
2.8864558332741
2.55795591462641
2.70668540570854
3.41151729783257
2.76632756125456
3.79360797351915
2.15555974920773
2.7417252889888
2.42671764886828
3.09520086351249
2.9746201081085
3.95048703442291
2.43496494442694
4.65316292274227
2.07795448314954
2.16710673677391
2.93130338546508
4.14983737225638
3.51230510444578
3.4781999720465
2.06021055850804
2.83575125576624
2.36755653762187
3.62676477915535
3.04453853519566
3.08042855860396
2.25549439147776
3.72006579486717
2.67705644139626
3.75464490605171
2.51412358198198
2.93240351422046
2.51328642354522
2.95317660343186
4.10145582454668
2.20432551449914
3.20159544016845
4.67804103419206
3.60000560188444
2.76051058757137
3.43339072245457
3.47238389503904
3.05379788921669
3.13714221351336
4.25499721115336
2.29498773606579
3.93503571623229
4.47196197756603
2.89468161558378
3.49605511861444
4.37588894461118
3.42998038791831
1.9326952577026
4.2136740498573
2.05871675522383
1.83895690648394
3.99132961786234
2.9877431431498
2.82573691948041
3.99120512278086
3.40475501457171
3.49698635078587
2.03299892301825
3.01379988443009
2.61957352630888
2.50862626022185
2.84519477882068
3.83059870883586
2.04279629482847
2.46039403841922
3.10829778585835
2.65457636417523
2.61492747993581
2.26605034473263
2.64347479382322
2.80191356186717
4.09057226733092
3.85655007061106
2.80911492548096
3.98988469471655
3.49488274181377
3.20159544016845
3.28400420726693
2.62817001041019
2.17376481506844
3.23211234382836
2.9243437044338
3.75909739307123
4.11254213045443
3.31325328030577
3.58192104767468
3.60654058195108
3.26239934114847
3.23979196172184
2.74308513552828
3.88566764920157
3.69531306811641
3.06558975860093
3.32855384465433
2.91800137537815
3.34706895184041
3.34840073670016
2.71568334168676
5.16425532260899
2.57920309405127
3.42291650180313
2.46721432027849
1.81181057351366
3.42456586215935
3.77293348787502
3.16764831824749
4.35878096662411
2.65715573155772
3.45034856837363
3.27380204778621
4.26598322419012
3.72279915507601
4.34338233786924
2.95766363038032
4.36118287355204
3.57853775855435
4.37866730917296
3.78529915507601
3.45894884111126
4.44943609340672
3.14725742073542
3.95936790988607
3.17587343602481
4.16617332717353
5.44363124055024
4.05687282767671
3.81938809557488
3.43518395808431
1.9108539846457
4.01280298085179
1.77968857438179
2.72937752264191
3.73324278015723
2.4360902209966
4.12058109576277
4.09421442739343
4.10228457113838
4.52782294229303
4.05804036187162
1.48528933509746
4.27321918971046
1.48724209518303
2.27805564707118
4.49809160607887
3.30209128373703
4.19606785116662
3.51049767892991
4.20480430443355
4.29703564064771
2.14244044530572
2.35826432600731
2.14244044530572
2.83110392486231
1.51865839972201
4.23616484511994
1.34536928073096
3.08131917693343
2.57507321324702
3.66263814229885
3.91627655970474
1.91817280363468
3.1899619686562
3.05511343505484
2.7569710389162
3.18635888458439
2.13892373945428
5.00710007436367
4.16617332717353
4.45946062881885
3.59164398961441
3.34644797661458
3.85530322739744
3.68897956962063
3.3810107641273
4.48302547107303
2.72306536722304
3.65566418387697
4.69551624809397
4.24223878716761
4.10261236184499
3.78671768077304
3.29001085457949
4.13930606660746
4.24223878716761
3.33602594448568
3.87547956370554
3.46492709442936
2.80014323278921
3.38804962093959
2.9861195275715
5.14140420684842
2.03227737500006
2.87599078275192
3.0141400393297
2.16833699384101
4.26477888285587
3.22600776882381
4.00786133894401
4.12873278366083
3.49736875225425
3.13421015096775
3.54423823367095
4.519621641596
2.88258613437949
3.50316931717271
3.79787665107684
4.71770929387939
3.8489739444391
4.12502889176707
3.76244803931544
3.49859772535069
4.19579767600084
3.40089583814131
4.79958093058259
3.72279915507601
4.41981174457942
5.80015766087759
3.80323441027082
4.07302651298077
3.20513577512102
1.59471556723981
4.26644139825768
2.13621499470915
2.76902640688134
3.79648189883926
2.18245180359071
4.1602299800022
3.54728870834223
3.8486461537325
4.27418452488714
4.09768924611105
2.32550235579399
3.72629347065926
1.52689097942246
3.1182686677677
4.18195318867298
4.14230430443355
3.94242943376074
2.67028465823338
4.18195318867298
4.27418452488714
1.91239226234244
2.71479074633466
2.49896686563308
2.28417820581111
1.78909458560675
4.48980326252583
1.61580546661571
3.14455829561547
2.61472209748644
3.91627655970474
3.66263814229885
2.27469922396202
2.95991378569292
3.09476231929427
3.02740722480095
3.22600776882381
2.97913676015081
4.46017435531247
5.00638634787006
5.00638634787006
3.65488310829645
4.18666099731111
4.40222894644864
3.14205385056943
3.35815964836672
4.75346165695778
2.99350155310778
3.40202576647108
4.14859052904276
3.40202576647108
3.38820722015861
3.71955569079613
4.31007435369804
3.01606083212156
2.80477147978182
4.40230974558973
3.54215143733268
3.7786227672964
2.30622686825355
1.9505823135538
3.25950750050501
4.44554245300765
3.28621616214494
4.49326595140892
3.56333750724026
2.90819672980291
3.46794637909542
4.35078440547014
4.17331360910015
2.43332115600032
2.78638689162319
2.8244722590375
2.97521663155955
3.84572511854793
3.03286130478928
1.66499097571428
3.22885504896544
4.22877964820525
2.03391780976922
3.91386484002785
3.58950532371426
3.2278047334275
3.19302484518467
3.5286184135344
4.09958426474603
3.8730743254858
3.67985309027433
4.08214587423345
2.96649868597745
2.31242970626555
4.17013830743443
3.33806490001437
2.42826305679925
3.76306884780477
4.476465517774
2.51483174858589
3.81258284010132
3.35204749267758
2.97826710623082
3.28310279657421
3.30397693800217
3.4444728851612
3.6362702348507
2.88955774636589
2.9738148134117
2.14806108088273
2.91397974676197
2.93493222887243
3.66067358525767
3.70869665838062
2.91397974676197
3.0487961030472
3.00874869240267
3.71146399184023
3.5953232956933
1.00822040861785
2.96279913791339
3.21996802407249
2.26316775110389
3.36293886324298
3.71403628319551
3.51882786757808
3.2651894501722
2.63702797157175
1.52244647830713
1.65729501190848
4.63040866717972
4.35078440547014
4.10391339679713
2.25139649969407
4.26642769356496
4.26642769356496
4.22968134769518
1.97176058295279
2.43609022099659
3.24756415218189
3.47764735843499
2.54468380133939
4.80394392411757
1.9645584590853
2.95988491056323
1.9645584590853
3.62680509529992
3.19325699368895
3.59044138165427
3.94779028859663
3.31650284379702
3.95688800989664
3.09024148423207
2.86274306381507
2.07415479533118
2.462313677569
2.95789273918
4.22704696713971
2.81967579893694
3.71063386641955
2.66971351073275
2.65645533372599
2.99893327176253
4.00298102878174
3.81913116478933
3.16877971178855
2.11948611039983
2.87304667478491
2.84819274160046
4.08437581565575
3.36595592990547
2.83650354694575
3.10183115900634
4.27095508070862
2.5957335709215
3.29609454701184
3.06726760087658
2.6690516910669
2.45401087165342
3.45658442446474
4.56435567787258
3.32630704566604
4.04793220769702
4.54691728736
2.95586623751656
3.11307344110848
4.07092147733938
2.83341694164229
3.30648832638539
2.96513358778738
3.37570727351267
2.24995422367635
3.28579396155489
3.62857978712209
2.85124321627173
3.02370865920706
4.25317407017992
3.0149175343812
3.25961912301906
3.46549990119563
2.17975215167682
2.80397091141516
3.79220501634812
3.66749103882573
2.8715095505519
4.00172196172563
3.20563041305748
3.34044676934271
2.82654162939872
3.31989918263934
3.11982893104404
1.81419838538899
2.39719349590069
4.30827729856333
1.59479501190849
2.82304420557864
2.98578311528453
3.58925809919958
2.45575777685774
2.23036502728345
2.62075244561296
2.16902637592368
3.93307593681463
3.70969372713642
3.75611002010874
3.20693398179487
4.34121950934234
4.04793220769702
3.54160619146306
2.93529017432947
2.85570127128573
3.10939746939709
3.09585545418733
3.50022128344019
3.9660598625558
3.06286442639113
3.5226454957829
3.35615172803645
3.87182506019968
3.26264307748241
2.97001252255063
4.40588233786924
3.92224045513875
3.28101853917968
3.18560451358125
3.04072490750713
3.09343053443452
3.67521436384498
2.9861195275715
4.55482960355778
1.73899007335474
3.27432626736052
2.31176892261317
1.81181057351366
4.0256372468049
3.62434325343241
3.76871970289303
4.53707748005001
3.26658145060892
2.96840970413409
3.04687466076386
4.582121641596
3.31122589930659
3.88566764920157
3.56708934943153
4.65447017519735
3.55568664279379
3.83174159012175
3.01793859766126
3.70267399661247
3.90251037435552
3.30893244495877
4.55961953627098
3.04078971342184
4.48231174457942
5.73691854219556
3.5099471086255
4.13552651298077
3.34760316650146
1.88800286888513
4.42881381462608
1.86889960476534
2.76902640688134
3.43995547851191
2.47573910523602
4.36430625126398
3.63649973872577
3.3739247001365
4.56747182653245
4.09768924611105
1.80142775250334
4.10288068503046
1.23360367777714
2.60931243632808
4.18195318867298
3.91151700278824
3.46770798016474
2.9635719598787
3.59537858538235
3.6876099215965
1.84915314366041
2.94483892929794
2.43572774695104
2.86463025036181
1.78909458560675
4.7563795337876
1.61580546661571
2.78803187528811
2.61472209748644
3.82170801039906
3.21228229134785
2.50474740692531
3.4771267115616
3.38192706219967
2.64577495565987
3.3310559517871
2.92580340961712
4.95753792821956
4.77559904622473
4.48231174457942
3.29835668796909
4.15426302507387
3.69985782973212
3.14205385056943
2.77158504507609
4.66425062657424
2.46193435512314
3.89938933937818
4.14859052904276
4.1926766410235
3.14009425067999
3.39816893532294
3.54689842640506
3.95844301688378
3.60654058195108
3.47746955611326
2.99577276990426
3.58193830968533
2.1730792314624
2.54827514446129
2.65848169070262
4.22092322030766
2.18132652702105
4.39952450533638
2.91816750384606
1.93705855381063
3.18494180287097
3.89619895485049
3.76594352185167
3.54143909072854
2.31384897591393
2.81290014000567
2.05141812021598
4.17369049820655
2.49761281614445
2.53350283955275
2.50913280888365
3.49001761190389
2.36091802399037
3.79429379029114
2.78455976786673
2.38547779516926
2.55293530778464
3.50010232248307
4.35509424195256
3.04453853519566
3.74852115921966
4.44799285122878
3.63965448612387
3.30743630662258
3.4966298411366
3.44953277927847
3.60072360826789
2.90709403055008
3.70807149210215
2.65151415639314
3.09482269553577
3.92503625851482
2.6410431981779
3.53570400285387
3.53567592391467
2.8830546688671
2.18633367510849
3.96003563245142
1.51179103617262
2.09259532388983
3.96847850210177
3.24138156055569
2.86538580371984
3.44427940372965
3.67519120045645
3.76742253667061
2.09623804170028
2.7837517014668
2.3895253433456
2.25498784281597
2.52905636141479
4.37752442788707
1.72665787742258
2.81692045874658
2.56137206680715
3.20150208322644
2.65457636417523
2.03600216176935
2.70671391250525
2.25498784281597
3.77443384992503
3.30962435155985
3.06275334288685
3.73624627731066
3.74852115921966
4.04180846086497
3.64053062759428
2.88180842781608
3.01397783576497
2.97847392642247
3.19477989031855
3.44295897566535
3.79640371304854
2.47304025960924
3.3282826302688
3.05961486289988
2.95187320473737
2.7355423050213
3.42438375583124
3.31165353916188
3.26694069765291
4.21801902199653
2.83660306682619
2.78655859752082
2.12371694147529
3.29157069433989
3.27403115658588
4.43813720158232
3.36660151798814
3.96427228382544
2.41607509332687
2.59321621504395
2.28442253264026
4.25661944618763
3.10462042566706
2.9905498048871
1.36848412008685
2.60261048890016
2.87104385736103
3.07135836276563
3.32630704566604
2.79685466270632
2.35082916869337
4.03491152983298
2.49057851517072
3.96350313551476
3.38340601828247
3.42005368137988
3.11676994123832
2.61637140376821
3.8498449387503
3.07266862826015
3.03491475480691
4.48367816867796
3.59200298695131
2.17298800404355
3.71439505701203
2.85626805740286
2.56614772205728
2.90189446910534
3.62934569091856
2.18671510499431
3.24614507731545
4.37958177743506
3.10488163367762
3.86392167990358
4.5068124875858
3.66689143639569
2.71269340396786
3.82800654808101
2.72667787072803
2.25704519236396
3.34431487935174
3.01653053548074
3.71172257124842
3.9620730774862
3.34431487935174
3.55153700378531
2.47001520907137
3.50145005158949
2.76330251071668
2.35016810051457
2.71333191330658
3.67214054912858
1.91093342931438
2.7598050868966
3.39632142532389
2.74904507850306
3.29597079755426
2.46041321024673
2.5465573230053
2.99828339269457
3.9559270525752
4.25661944618763
3.20918430105753
3.66464867046253
3.62148935809754
3.62148935809754
3.53337447808703
2.58488423415038
2.60206285387984
3.6563231884483
3.1187065699479
3.72714867046253
3.98891097831638
3.52057911505879
3.8912747014082
3.52057911505879
2.65165470211113
3.78591045020464
4.37514803089033
4.79034440765224
4.00580275922798
4.55571969154261
3.83717033565225
3.54868769202249
3.60210530510803
3.83089984205441
3.63548211212716
4.29231088224724
3.24346670292562
4.85513143084137
2.69673688026929
2.16572567638217
3.71887067356207
5.39654319614235
3.84586540406384
3.91074011377588
3.16428626539935
3.87361394361097
3.89337202453388
3.82824506412707
4.12902545447809
4.21353580317287
3.75698461552204
3.39720993015655
2.21433126286135
3.5876286332164
3.74350777232456
3.95050656821136
4.07405749564695
3.87636657740109
4.34652186596183
3.77249903415074
3.79180145616835
4.45403589284227
3.73578595329805
4.09482975790665
3.8783860200003
3.62269740534543
4.51991311000658
3.11990754085647
3.97117255994596
2.88163825107466
3.5887629381505
4.77032065305541
4.2529489195325
3.79659091019118
4.96681057655299
4.58936028285518
3.37122937807858
4.58129193869351
3.00794709847688
3.09579919606595
4.29175766271347
3.93872747158716
3.81225422186289
4.09836616723049
3.70518305942283
3.85995123274478
2.97318776575248
3.37831523652698
3.13692736731915
3.00890054803319
2.74763617036404
4.84612683969431
2.51690386761986
2.49061764181285
2.35200405686916
4.33618695061976
3.81285146601115
2.68535577855749
3.08588647071981
3.53761254040909
4.14461732192134
5.10325589449703
4.55789082231079
5.06546824469584
4.08508875781366
3.79180145616835
3.55155318358524
3.98876114340834
3.71265246149249
3.95835803477867
3.20990415502598
5.0022291260138
4.1016428265593
4.06904187791001
4.01990439829624
4.36232917955533
1.49454476131916
4.18925980841266
5.1041133554433
4.01708478623929
3.55652868091668
4.61265447622846
3.84723896266777
4.23995095939256
3.56405195330201
2.42356450825304
3.30839739934899
4.56512589477596
3.47659274408256
5.35071621363159
3.59592613248129
2.65206969741325
4.31375444036425
5.45341388388874
3.93784668825236
4.16230677899583
3.79092866178968
3.82593303705024
3.3918921437254
4.60025470158818
3.37158651008112
3.56165032901426
3.51752438961994
3.73446493029848
1.30150771026317
3.87364520267795
3.76935348899779
3.48987644057349
4.41146530434523
3.83779699647775
3.90537973597658
3.91851222913232
4.02496758445763
4.4123152564169
3.39044421205329
4.09932397070384
4.47397822143466
4.21689875353428
4.52288263682031
3.92654457386831
4.26496044933531
3.34906436148191
3.75426863075295
3.82316939738171
3.9815172216873
3.38247469971209
3.50456344261164
4.23610461641018
3.6070729174284
3.94113820981998
2.92126280588303
2.08669950989544
4.10415414699413
2.76692636496438
4.02183011570956
3.81605568654469
3.81086684534882
4.0180889697824
3.87058146240003
4.00329436777894
3.74257529088867
1.7406305081239
2.8459971700683
3.95237812357855
2.39694537611958
3.3388299958816
2.34966687900082
4.21829491120091
3.6713691921497
3.07274496779381
2.58200327629701
2.13027720660772
4.41608758434408
4.8668392805981
4.6199682719251
4.4136728131452
4.02496758445763
4.31825488610296
4.58917653232598
3.32957600821605
3.64004192959083
3.68904255525344
3.22720691437966
4.12038551149988
4.47606438310672
2.42302835857485
2.90585636614019
3.00960296186548
3.39601779365461
2.96246969204364
3.35965408000896
3.71700298695131
3.0857155421517
3.66360070825132
2.85945418258676
2.63195576216975
2.36744209697649
2.75560097921431
2.66460543753468
3.9337596654944
2.81967579893694
4.00392116806486
2.43892620908743
2.59321621504395
2.76814597011722
4.29626833042705
3.58834386314402
3.10554059310651
1.88869880875452
2.57975937313959
2.55490543995514
3.85358851401043
3.36595592990547
2.83650354694575
2.87104385736103
4.20771596202658
2.30244626927619
3.58938184865716
2.77398029923127
2.96233899271221
2.74729817329874
3.22579712281942
4.33356837622726
3.09551974402073
3.81714490605171
4.48367816867796
3.24915353916188
2.88228613946317
4.00768235865735
2.54012963999697
3.07570102474008
2.90189446910534
3.66899457515799
2.18671510499431
3.28579396155489
3.9218670887674
3.14453051791705
3.31699596085237
4.25317407017992
3.30820483602652
3.02883182137375
3.75878720284095
2.47303945332214
2.57318360976985
3.4989177147028
3.43670373718042
3.16479685219722
4.00172196172563
2.91234311141217
3.0471594676974
2.76330251071668
3.25666006395731
3.056589812362
2.10748568703431
2.10390619425538
4.077489996918
1.30150771026317
2.75980508689661
3.27907041692985
3.35847079755426
2.74904507850306
2.16712590860141
2.55751332693093
2.462313677569
3.63978863516931
4.00298102878174
3.52532271846341
3.50022128344019
4.11043220769702
3.81714490605171
3.47836707278103
2.70450287268416
2.62491396964042
3.10939746939709
2.80256815254202
3.20693398179487
3.67277256091049
3.06286442639113
3.5226454957829
3.35615172803645
2.30609940252891
2.76435657471161
4.09189228962847
2.27441669476548
2.00062734242574
4.27232678627663
2.92171743720354
3.39725579189103
2.2186460766707
1.46643650822659
2.81485339671519
3.65756026991522
3.57950346379026
4.49326595140892
3.18197053183489
2.84495761112088
3.78101806657615
4.35078440547014
3.65454293248757
3.37830244593614
3.10484982125137
2.97715997639219
2.29228263143042
3.95031814809391
2.87400115256467
2.67321138433213
2.52084025725345
3.6049496888409
2.38167620608459
3.09211639863712
2.90843161358022
2.92759911652163
3.58267154366849
3.23011798812981
3.63967125414027
3.19013956997056
2.88661465795158
4.62879167956066
2.7008817258263
2.61912156048114
3.74047112360108
3.26232517009435
3.08986281323808
3.62485417511563
4.10587014174664
2.93573843523107
3.88989091448337
3.49458307504998
2.58862040774701
3.22156210768483
3.34208340469251
3.83225929364992
3.15829860883285
3.00547100858815
2.7475032252889
1.55704476131916
2.80346751192328
2.20140456762677
3.27102688677385
3.93948396002592
2.80346751192328
3.01068963635685
3.01847816241444
3.9679904147975
3.31176546405976
0.976221301774459
2.90779173260739
2.86797058520024
2.25704519236396
2.6717731497378
3.50267332017656
2.89839386744894
2.87554275168837
2.81206874922903
0.975061554297881
1.17314920658126
4.2621458115273
4.35078440547014
3.87312609515181
3.23290587792838
3.47318926124222
3.47318926124222
3.92816233267382
2.81169368992532
2.9827360263238
3.44880462393931
2.16864705347781
3.23290587792838
4.43568106846515
1.68448892501986
2.1824518035907
1.68448892501986
2.68494138068481
2.46861048096874
3.22853033317689
3.05371752822041
2.99906955106088
3.38988876453041
2.17039643562555
3.33516634713114
1.6757156585553
2.45392271293608
1.97554769057348
3.13965373556992
2.71289372500569
4.13057887659188
2.96468284293719
2.46039403841922
3.58290599865266
3.60291165320517
3.65322817527738
3.57455936888501
2.66696758609925
2.22260893359365
1.57256039134862
3.48125317899527
2.58151606736728
3.11822999618726
1.68462253749274
3.51622156694081
2.62255855096284
3.12679447665045
2.5485776379844
2.64772530108181
3.05841535680215
2.98018108589569
4.13733071241499
2.89765448477316
2.36870812360628
5.06768773267587
3.31454537098993
3.06414017233627
3.37763199162298
2.83785232717411
3.46629570346108
3.20038133219539
3.6813972988264
2.6846344345496
3.41478419045684
4.09729071628799
1.86889816766521
3.59296767240762
4.06070983831593
3.20738176624518
2.73478507702325
3.54571548693394
2.27961591034752
2.38071937790586
3.33457635822101
3.03120174295339
2.47573910523602
3.51597042821632
3.33457635822101
3.53567592391467
2.15065234355727
3.10138067601293
2.45092849300038
1.79902962930329
2.52905636141479
3.69077891272907
1.72665787742258
1.77746003829009
2.63069116785778
2.08283844730242
2.05998733154185
2.26605034473263
1.96254775900738
2.16063541129076
3.83767296860706
3.60291165320517
3.12525334288685
3.83059870883586
2.95528272689691
2.95528272689691
3.33901161257293
3.33395512629991
3.35113374602937
3.21022053917842
2.2185585885441
3.83059870883586
4.01034193648705
2.68293113365499
3.0536267200044
2.68293113365499
3.40268235342288
2.99811233502476
3.03529717003679
3.76246268784739
3.87439122151862
3.05301588502053
3.38025476782542
3.66416374755104
2.67321772790731
3.33407782857952
2.72168203333671
4.53940774098148
2.32834932413154
3.33478073855639
3.11350427608296
2.52359438105331
4.19373849843232
3.33384059927326
3.9396405556262
4.29044005162795
3.27780008587893
2.96331245246571
2.9723143967602
4.30472917622635
2.61718932903405
3.83411067893022
3.08437654290431
3.99828711445008
3.33937855624527
3.66328517850424
2.91047663067937
3.12979084859108
3.59398509120034
3.29531774074502
4.5894656755586
2.93332774643994
3.76846212901784
5.78356841541882
3.76668033413355
3.78002085507922
2.58321254944824
1.88521822139895
4.18217638620403
2.36347853018626
2.76624175939517
3.40145443983204
2.5361935764319
4.54942567943159
3.26865217307678
4.04510263555122
4.45034480145954
4.05783985297551
1.44768597966216
3.99785045007755
0.879861904935957
2.77035434104947
3.94431200765546
3.68552174823583
3.67722776361302
2.89902643107457
3.94431200765546
4.14057812816341
1.55791137081923
2.65359715645675
1.85119867246453
2.45421592364358
2.20759109150109
4.34596520706936
2.06265111444268
2.5235943810533
2.25033203431545
3.42191805288249
3.39906693712192
2.59513790322521
2.84270287465082
3.04079052693422
3.02462257731478
3.33384059927326
2.92858805710328
4.54942567943159
4.35503673230848
4.35503673230848
3.38798300835608
4.05077513158233
4.06795375131179
3.30656820067671
2.50618823973065
4.54942567943159
2.99071690562162
3.55825280411273
3.92244478199673
3.55825280411273
2.30244626927618
1.86889816766521
3.31169711543467
2.33913997403865
2.45106850770988
3.94888736146352
2.34190818537908
2.60466293013624
2.32779321273706
2.39744347793896
2.48604897349346
4.04849050309851
3.36660151798814
4.05185307540828
2.41163337705393
2.59321621504395
3.52272796132918
4.25661944618763
3.26776372946519
3.58968639843373
2.64328079996648
3.02545819561949
2.37634897591393
3.82463003840292
2.74583980222235
3.56529195656777
2.06021055850804
3.92593704761178
3.26106600539418
3.06558715909051
3.10162710386766
2.9341984957033
3.78891877379705
2.5321798029757
3.85691444956608
2.49220138481646
2.71302430555341
5.26111127565049
3.6403971941435
3.0502935273845
3.28831730907217
2.47463578826178
3.23471259955032
2.81431367752249
3.83271968060608
3.17228460170902
3.62934569091856
4.014989996918
2.61018675223052
3.71474322429941
4.07561160707595
3.84362216784721
2.03161969383383
3.56345625453194
2.15065234355727
1.82584431185411
3.89050654808101
2.91234311141217
3.21702768980132
3.34349936735217
3.89050654808101
3.98273788429518
2.57506339203465
3.28751182815099
3.16163799532529
1.78619542761468
2.42004461166127
3.19737890661223
1.61764612766906
2.55839750709482
3.48922258030329
2.25435019705596
2.80127591610716
2.16712590860141
1.65243010660436
2.10415617629364
3.86834626099235
4.25661944618763
3.20918430105753
4.07653068580738
3.29959890884404
3.29959890884404
3.77165437442635
3.00728663653463
3.22935819413757
3.03774947831426
2.71971167652381
4.13903068580738
3.90133018673352
2.70470692511577
3.44227587457636
2.70470692511577
2.46033848238351
3.50898645569339
3.6691383862024
4.3057408862793
4.35749922408382
3.63450643837114
3.85658387209522
4.23036976695806
3.7285019441401
4.365129997164
3.89858905393054
4.93065860709626
2.87109016347735
4.6060876517837
3.44566873845574
3.38436298424127
4.33472967879308
4.60514751250057
4.05883881290842
4.93874293140662
3.94617634062247
4.07191839154729
4.19836577187558
4.06370320752935
3.67978107245296
4.9471657121739
3.67815108320791
4.07339956315897
3.00762193309789
3.99203604461902
4.03556837409828
4.23385006872367
4.72010114999458
3.79536547339366
4.72000098649193
3.42614265504707
3.52743616032085
5.85868086412771
4.84315367735544
4.32329905351114
3.48858016891238
2.99049667116325
4.74838240561106
3.29894586854806
3.64692534251205
4.38850514008114
3.41687715954878
5.58440107546748
4.37974959708053
4.94704393273578
5.58632765567835
5.20105553123583
1.774429880547
5.10208505946026
1.99426892552979
3.23162967482216
5.03278900900565
4.22879994666774
4.57916906079758
3.44176727042037
5.03278900900565
5.1875571823276
2.41867997400718
2.94269957839667
2.86886716828597
3.48526809222805
3.36524225481742
4.84291201312957
3.16754033667826
3.42721789943504
1.4863019558999
3.91473296148961
4.46165868054081
3.43665064913564
3.6201166258294
4.07184269551868
4.2461286141848
4.60514751250057
3.58293554887835
5.62338214434509
4.11401076361148
4.11401076361148
3.80056981592487
4.38293959395511
4.40011821368458
4.45647836950394
3.66313378330396
5.68588214434509
3.57220745897222
4.61113764148971
4.84742185505115
4.61113764148971
3.76147582657955
3.13968860628653
2.97279717003679
4.28653729113802
3.81189122151862
3.34630318666584
3.15195432099177
3.60166374755104
2.87729399916908
3.04079052693421
3.01496933498202
4.58378152411326
1.7417747208409
3.33478073855639
2.87270776265705
2.29354619809002
4.58375648574305
3.33384059927326
4.32965854293693
4.6469664719553
3.71266365878602
3.38408660892269
3.06152542714374
4.93767200899648
2.75254179231582
3.92332170931375
3.5192401158114
4.16139864950052
3.76067202940195
3.18471251563524
2.75254179231582
2.83650354694576
3.11541242833134
3.66492895085311
4.96139428310889
2.7128929080764
4.45190130365967
5.84680753410085
3.38418200210469
4.41296368784936
2.85139400227983
2.47179282468959
4.70625098949467
2.22264137760652
2.76624175939517
3.46469355851407
2.82948087807721
4.25613837778628
3.064575901815
3.28023151883468
4.45034480145954
3.76455255133019
1.38518597966216
3.99785045007755
0.293287301645321
2.71397689978939
4.63492139523989
4.02517727936064
2.91235664689649
2.89902643107456
4.04834679194926
4.14057812816341
1.62115048950125
2.71683627513879
2.2077250927919
2.45421592364358
2.50087839314641
4.87003981036
2.35593841608799
2.58683349973534
2.09343214168197
3.78805781780958
2.65455749546774
2.65837702190724
3.19922929497817
2.7475032252889
3.22956491146434
3.04055329762794
3.1593753587486
4.54942567943159
4.74518860530499
4.45190130365967
3.45122212703811
4.28156243322765
3.8271572378859
3.01328089903139
2.79947554137598
4.84271298107691
3.04572431092762
3.55825280411273
3.80745399377731
3.85154010575805
