5.65834895643505
6.57261888016911
6.20645238438822
6.56635151198322
6.62571870014634
6.65890401909261
4.12558630108266
5.12269249481713
4.14130444595906
5.91932024293632
4.56628531575557
5.58515624439445
5.94418984681766
6.36792842655036
4.70502850200102
7.55381414775788
4.89103913619551
4.68005722787671
5.27484148440681
7.39138757851805
7.04214062822651
5.78523632119238
6.08134424515247
7.15848158775295
7.71413533625426
3.97413767944542
2.36052844378702
2.65453203736418
2.39293336773727
2.7096086994545
3.77619635871124
6.07437108477439
4.79597146163231
4.59262477583323
4.39341786739261
4.54646770797901
2.75811719481539
3.59978875918855
2.77499724761387
5.59925638866433
2.17439624389252
3.18789587441027
3.53068210878422
2.70145757069739
3.07062311247501
2.39427214362934
3.95521037372056
3.8391067279725
2.41248716849867
1.4618602772541
1.05099071752873
4.05749284075899
3.27163145935967
4.96380302602747
2.94704358048478
5.21794491776635
3.28326170032018
3.03180758637454
4.35133963055863
4.13986898362206
3.19905783401914
2.17204002409344
4.2428517076101
3.32785329500968
2.33907658778567
3.13995754900549
2.59489683689065
3.07823883527454
2.54055800831437
2.52090058051142
2.9420162282713
5.48075435902445
3.88031582880176
4.26121540802525
4.11997722828824
4.68694735814299
2.76138928618882
3.42181738495881
3.23629779372136
5.3763140429818
3.07062311247501
2.04572175972517
4.09838383522118
3.24202493964301
2.9864926281816
2.47677788066936
3.10325964898842
2.26183031669113
2.84832162124738
1.31147162194445
2.27883655993517
4.81757469068832
4.46612512662951
5.68707708210166
2.74388160305459
5.05149080612391
3.35112915285911
2.04572175972517
2.30760920306933
4.00021841774815
2.46829385849525
4.09391272692222
3.51812898180577
3.51532145019405
1.88482219734215
4.11186482294375
1.81427915355617
2.52719511045369
3.12402966946747
3.19295069783839
3.90970277905064
6.25860021996661
4.84521709351486
5.24834683020765
3.99201001551408
3.34448260677594
3.32619171336059
3.24887920073187
2.47589814101999
5.24834683020765
1.85772091217529
3.84361792878469
3.84735744050144
3.43073305858609
3.00170208410409
