2.61342962317695
3.7217817020226
2.4465342929554
1.11499265598213
2.61342962317695
2.61512492514742
2.61342962317695
1.11499265598213
1.11499265598213
1.11499265598213
2.4465342929554
3.27206186357165
4.32422702054435
1.66024480716936
0.944822176957371
4.12568564323949
3.72155327590504
3.28719033907056
0
3.71362570575339
5.10303419779018
2.49109992115696
0.944822176957371
4.40840085971105
4.14169966169851
3.72875418125229
0.944822176957371
4.29524332561199
3.12981722315144
0
2.49109992115696
4.7199076063746
4.53439365728925
4.3103718011109
1.66024480716936
