8.40422933107342
6.18523914306635
9.66172884406027
8.40882611562598
5.03470085002112
9.18191509557928
4.61192767929703
7.94434051398506
7.56677767185253
6.36273093054516
4.05327535573387
9.104214414898
3.55703282466661
5.22578473737756
5.60266612813583
6.34754218940964
8.62290906930678
7.37569378449609
6.46152481400306
5.63326934299821
10.1103673374636
5.61506761651561
8.82032391842228
6.19810704921615
7.03406993430274
9.14133724045305
6.6088190507015
8.42381025094127
6.50437401711626
6.21730487327753
5.24554377999323
8.686179136357
7.82695973937945
8.50343334458413
5.07493016872066
7.89411433375479
5.83303501335867
5.92133458441571
7.01813092931756
5.81891881169084
8.35116471302896
9.51739481091651
8.98769889373003
8.8718286050496
8.25604952243656
5.18101491582192
11.1699870436381
7.68872931171779
7.70729371419193
10.7693248624024
7.51727676627184
8.43970423054976
9.96098255537762
8.20683512366703
11.1228965301788
7.71367337951015
8.22140296496129
11.1553235619212
10.0917716409595
6.75485239008232
10.3660318022731
11.1698914032155
11.2316064551276
10.3199068237484
7.49750700644637
7.01249411712344
8.12412051477624
10.8223093174778
6.19598797302434
11.9217916124151
6.77768828197965
10.6935850759978
10.4315898703402
7.19570718055532
10.1103412678706
8.05099986616506
9.61380437611705
11.0539959396278
8.54755474291242
8.09526414047271
6.78390108332551
4.92245794563046
10.1817028101961
7.23321437194187
10.4345013333339
10.5086960320627
8.16919946947236
10.271476627799
6.77153412008576
7.73556006318966
6.9089608527924
7.6042874923769
7.62666265340507
7.98331872800144
10.051037668979
7.42567121439671
9.87782853140513
10.7711511528665
7.11693223321363
10.3292290709116
7.76705930215997
10.0622560785548
10.5718683578992
7.59439475350841
6.73621782977064
9.90972254288679
7.02645300140284
7.83703404049609
7.89874909240821
6.76490306277837
10.3315053148736
9.85176655061679
5.12405931306002
7.4640750763479
8.88148061144372
8.59640545541254
9.12627098102428
8.16266684436671
7.57617047441149
10.0297054889825
6.77748390515119
10.3760883806925
6.74957126401423
7.72860978262519
5.22128001188882
10.4304390271955
9.1342276698084
7.74813022088081
6.82586558217719
9.56069989958034
6.890708301649
7.18330987506008
10.4966849971108
6.91436357543978
9.1219995130237
10.1035830340398
9.27698382364254
9.94165946213644
9.98721441853837
4.65516130308452
