6.88842830676362
8.61840635866733
7.19616465665508
8.85554776966976
8.67716305979292
8.2373178598298
7.18558166193388
7.90829097399428
11.6950278437835
10.3778832923816
10.9596717756454
10.8425159853596
11.1767273301187
11.111759522722
10.6096405753499
11.7453778196352
10.915272745311
10.7997744961132
11.5597630755277
10.8563157050922
11.1291049534602
11.42299958375
9.4372193411258
8.34233318446233
9.67182274331195
7.25713282023012
8.04916858706493
7.78344954395933
9.42078821498573
8.06685284132425
9.40322185644114
7.92502060524142
9.01112242408487
7.74750590970456
7.62024659606393
7.11846865588239
9.01112242408487
7.33465457826716
9.28443039110923
8.11360282837864
9.20565805665438
7.66998415166752
7.82043823098124
7.87874048220594
9.20565805665438
7.25713282023012
8.85419484941107
6.77989005760959
8.43054373919189
7.05040734082036
7.1957151112498
7.56133418688626
8.79844090422966
7.21854567439338
9.14475600868489
7.20414623975407
8.84848243564683
7.42676807757034
7.49731083715148
7.93769492363624
9.14796451873378
7.59490641114337
9.50508324689161
8.06967851377872
9.43285121998599
7.25058213072077
7.76490450460122
6.93910527008939
9.20968559967794
8.06030215181489
9.46352669133287
7.41977965847698
8.80548653738292
7.44607878933119
7.00395460483676
6.680633315984
9.00220979642559
7.61421712290421
9.78004425133584
7.83260566965337
9.40069004524654
8.13242886407987
8.12577026705077
8.39001313570991
9.69385464264395
8.3005671976529
9.15770687194231
6.98540732516149
8.45566009695091
6.97019113715974
6.68063331598399
7.00395460483676
8.25893683790824
7.39015257567704
9.15820801752783
7.99871551448313
9.1030288410407
7.48428056307714
7.69394150530564
7.70864810230416
9.1030288410407
7.07142923163975
9.63211341465301
7.7810898409349
9.11687865166343
7.64107484518823
7.4879252435375
7.67483831286525
8.92543137258289
8.06103628370553
9.73514662046538
7.72137538437865
9.13278623895435
7.87033497147567
7.42821078698125
7.10488949812848
9.28039260572908
8.0384733050487
9.45386356892402
8.41136228484753
9.3812116503442
7.90853674522163
8.11819768745012
8.13290428444864
9.3812116503442
7.49568541378424
9.52243316988812
7.3709270214764
9.00813081280889
7.7186456612974
7.78675207511662
7.80926379553125
9.37602797784666
7.88678399487043
