4.88597133259375
2.37337598204506
2.59381593156954
4.23416186296398
4.27211108917078
4.28624303260148
3.18925286539996
3.95952638852638
4.43728209355224
4.0422089491919
3.70454982962073
3.57974080721984
4.6235629980688
4.25970687219223
3.02167691020505
3.68862037419076
5.36260790979244
4.51751985853235
3.78898116539224
5.65553369490488
5.24335663590654
5.11724815852462
4.72059107102685
5.92173875774149
3.70164297517744
4.24044595235839
3.84712158310404
3.37768752756585
4.52708764807643
4.5061335743943
4.90190078802371
3.92208292470191
3.94359693309642
3.70454982962073
4.30217248803143
3.47036614924656
3.83755379355996
4.97556762993249
3.24211685972952
3.59214502419839
4.79329271091304
3.48629560467653
4.97715157306994
3.82775145255936
4.29718550809755
4.92041201733077
4.68422578795749
4.46430053592587
5.02619964642506
5.41541531047622
2.53051353123427
3.23659304851863
4.51872534884709
1.19668365881343
5.15175559839184
1.85054746626189
1.96867102199567
3.83671923553742
2.289235012874
4.08803633809575
4.43624718940048
3.98719406134729
4.74473318859212
4.50345467023185
2.94460064107332
4.414413828067
2.23146761853767
1.48669134038531
2.64863708696805
5.12565334086791
2.20413604126302
2.1666574053577
4.79533398034279
2.91143368351006
2.82392308287034
3.94462642258824
3.65461874101636
2.53391540129846
4.09086938114367
3.55303785137866
2.269996746187
4.05055770219044
4.30848254846482
4.09007132121669
1.59003068121461
3.18777920874691
1.60926894790161
4.60382162209902
4.17313530970674
3.76055002061855
1.87664972378582
2.82091240302404
4.41835569862086
2.86140171877565
3.98210505849356
4.38087706271555
1.52416997629063
3.08987228251861
3.74898915898831
5.03112145931678
1.60900308945557
5.36144081984189
2.40990621754622
2.46725509751166
4.34730501252482
2.87670466400504
3.76055002061855
3.9230663177666
4.5601376506558
5.30409193987645
5.09092432136288
3.48256729217485
4.97377257935134
1.60900308945557
1.60900308945557
3.14722116248405
4.50318881178579
1.87664972378582
2.28896915442795
4.17286945126068
2.28896915442795
2.94623483194059
4.06693817165849
4.06693817165849
2.94623483194059
4.50318881178579
2.94623483194059
2.56933599529428
4.17286945126068
4.86784129974914
4.45323629212701
1.88936993032189
3.74713796003124
2.19673859903266
4.06693817165849
4.76060496083777
4.17286945126068
2.28896915442795
3.22660167280692
4.09086938114366
2.53391540129846
3.65461874101636
4.50318881178579
1.19668365881343
3.28940994997868
4.04655997517192
5.29706094423799
2.20412628200894
5.89181744570314
2.60944388500629
2.73319458243287
4.65336966110802
3.03224049512947
5.11511975992485
5.0672030608144
4.80384448691789
5.50362960733653
5.24646015248732
3.68950617264211
5.17331024681141
3.12707505622747
2.60596914908652
3.41316064740525
5.95021412540408
3.26749625721137
3.2859352140589
5.65466462391335
3.80704112119986
3.87073693220552
4.93478336938937
4.51755025447114
3.45350381728728
5.09831200433917
4.38550570572071
3.01613795103727
5.16069998526682
5.06737896720922
4.90003824786999
2.33617188606488
3.94667562749132
2.35227443015708
5.40799603715138
4.91614079196221
4.74346687034859
2.88409234698133
3.63087932967734
5.41066926141558
3.84596084173221
4.86845117316288
5.50015487141675
2.58753019223899
