23.578657933731
24.4488116359743
23.2160969121011
25.7277560160784
23.5802859467922
24.4651383159245
24.3767635281155
24.7097423916978
24.3890864136322
25.5461659421902
25.4995224275841
26.2268808181847
24.8906585291731
23.9116367973133
24.8723204310178
24.0653734161362
23.9952294896157
23.6622506260334
24.152207416903
23.5490757756834
24.5886544109344
24.9216332745167
25.2972419816132
24.9642631180309
24.7801020791468
23.3983515955372
11.4762128129959
12.7208394320411
9.79050771919182
12.015339330903
9.38430056538175
10.9372204306024
9.28310977988386
8.95013091630158
10.868511937504
12.3684123747799
11.6783027072809
12.3052205489724
10.4141701242573
11.1432339494136
12.9917279588343
11.2678752532444
11.5171153036865
11.8500941672688
11.2629757962376
9.45752885560954
11.5155270226096
11.1825481590273
10.8002460285626
11.1332248921449
9.83353949130982
