13.644909637349
13.2393845704534
6.34469909912914
5.8627738541887
14.0326761009393
13.5256557192549
13.5875730706554
12.466172226296
12.844472747379
13.4389233490997
12.7376715592344
6.78275162756454
13.7978605895054
14.0173080569865
12.2494335033918
12.9388875610907
5.70304429765785
6.74137775326803
13.2909744429756
13.9383638276101
5.61053793634171
13.6004566457716
13.8232844755271
14.5339157831193
12.6385675920479
5.69282044749161
14.0989321151943
14.4043813095465
13.0884803138251
13.3509696189585
12.8320120886685
12.7398682067148
7.23052135329547
13.2660735737931
13.5869309478866
13.5281821819772
14.3838358818445
13.0080340465272
13.3363242051213
13.3948991018363
12.8718594144599
14.6291324607519
12.9322447128255
13.6435451592207
6.91125830952276
13.1550726768932
6.81599739523004
5.90334076679921
12.3515997405055
7.28773381080683
12.7242160090285
14.153707295547
7.61916008992904
13.5297352788009
13.1811541214875
13.6684559719139
6.43534408045728
6.35096660305395
13.5243841651369
13.2005208146031
13.1241660281199
13.4680246438693
12.5470331410126
6.93698396679797
13.3780134212653
13.3558236643123
13.6814752589367
14.7507519965376
7.06644353688394
6.82488649906168
7.11115671426395
13.5216706974975
12.7410180311742
13.1902384748713
13.8023927712474
12.4964623140935
13.4524771904491
13.1779607435167
13.1616552967683
7.08693716357516
12.8807947571099
13.0335034808626
13.416705367081
13.6650914148008
6.92141238934909
6.84218973827591
12.4773704746486
12.6963074142191
13.2925180046813
12.4836836051617
3.25404454681077
4.69225300886526
10.9829144690622
11.8378481529196
3.98649023974248
5.07270927775788
3.80815167051093
3.54000411757725
2.87122792559623
2.64242558026832
3.44966289728354
11.1232189395314
4.49907036199745
5.24395067469121
4.99869709921085
2.11215667221621
10.4217442660722
10.6879230381856
4.11522425878552
5.00514671419909
11.1571588801986
3.93530430387478
3.72768738956336
5.38110375690265
2.53383565002075
10.9887543356512
5.46544675417736
3.7438857217036
4.24498989566795
3.94775399830915
2.95798960639131
3.39401953766557
11.9472013488354
2.65281386247327
4.60961479913797
3.45048986386367
6.44368222316312
4.88022243685253
3.85509597944982
5.16574640738932
4.39498459619211
6.40453581801737
3.38658181487942
5.37500084099688
12.142992223816
4.74202155090995
12.2110680546709
12.5058303337937
5.32622058917269
11.9940502865907
3.93415150537068
5.32294506259952
12.8779695440618
3.23505617794349
4.0599109447164
2.52400085666511
13.1287283880141
12.372167422918
5.0907403012122
4.0048716305489
5.24929316563432
4.2169739378505
3.3699566502991
11.584688920858
3.35541057732632
2.13239134132279
4.17550257981144
4.21369391889512
12.4656085098828
11.8222801477104
12.0638542551728
3.07959769757948
2.8513275053183
5.95688988909708
2.24737568353434
3.51123521926577
3.93815392326063
4.02879569729725
5.20109132517081
12.4488584436615
4.18176249286892
2.68604020612894
3.434750834077
4.81472736016936
11.5942733114775
12.329687925604
2.45161748632213
4.70841618750434
11.0802060448103
12.0990325752285
3.48708121537059
5.11768341179055
3.82431484915001
3.98079443249364
2.88580412531172
2.62081124650069
3.54468274906226
12.5288558866946
3.90255464825115
4.66134565220709
4.13698263703436
2.24268372257129
10.7625397427786
10.4636528543071
4.24575130914061
6.249494235184
11.5133189669462
4.09588025985568
3.99196940485538
4.56978333527933
2.75381057052477
11.2892704676887
4.53189521837079
4.47935728286031
2.89679594382679
3.99344485348803
1.60979565455013
3.59181304546757
11.3530411161823
2.08150665883746
3.89429178755341
2.57556823147811
6.17966726084115
5.0672318418187
3.1911347591153
5.00082793073246
5.02622664927735
5.59084860574673
3.37453968822828
4.43377979597705
12.3270106660463
4.76446040752574
11.714836433372
11.3567656889664
4.14097651131917
12.3909430323052
3.51244951995425
4.90124307718309
12.5633460140151
3.03848779820429
4.08019925247321
1.76660783273712
12.3570838603996
11.9619715054666
5.73046771303063
4.6410768255674
5.40938274046889
2.8042047264631
3.50280476690423
12.2055093854039
3.89523160075281
2.66459149193244
3.85553567105102
2.83474129679766
11.4600384567438
11.598009963832
13.082077741752
3.38445318381133
3.64663906365417
5.7324547721329
2.1620690608733
2.6349144606119
2.9969328782408
3.08757465227743
4.25987028015098
11.9102159749155
3.00085002103057
1.93719842006659
3.0908599869358
4.3489609744146
10.945405589082
11.6808202032085
2.82546144413134
5.47192309500716
11.1644378976165
12.3508774671139
2.70039089861083
4.9756165934504
4.58782175665283
4.72129891241561
2.97003597811792
3.32972076917402
3.7891466720456
13.0080252006082
3.86577736033674
5.43232084387804
4.19733387122655
2.90049240890567
10.5954098445544
11.0567847207761
4.90355999547498
6.71979138767197
11.3461890687219
4.51838717218214
4.4533869210637
3.56298891523797
3.07207178247045
12.1033233343461
3.4459497910558
4.8358303802318
3.43825220459633
3.65808407695189
2.15125191531968
3.76968901550547
10.7704432503447
3.02104351983687
3.28985473174275
3.46203036050979
5.41585232293482
5.29432366216383
3.53887000640351
4.49772706638966
5.11019122959187
5.60145849612559
3.46517585934916
4.31145056967889
11.9755577213022
4.62361687401859
11.7369164865668
12.392581204614
5.19368160959883
12.8740926850016
3.5041325966591
4.626488361253
12.7025412165196
3.32561698488642
3.54259665759309
2.59838874915525
12.345599244881
12.9111555425189
6.013826263391
5.08999333022467
6.12477126104234
3.78735962403568
3.62805937136626
11.6766088511455
4.18301807382254
3.4860117196415
2.8530716831955
2.54437877844795
11.4974663376304
11.908611869458
13.121045360873
3.60005983560186
3.64202030174482
6.21604804336727
2.54936919531335
3.52349243705812
2.97360300883238
3.26516315106558
4.23654041074256
12.7194623475839
4.02742479351164
1.06318098350555
4.26523689730642
5.42454145154768
11.5859153133565
12.321329927483
1.74109524318565
5.13972450275745
11.0114576586623
12.1638119108466
3.35642713694108
5.31732309060639
3.49795103729144
3.61589153801573
2.81428159042009
2.58916128929539
3.57648768948086
12.5700052089648
3.12002329278839
5.27034341079199
3.91847325616251
2.62288057024075
10.5085581535373
10.7228970601303
4.62594815681005
6.33432545863114
11.2439727676638
4.1456105355316
3.72829010518633
4.063416544813
2.58320232716638
11.7896394195627
4.12416744208805
4.62337268565037
3.04653864760537
4.13823751367051
1.4515580117023
3.89750900560775
11.1581294573853
2.32224880120641
3.74738327995637
2.22845807683073
6.07295689651688
4.96676606339538
3.71983882043359
4.65268809312616
4.45672187384829
5.35657695034588
4.00955430538579
3.77867773367395
12.5249548451119
5.25633097739374
11.4353996864951
11.405905188088
4.28164706825359
12.4869597564865
3.73317323464612
4.6722750113897
12.6066796896384
2.87530011176034
3.81654824408849
2.37453725607021
12.2990186843125
11.9244795259929
5.6050222693686
3.97115253418874
5.00593046500641
2.71247998938718
3.05516793052353
11.7925471108431
3.72896268798522
2.7939873252374
3.53128933422777
2.91309775979446
11.2633356897851
11.8572541696551
12.6350614676994
3.00550412158022
3.13416284421751
6.06327701045042
2.42499261594425
3.00112480163766
2.81292828861351
3.38959339861968
4.07586569052368
12.5028348314769
2.93685532698256
1.96507318479683
3.37665892086019
4.63475990833899
9.8325058293916
10.5832850535591
